4.0,96.0,1.0
4.0,2560.0,1.0
25579.0,5003.0,1.0
25579.0,7652.0,1.0
25579.0,8841.0,1.0
25579.0,8904.0,1.0
25579.0,9158.0,1.0
25579.0,4398.0,1.0
25579.0,773.0,1.0
25579.0,1367.0,1.0
25579.0,2093.0,1.0
25579.0,2274.0,1.0
25579.0,2968.0,1.0
25579.0,3803.0,1.0
25579.0,9964.0,1.0
25579.0,12342.0,1.0
25579.0,12373.0,1.0
25579.0,13822.0,1.0
25579.0,14841.0,1.0
25579.0,32076.0,1.0
25579.0,32323.0,1.0
25579.0,31567.0,1.0
25579.0,31608.0,1.0
25579.0,31708.0,1.0
25579.0,31967.0,1.0
25579.0,32015.0,1.0
25579.0,31485.0,1.0
25579.0,32694.0,1.0
25579.0,34693.0,1.0
25579.0,34704.0,1.0
25579.0,34743.0,1.0
25579.0,34749.0,1.0
25579.0,35190.0,1.0
25579.0,35334.0,1.0
25579.0,35365.0,1.0
25579.0,35424.0,1.0
25579.0,34644.0,1.0
25579.0,34322.0,1.0
25579.0,27530.0,1.0
25579.0,27779.0,1.0
25579.0,27794.0,1.0
25579.0,27982.0,1.0
25579.0,27082.0,1.0
25579.0,22208.0,1.0
25579.0,23395.0,1.0
25579.0,23757.0,1.0
25579.0,23868.0,1.0
25579.0,26712.0,1.0
25579.0,31402.0,1.0
25579.0,30816.0,1.0
25579.0,30873.0,1.0
25579.0,30929.0,1.0
25579.0,31026.0,1.0
25579.0,31206.0,1.0
25579.0,30078.0,1.0
25579.0,30031.0,1.0
25579.0,28927.0,1.0
25579.0,28350.0,1.0
25579.0,28382.0,1.0
25579.0,28710.0,1.0
25579.0,28858.0,1.0
25579.0,35569.0,1.0
25579.0,40820.0,1.0
25579.0,35637.0,1.0
25579.0,37524.0,1.0
25579.0,37709.0,1.0
25579.0,36224.0,1.0
25579.0,36251.0,1.0
25579.0,37276.0,1.0
25579.0,38749.0,1.0
25579.0,39512.0,1.0
25579.0,35624.0,1.0
25579.0,37757.0,1.0
25579.0,37811.0,1.0
25579.0,37916.0,1.0
25579.0,38460.0,1.0
25579.0,38606.0,1.0
25579.0,38283.0,1.0
25579.0,37198.0,1.0
25579.0,37286.0,1.0
25579.0,37440.0,1.0
25579.0,37603.0,1.0
25579.0,37666.0,1.0
25579.0,39648.0,1.0
25579.0,39770.0,1.0
25579.0,39420.0,1.0
25579.0,38775.0,1.0
25579.0,38921.0,1.0
25579.0,39025.0,1.0
25579.0,39063.0,1.0
25579.0,39075.0,1.0
25579.0,39429.0,1.0
25579.0,37179.0,1.0
25579.0,36074.0,1.0
25579.0,36170.0,1.0
25579.0,35968.0,1.0
25579.0,35711.0,1.0
25579.0,35791.0,1.0
25579.0,35800.0,1.0
25579.0,35848.0,1.0
25579.0,35930.0,1.0
25579.0,36282.0,1.0
25579.0,36837.0,1.0
25579.0,36957.0,1.0
25579.0,37068.0,1.0
25579.0,37108.0,1.0
25579.0,37129.0,1.0
25579.0,36327.0,1.0
25579.0,36355.0,1.0
25579.0,36453.0,1.0
25579.0,36513.0,1.0
25579.0,36548.0,1.0
25579.0,36635.0,1.0
25579.0,49875.0,1.0
25579.0,50540.0,1.0
25579.0,48063.0,1.0
25579.0,45622.0,1.0
25579.0,45834.0,1.0
25579.0,45977.0,1.0
25579.0,47202.0,1.0
25579.0,47374.0,1.0
25579.0,47805.0,1.0
25579.0,45317.0,1.0
25579.0,42192.0,1.0
25579.0,42259.0,1.0
25579.0,42352.0,1.0
25579.0,42363.0,1.0
25579.0,42416.0,1.0
25579.0,41832.0,1.0
25579.0,41763.0,1.0
25579.0,40602.0,1.0
25579.0,40725.0,1.0
25579.0,40875.0,1.0
25579.0,40881.0,1.0
25579.0,40925.0,1.0
25579.0,41014.0,1.0
25579.0,41494.0,1.0
25579.0,41736.0,1.0
25579.0,42440.0,1.0
25579.0,43672.0,1.0
25579.0,44154.0,1.0
25579.0,44365.0,1.0
25579.0,44901.0,1.0
25579.0,45002.0,1.0
25579.0,42997.0,1.0
25579.0,43036.0,1.0
25579.0,43274.0,1.0
25579.0,45363.0,1.0
25375.0,41968.0,1.0
25394.0,26590.0,1.0
25398.0,48525.0,1.0
25415.0,4956.0,1.0
25415.0,6923.0,1.0
25415.0,36176.0,1.0
25415.0,44255.0,1.0
25415.0,44319.0,1.0
25415.0,45694.0,1.0
25415.0,45929.0,1.0
25415.0,43496.0,1.0
25415.0,37593.0,1.0
25415.0,38250.0,1.0
25415.0,39334.0,1.0
25415.0,39437.0,1.0
25415.0,41842.0,1.0
25120.0,27223.0,1.0
25153.0,26486.0,1.0
25206.0,40275.0,1.0
25220.0,32418.0,1.0
25281.0,26918.0,1.0
25359.0,28279.0,1.0
25425.0,16419.0,1.0
22400.0,23681.0,1.0
22400.0,23449.0,1.0
22504.0,18951.0,1.0
22504.0,32951.0,1.0
22504.0,32957.0,1.0
22504.0,45589.0,1.0
22385.0,43150.0,1.0
22385.0,32719.0,1.0
22367.0,16234.0,1.0
22367.0,14090.0,1.0
22367.0,50294.0,1.0
22367.0,52191.0,1.0
22367.0,48395.0,1.0
22367.0,36029.0,1.0
22367.0,36594.0,1.0
22367.0,37266.0,1.0
22367.0,38290.0,1.0
22367.0,38491.0,1.0
22367.0,39802.0,1.0
22367.0,35783.0,1.0
22367.0,35608.0,1.0
22367.0,34236.0,1.0
22367.0,34262.0,1.0
22367.0,34825.0,1.0
22367.0,34846.0,1.0
22367.0,35153.0,1.0
22367.0,35431.0,1.0
22367.0,35739.0,1.0
22367.0,46029.0,1.0
22367.0,47186.0,1.0
22367.0,47821.0,1.0
22367.0,47966.0,1.0
22367.0,44662.0,1.0
22367.0,40494.0,1.0
22367.0,40665.0,1.0
22367.0,40716.0,1.0
22367.0,41000.0,1.0
22367.0,41250.0,1.0
22367.0,32357.0,1.0
22367.0,32298.0,1.0
22367.0,4923.0,1.0
22367.0,27758.0,1.0
22367.0,27918.0,1.0
22367.0,31319.0,1.0
22367.0,31414.0,1.0
22367.0,31949.0,1.0
22367.0,26535.0,1.0
22367.0,26366.0,1.0
22367.0,7626.0,1.0
22367.0,16122.0,1.0
22367.0,20420.0,1.0
22682.0,40820.0,1.0
22682.0,44051.0,1.0
22733.0,23743.0,1.0
22733.0,24099.0,1.0
22784.0,12476.0,1.0
22806.0,26460.0,1.0
22522.0,36926.0,1.0
22522.0,40535.0,1.0
22522.0,40900.0,1.0
22545.0,26370.0,1.0
22624.0,23619.0,1.0
22879.0,44245.0,1.0
23274.0,25262.0,1.0
23293.0,8520.0,1.0
23481.0,47350.0,1.0
23506.0,44100.0,1.0
23506.0,45993.0,1.0
23506.0,51944.0,1.0
23149.0,52155.0,1.0
23149.0,45017.0,1.0
23149.0,32459.0,1.0
23149.0,44175.0,1.0
23188.0,1333.0,1.0
23188.0,44935.0,1.0
23188.0,47933.0,1.0
23203.0,36204.0,1.0
23254.0,20860.0,1.0
24765.0,26416.0,1.0
24937.0,25181.0,1.0
24966.0,23943.0,1.0
24987.0,26671.0,1.0
24991.0,26664.0,1.0
23523.0,2080.0,1.0
23554.0,39276.0,1.0
23580.0,9701.0,1.0
24599.0,35152.0,1.0
24645.0,43371.0,1.0
24698.0,3430.0,1.0
23087.0,27572.0,1.0
23087.0,28505.0,1.0
23087.0,30234.0,1.0
23087.0,34481.0,1.0
23087.0,14232.0,1.0
23087.0,15416.0,1.0
23087.0,44318.0,1.0
23087.0,35472.0,1.0
23087.0,40561.0,1.0
23087.0,41804.0,1.0
23087.0,41989.0,1.0
22916.0,7013.0,1.0
22922.0,23849.0,1.0
22976.0,26494.0,1.0
22976.0,27158.0,1.0
23035.0,31388.0,1.0
23059.0,25167.0,1.0
23067.0,23967.0,1.0
26143.0,74.0,1.0
26297.0,10490.0,1.0
26120.0,16763.0,1.0
26088.0,31385.0,1.0
26046.0,23175.0,1.0
25619.0,27726.0,1.0
25659.0,29994.0,1.0
25723.0,27861.0,1.0
25847.0,20313.0,1.0
25868.0,27392.0,1.0
26476.0,27940.0,1.0
26648.0,30929.0,1.0
26648.0,31231.0,1.0
26648.0,25326.0,1.0
26648.0,8376.0,1.0
26648.0,8886.0,1.0
26648.0,9907.0,1.0
26648.0,11220.0,1.0
26648.0,8048.0,1.0
26648.0,13945.0,1.0
26648.0,30972.0,1.0
26648.0,31365.0,1.0
26648.0,30361.0,1.0
26648.0,30389.0,1.0
26648.0,30469.0,1.0
26648.0,30501.0,1.0
26648.0,30507.0,1.0
26648.0,30522.0,1.0
26648.0,30796.0,1.0
26648.0,34463.0,1.0
26648.0,34494.0,1.0
26648.0,34513.0,1.0
26648.0,35168.0,1.0
26648.0,35178.0,1.0
26648.0,35991.0,1.0
26648.0,36017.0,1.0
26648.0,32706.0,1.0
26648.0,31896.0,1.0
26648.0,32209.0,1.0
26648.0,32423.0,1.0
26648.0,32469.0,1.0
26648.0,19495.0,1.0
26648.0,19804.0,1.0
26648.0,21937.0,1.0
26648.0,23560.0,1.0
26648.0,23799.0,1.0
26648.0,18586.0,1.0
26648.0,14178.0,1.0
26648.0,14556.0,1.0
26648.0,18432.0,1.0
26648.0,28787.0,1.0
26648.0,28865.0,1.0
26648.0,28909.0,1.0
26648.0,29984.0,1.0
26648.0,30093.0,1.0
26648.0,30133.0,1.0
26648.0,28749.0,1.0
26648.0,27202.0,1.0
26648.0,27814.0,1.0
26648.0,28179.0,1.0
26648.0,28415.0,1.0
26648.0,28601.0,1.0
26648.0,37265.0,1.0
26648.0,42905.0,1.0
26536.0,38416.0,1.0
26587.0,37284.0,1.0
25597.0,35889.0,1.0
25597.0,38760.0,1.0
25597.0,39009.0,1.0
25597.0,39049.0,1.0
25597.0,39456.0,1.0
25597.0,39512.0,1.0
25597.0,37459.0,1.0
25597.0,37557.0,1.0
25597.0,37651.0,1.0
25597.0,37802.0,1.0
25597.0,38015.0,1.0
25597.0,46171.0,1.0
25597.0,47722.0,1.0
25597.0,47752.0,1.0
25597.0,47839.0,1.0
25597.0,48450.0,1.0
25597.0,45576.0,1.0
25597.0,45462.0,1.0
25597.0,40312.0,1.0
25597.0,41270.0,1.0
25597.0,41908.0,1.0
25597.0,42946.0,1.0
25597.0,37385.0,1.0
25597.0,37309.0,1.0
25597.0,36535.0,1.0
25597.0,14190.0,1.0
25597.0,31328.0,1.0
25597.0,31972.0,1.0
25597.0,32149.0,1.0
25597.0,34361.0,1.0
25597.0,36288.0,1.0
25597.0,36330.0,1.0
25597.0,36746.0,1.0
25597.0,36797.0,1.0
25597.0,37221.0,1.0
25597.0,32805.0,1.0
25597.0,34863.0,1.0
25597.0,35336.0,1.0
25597.0,35680.0,1.0
25597.0,37329.0,1.0
16777.0,47243.0,1.0
16778.0,1367.0,1.0
16852.0,22456.0,1.0
16878.0,13910.0,1.0
16889.0,7119.0,1.0
16894.0,28897.0,1.0
16952.0,18943.0,1.0
16959.0,47449.0,1.0
16965.0,6788.0,1.0
16965.0,18950.0,1.0
16419.0,20473.0,1.0
16577.0,10461.0,1.0
16672.0,14886.0,1.0
16700.0,19915.0,1.0
16700.0,22489.0,1.0
16711.0,18628.0,1.0
17218.0,19223.0,1.0
17355.0,22068.0,1.0
17358.0,7087.0,1.0
17358.0,19477.0,1.0
16968.0,13554.0,1.0
16968.0,17608.0,1.0
17044.0,18635.0,1.0
17062.0,19042.0,1.0
17062.0,19044.0,1.0
17070.0,9089.0,1.0
15636.0,15538.0,1.0
15649.0,8739.0,1.0
15936.0,16920.0,1.0
15949.0,18173.0,1.0
15288.0,45893.0,1.0
15288.0,44879.0,1.0
15288.0,34888.0,1.0
15288.0,41755.0,1.0
15288.0,42400.0,1.0
15288.0,4762.0,1.0
15288.0,17530.0,1.0
15288.0,18573.0,1.0
15288.0,19625.0,1.0
15288.0,19784.0,1.0
15288.0,23504.0,1.0
15288.0,44876.0,1.0
15483.0,8420.0,1.0
15574.0,17695.0,1.0
15961.0,35213.0,1.0
15977.0,28672.0,1.0
15977.0,52027.0,1.0
16282.0,20006.0,1.0
16201.0,38383.0,1.0
16194.0,14683.0,1.0
16003.0,5268.0,1.0
16003.0,19813.0,1.0
17394.0,19298.0,1.0
17494.0,19362.0,1.0
18322.0,5986.0,1.0
18331.0,9663.0,1.0
18335.0,18420.0,1.0
18335.0,22170.0,1.0
18335.0,34272.0,1.0
18008.0,25280.0,1.0
18008.0,46071.0,1.0
18008.0,19943.0,1.0
18012.0,26947.0,1.0
18381.0,45514.0,1.0
18404.0,15282.0,1.0
18414.0,20001.0,1.0
18450.0,20092.0,1.0
18519.0,6114.0,1.0
17572.0,28230.0,1.0
17572.0,415.0,1.0
17572.0,16490.0,1.0
17575.0,40278.0,1.0
17590.0,19353.0,1.0
17748.0,19974.0,1.0
17811.0,44214.0,1.0
17526.0,39327.0,1.0
17546.0,20003.0,1.0
17834.0,40207.0,1.0
17834.0,43009.0,1.0
17948.0,20835.0,1.0
17960.0,19776.0,1.0
17986.0,47525.0,1.0
17914.0,41380.0,1.0
13949.0,16313.0,1.0
13967.0,16864.0,1.0
13967.0,27390.0,1.0
13521.0,16198.0,1.0
13630.0,4972.0,1.0
13995.0,34205.0,1.0
14160.0,16313.0,1.0
14205.0,15004.0,1.0
14436.0,16825.0,1.0
14071.0,1959.0,1.0
14002.0,8095.0,1.0
14002.0,22241.0,1.0
14002.0,22770.0,1.0
14008.0,16277.0,1.0
14018.0,16479.0,1.0
14064.0,10864.0,1.0
14114.0,6798.0,1.0
11957.0,25249.0,1.0
11957.0,15238.0,1.0
11993.0,8080.0,1.0
12033.0,15460.0,1.0
12034.0,16096.0,1.0
13133.0,1990.0,1.0
11905.0,13652.0,1.0
11777.0,1770.0,1.0
11795.0,14707.0,1.0
11798.0,1367.0,1.0
11849.0,13798.0,1.0
11870.0,15445.0,1.0
13187.0,23513.0,1.0
13418.0,18168.0,1.0
13464.0,23964.0,1.0
13464.0,26764.0,1.0
13190.0,4409.0,1.0
13333.0,15278.0,1.0
13388.0,10674.0,1.0
15099.0,17422.0,1.0
15118.0,8531.0,1.0
15184.0,7477.0,1.0
15184.0,50080.0,1.0
15249.0,14745.0,1.0
15272.0,17584.0,1.0
15040.0,16414.0,1.0
14819.0,23757.0,1.0
14911.0,2839.0,1.0
14912.0,8263.0,1.0
14912.0,6180.0,1.0
14765.0,18001.0,1.0
14582.0,28446.0,1.0
14582.0,7209.0,1.0
14582.0,23964.0,1.0
14582.0,28907.0,1.0
14582.0,31055.0,1.0
14582.0,32720.0,1.0
14582.0,34598.0,1.0
14582.0,27965.0,1.0
14582.0,27801.0,1.0
14582.0,25123.0,1.0
14467.0,7287.0,1.0
14508.0,13720.0,1.0
14740.0,17921.0,1.0
14740.0,19845.0,1.0
14749.0,17156.0,1.0
14736.0,13976.0,1.0
14622.0,36099.0,1.0
14651.0,19679.0,1.0
14696.0,42318.0,1.0
18544.0,21969.0,1.0
18604.0,22073.0,1.0
18604.0,39193.0,1.0
18604.0,26964.0,1.0
18604.0,3435.0,1.0
18604.0,22452.0,1.0
18604.0,22258.0,1.0
18604.0,9193.0,1.0
18604.0,21905.0,1.0
18604.0,22086.0,1.0
18604.0,22224.0,1.0
21289.0,40697.0,1.0
21289.0,47977.0,1.0
21289.0,50302.0,1.0
21289.0,50324.0,1.0
21289.0,50460.0,1.0
21289.0,50724.0,1.0
21289.0,49877.0,1.0
21289.0,24055.0,1.0
21289.0,49805.0,1.0
21224.0,19668.0,1.0
21262.0,22463.0,1.0
21297.0,48450.0,1.0
21297.0,3348.0,1.0
21297.0,19771.0,1.0
21297.0,28424.0,1.0
21297.0,48333.0,1.0
21433.0,30753.0,1.0
21433.0,30264.0,1.0
21433.0,30231.0,1.0
21433.0,26913.0,1.0
21441.0,22412.0,1.0
21463.0,22632.0,1.0
21494.0,22684.0,1.0
21533.0,30983.0,1.0
21331.0,22663.0,1.0
20749.0,26782.0,1.0
20749.0,28314.0,1.0
20749.0,30659.0,1.0
20749.0,31041.0,1.0
20749.0,31156.0,1.0
20749.0,27612.0,1.0
20749.0,27822.0,1.0
20749.0,27882.0,1.0
20749.0,27934.0,1.0
20749.0,28135.0,1.0
20749.0,29951.0,1.0
20749.0,27536.0,1.0
20749.0,6738.0,1.0
20749.0,8135.0,1.0
20749.0,27040.0,1.0
20749.0,27123.0,1.0
20749.0,27291.0,1.0
20749.0,27033.0,1.0
20749.0,22345.0,1.0
20749.0,27019.0,1.0
20749.0,22525.0,1.0
20749.0,22555.0,1.0
20749.0,22630.0,1.0
20749.0,22735.0,1.0
20749.0,22958.0,1.0
20776.0,20389.0,1.0
20816.0,5057.0,1.0
20874.0,22489.0,1.0
21537.0,22732.0,1.0
21074.0,22020.0,1.0
21118.0,22606.0,1.0
21135.0,22347.0,1.0
21196.0,2153.0,1.0
21196.0,26450.0,1.0
21208.0,17409.0,1.0
21027.0,22607.0,1.0
20901.0,22091.0,1.0
20991.0,22890.0,1.0
20991.0,23072.0,1.0
21016.0,22411.0,1.0
21016.0,22464.0,1.0
21542.0,26918.0,1.0
21543.0,25222.0,1.0
22247.0,8367.0,1.0
22247.0,49811.0,1.0
22247.0,44313.0,1.0
22247.0,44354.0,1.0
22288.0,5480.0,1.0
22324.0,50544.0,1.0
22324.0,52234.0,1.0
22364.0,22476.0,1.0
22224.0,15573.0,1.0
21826.0,37520.0,1.0
21862.0,22785.0,1.0
21903.0,28667.0,1.0
21907.0,38434.0,1.0
21916.0,23004.0,1.0
21930.0,47251.0,1.0
21768.0,23078.0,1.0
21570.0,22730.0,1.0
21614.0,40098.0,1.0
21714.0,26372.0,1.0
21963.0,36950.0,1.0
21963.0,49844.0,1.0
21963.0,32555.0,1.0
21963.0,39300.0,1.0
21963.0,35729.0,1.0
21963.0,36456.0,1.0
21963.0,36883.0,1.0
21963.0,38107.0,1.0
21976.0,31481.0,1.0
22010.0,23095.0,1.0
22031.0,23111.0,1.0
22157.0,3257.0,1.0
22157.0,4217.0,1.0
22188.0,32474.0,1.0
19250.0,1304.0,1.0
19250.0,16765.0,1.0
19250.0,7942.0,1.0
19250.0,8742.0,1.0
19250.0,13535.0,1.0
19250.0,14654.0,1.0
19250.0,16743.0,1.0
19250.0,17400.0,1.0
19250.0,2970.0,1.0
19250.0,22384.0,1.0
19250.0,20523.0,1.0
19250.0,20767.0,1.0
19250.0,22017.0,1.0
19250.0,22029.0,1.0
19114.0,23408.0,1.0
19169.0,20459.0,1.0
19183.0,31989.0,1.0
19183.0,23354.0,1.0
19338.0,20649.0,1.0
19346.0,33135.0,1.0
19346.0,5109.0,1.0
19346.0,20831.0,1.0
19346.0,27769.0,1.0
19346.0,32174.0,1.0
19346.0,52063.0,1.0
19085.0,20459.0,1.0
19086.0,36704.0,1.0
18646.0,52023.0,1.0
18646.0,44652.0,1.0
18880.0,20304.0,1.0
18882.0,1319.0,1.0
19054.0,20645.0,1.0
18784.0,20276.0,1.0
18755.0,22395.0,1.0
18704.0,20124.0,1.0
18704.0,14028.0,1.0
18708.0,20216.0,1.0
20701.0,37557.0,1.0
20701.0,35451.0,1.0
20701.0,37381.0,1.0
20701.0,40117.0,1.0
20701.0,43736.0,1.0
20701.0,14147.0,1.0
19631.0,45130.0,1.0
20688.0,39998.0,1.0
20688.0,40585.0,1.0
20695.0,27723.0,1.0
20695.0,35028.0,1.0
20695.0,38031.0,1.0
19407.0,20767.0,1.0
19407.0,22394.0,1.0
19407.0,26656.0,1.0
19441.0,19762.0,1.0
19393.0,14556.0,1.0
19504.0,20716.0,1.0
19552.0,19744.0,1.0
19552.0,9268.0,1.0
19552.0,22145.0,1.0
19552.0,20885.0,1.0
19552.0,22034.0,1.0
19552.0,22303.0,1.0
19552.0,22557.0,1.0
19552.0,20588.0,1.0
19552.0,19169.0,1.0
19552.0,20632.0,1.0
19548.0,16784.0,1.0
11771.0,16022.0,1.0
41728.0,47917.0,1.0
41728.0,41773.0,1.0
41728.0,19044.0,1.0
41728.0,45380.0,1.0
41728.0,51916.0,1.0
41728.0,40677.0,1.0
41728.0,45463.0,1.0
41728.0,45808.0,1.0
41728.0,46097.0,1.0
41728.0,46098.0,1.0
41728.0,47184.0,1.0
41728.0,47282.0,1.0
41728.0,47453.0,1.0
41728.0,44039.0,1.0
41728.0,44267.0,1.0
41728.0,47716.0,1.0
41728.0,48530.0,1.0
41728.0,48586.0,1.0
41728.0,50025.0,1.0
41728.0,50044.0,1.0
41728.0,50047.0,1.0
41728.0,35082.0,1.0
41728.0,35132.0,1.0
41728.0,40346.0,1.0
41728.0,13551.0,1.0
41728.0,17718.0,1.0
41728.0,40444.0,1.0
41728.0,42255.0,1.0
41728.0,42705.0,1.0
41728.0,43018.0,1.0
41728.0,40629.0,1.0
41728.0,41372.0,1.0
41728.0,45479.0,1.0
41812.0,39398.0,1.0
41815.0,5611.0,1.0
41815.0,14581.0,1.0
41815.0,47505.0,1.0
41455.0,45298.0,1.0
41486.0,19836.0,1.0
41577.0,47854.0,1.0
41577.0,44230.0,1.0
41587.0,39235.0,1.0
43527.0,45264.0,1.0
43563.0,41562.0,1.0
43563.0,47560.0,1.0
43603.0,47305.0,1.0
43603.0,42268.0,1.0
43603.0,40881.0,1.0
43603.0,43779.0,1.0
43603.0,40898.0,1.0
43603.0,40983.0,1.0
43603.0,41066.0,1.0
43603.0,41214.0,1.0
43603.0,41401.0,1.0
43603.0,41422.0,1.0
43603.0,44977.0,1.0
43512.0,40431.0,1.0
43509.0,3486.0,1.0
43242.0,35190.0,1.0
43242.0,38629.0,1.0
43268.0,42600.0,1.0
43293.0,40270.0,1.0
43852.0,42132.0,1.0
43898.0,20347.0,1.0
41916.0,49969.0,1.0
41916.0,50591.0,1.0
41916.0,15609.0,1.0
41916.0,40107.0,1.0
41965.0,39437.0,1.0
41985.0,39495.0,1.0
42326.0,39630.0,1.0
42348.0,765.0,1.0
42448.0,39752.0,1.0
41882.0,52234.0,1.0
43058.0,40096.0,1.0
43133.0,38529.0,1.0
43182.0,35883.0,1.0
42661.0,27662.0,1.0
42706.0,42515.0,1.0
42780.0,39016.0,1.0
39204.0,37566.0,1.0
39225.0,37613.0,1.0
39309.0,40397.0,1.0
39185.0,30147.0,1.0
39375.0,39138.0,1.0
39402.0,36038.0,1.0
39100.0,43057.0,1.0
38979.0,41870.0,1.0
38979.0,26988.0,1.0
39009.0,46016.0,1.0
39408.0,38088.0,1.0
39592.0,52229.0,1.0
39663.0,39149.0,1.0
38970.0,37388.0,1.0
39459.0,42515.0,1.0
39459.0,42169.0,1.0
39479.0,37796.0,1.0
38429.0,34370.0,1.0
38429.0,40672.0,1.0
38429.0,39288.0,1.0
38429.0,39822.0,1.0
38429.0,40947.0,1.0
38429.0,38871.0,1.0
38429.0,40970.0,1.0
38429.0,25207.0,1.0
38429.0,38008.0,1.0
38429.0,38196.0,1.0
38429.0,38425.0,1.0
38429.0,38501.0,1.0
38429.0,38670.0,1.0
38429.0,41512.0,1.0
38429.0,42354.0,1.0
38429.0,43587.0,1.0
38429.0,43688.0,1.0
38403.0,50364.0,1.0
39683.0,43198.0,1.0
38771.0,35977.0,1.0
38786.0,37269.0,1.0
38511.0,19022.0,1.0
40542.0,38520.0,1.0
40775.0,38645.0,1.0
40806.0,38951.0,1.0
40287.0,3246.0,1.0
40121.0,38191.0,1.0
40122.0,47821.0,1.0
40122.0,47176.0,1.0
40122.0,45631.0,1.0
40235.0,32926.0,1.0
40846.0,39053.0,1.0
40846.0,4146.0,1.0
40846.0,41524.0,1.0
41053.0,41434.0,1.0
41194.0,14255.0,1.0
40963.0,38423.0,1.0
40963.0,13896.0,1.0
40916.0,42653.0,1.0
40916.0,48031.0,1.0
40916.0,44941.0,1.0
39975.0,38088.0,1.0
39774.0,42495.0,1.0
39774.0,47395.0,1.0
39774.0,47405.0,1.0
39774.0,37989.0,1.0
39774.0,38080.0,1.0
39774.0,41285.0,1.0
39774.0,48399.0,1.0
39774.0,47487.0,1.0
39774.0,47640.0,1.0
39774.0,48245.0,1.0
39844.0,39028.0,1.0
39853.0,38716.0,1.0
39853.0,47605.0,1.0
52399.0,48378.0,1.0
52399.0,45838.0,1.0
52410.0,45249.0,1.0
52413.0,50364.0,1.0
52482.0,45329.0,1.0
52503.0,45353.0,1.0
52183.0,47927.0,1.0
52183.0,45603.0,1.0
53272.0,52134.0,1.0
53415.0,28010.0,1.0
52703.0,45668.0,1.0
53054.0,50728.0,1.0
53054.0,51852.0,1.0
53054.0,51864.0,1.0
52086.0,47505.0,1.0
50189.0,1851.0,1.0
50277.0,44684.0,1.0
50315.0,44245.0,1.0
50315.0,44551.0,1.0
50566.0,39189.0,1.0
48453.0,40084.0,1.0
48566.0,43742.0,1.0
48703.0,43805.0,1.0
48813.0,22970.0,1.0
49874.0,45993.0,1.0
50602.0,45426.0,1.0
50794.0,43910.0,1.0
50830.0,231.0,1.0
50875.0,9144.0,1.0
50615.0,44525.0,1.0
50680.0,14134.0,1.0
50765.0,44687.0,1.0
58219.0,45878.0,1.0
58664.0,51998.0,1.0
58675.0,15253.0,1.0
58675.0,50551.0,1.0
58675.0,35185.0,1.0
58675.0,50500.0,1.0
57213.0,48517.0,1.0
57213.0,28770.0,1.0
57250.0,48530.0,1.0
57538.0,50385.0,1.0
57647.0,49782.0,1.0
59737.0,52232.0,1.0
59921.0,51973.0,1.0
60062.0,4996.0,1.0
60082.0,35204.0,1.0
60322.0,52177.0,1.0
59625.0,3571.0,1.0
59559.0,45808.0,1.0
58856.0,12494.0,1.0
59026.0,42638.0,1.0
59131.0,42641.0,1.0
59550.0,52058.0,1.0
57202.0,51934.0,1.0
57202.0,52036.0,1.0
57202.0,51910.0,1.0
57202.0,49823.0,1.0
57202.0,50070.0,1.0
55457.0,48409.0,1.0
55495.0,47475.0,1.0
55499.0,46056.0,1.0
55499.0,46129.0,1.0
55598.0,48409.0,1.0
55806.0,47453.0,1.0
55839.0,47627.0,1.0
55215.0,47294.0,1.0
53506.0,38915.0,1.0
53771.0,10625.0,1.0
53859.0,46083.0,1.0
56765.0,48204.0,1.0
56809.0,44719.0,1.0
56885.0,10875.0,1.0
56936.0,40347.0,1.0
57017.0,48397.0,1.0
57055.0,50445.0,1.0
56104.0,47809.0,1.0
56156.0,50713.0,1.0
56297.0,47933.0,1.0
45957.0,41945.0,1.0
46077.0,15951.0,1.0
46077.0,7334.0,1.0
46077.0,42414.0,1.0
46077.0,43399.0,1.0
45501.0,47873.0,1.0
45661.0,43482.0,1.0
45719.0,44142.0,1.0
46142.0,42050.0,1.0
46152.0,42063.0,1.0
46182.0,42268.0,1.0
46182.0,45833.0,1.0
46223.0,43917.0,1.0
46288.0,50373.0,1.0
46124.0,43878.0,1.0
46093.0,45717.0,1.0
46093.0,48509.0,1.0
44268.0,40950.0,1.0
44268.0,42733.0,1.0
44268.0,36901.0,1.0
44274.0,40943.0,1.0
44609.0,41040.0,1.0
44705.0,41093.0,1.0
44206.0,42627.0,1.0
43981.0,40716.0,1.0
43981.0,41833.0,1.0
44152.0,51852.0,1.0
44152.0,42077.0,1.0
44152.0,48348.0,1.0
44155.0,40790.0,1.0
45112.0,41361.0,1.0
45121.0,46023.0,1.0
45173.0,41361.0,1.0
45178.0,41245.0,1.0
45281.0,44376.0,1.0
45049.0,7494.0,1.0
44762.0,41824.0,1.0
44787.0,18080.0,1.0
44999.0,41271.0,1.0
45037.0,41292.0,1.0
46320.0,40681.0,1.0
48036.0,50732.0,1.0
48234.0,43482.0,1.0
48266.0,43993.0,1.0
48266.0,52003.0,1.0
48266.0,8407.0,1.0
48266.0,28210.0,1.0
48266.0,34773.0,1.0
48266.0,41559.0,1.0
48266.0,44071.0,1.0
47435.0,51876.0,1.0
47445.0,50629.0,1.0
47189.0,6010.0,1.0
46498.0,42436.0,1.0
46498.0,42588.0,1.0
46756.0,38290.0,1.0
46385.0,41234.0,1.0
46389.0,28696.0,1.0
46433.0,9081.0,1.0
46433.0,48559.0,1.0
46435.0,19914.0,1.0
47045.0,42749.0,1.0
47069.0,45738.0,1.0
47018.0,37352.0,1.0
46917.0,50364.0,1.0
46796.0,44903.0,1.0
46796.0,42630.0,1.0
46796.0,43955.0,1.0
46856.0,5537.0,1.0
46867.0,10707.0,1.0
46916.0,42660.0,1.0
30536.0,31333.0,1.0
30596.0,43914.0,1.0
30596.0,39276.0,1.0
30596.0,36710.0,1.0
30596.0,40687.0,1.0
30596.0,44499.0,1.0
30596.0,38696.0,1.0
30596.0,15344.0,1.0
30596.0,34403.0,1.0
30596.0,34516.0,1.0
30596.0,35234.0,1.0
30596.0,43550.0,1.0
30596.0,40936.0,1.0
30596.0,40481.0,1.0
30596.0,36658.0,1.0
30596.0,37428.0,1.0
30307.0,23395.0,1.0
30307.0,42662.0,1.0
30307.0,40438.0,1.0
30350.0,50105.0,1.0
29579.0,48557.0,1.0
29579.0,7340.0,1.0
29579.0,45770.0,1.0
29579.0,41065.0,1.0
29579.0,47227.0,1.0
29579.0,41089.0,1.0
29579.0,40156.0,1.0
29579.0,45715.0,1.0
29579.0,46056.0,1.0
29579.0,43592.0,1.0
29579.0,50023.0,1.0
29579.0,27590.0,1.0
29579.0,43736.0,1.0
29579.0,14181.0,1.0
29579.0,47238.0,1.0
29579.0,39752.0,1.0
29579.0,31822.0,1.0
29579.0,47220.0,1.0
29579.0,50092.0,1.0
29579.0,40079.0,1.0
29579.0,40113.0,1.0
29579.0,47758.0,1.0
29579.0,51973.0,1.0
29579.0,43910.0,1.0
29579.0,46023.0,1.0
29579.0,45759.0,1.0
29579.0,47355.0,1.0
29579.0,43973.0,1.0
29579.0,52168.0,1.0
29579.0,50231.0,1.0
29579.0,50326.0,1.0
29579.0,50380.0,1.0
29579.0,51830.0,1.0
29579.0,41595.0,1.0
29579.0,41959.0,1.0
29579.0,8790.0,1.0
29579.0,39711.0,1.0
29579.0,46112.0,1.0
29579.0,47201.0,1.0
29579.0,45343.0,1.0
29579.0,48611.0,1.0
29579.0,49655.0,1.0
29579.0,47632.0,1.0
29579.0,47681.0,1.0
29579.0,50112.0,1.0
29579.0,41080.0,1.0
29579.0,40460.0,1.0
29579.0,39922.0,1.0
29579.0,40146.0,1.0
29579.0,40152.0,1.0
29579.0,40168.0,1.0
29579.0,40367.0,1.0
29579.0,40443.0,1.0
29579.0,43747.0,1.0
29579.0,44681.0,1.0
29579.0,41659.0,1.0
29579.0,41741.0,1.0
29579.0,41860.0,1.0
29921.0,16568.0,1.0
30066.0,32092.0,1.0
30092.0,30953.0,1.0
30705.0,31349.0,1.0
31941.0,32283.0,1.0
31982.0,26907.0,1.0
31988.0,38533.0,1.0
31988.0,48521.0,1.0
31988.0,37230.0,1.0
31988.0,43525.0,1.0
31721.0,35390.0,1.0
31316.0,32250.0,1.0
31416.0,31831.0,1.0
31570.0,19373.0,1.0
32040.0,32358.0,1.0
32064.0,39600.0,1.0
32064.0,38126.0,1.0
32064.0,38386.0,1.0
32064.0,44703.0,1.0
32064.0,45162.0,1.0
32064.0,47815.0,1.0
32064.0,47951.0,1.0
32064.0,51866.0,1.0
32064.0,45321.0,1.0
32007.0,28422.0,1.0
31229.0,51936.0,1.0
30819.0,42662.0,1.0
30819.0,32326.0,1.0
30819.0,35764.0,1.0
30819.0,42192.0,1.0
30819.0,20003.0,1.0
30819.0,31534.0,1.0
30819.0,41640.0,1.0
30819.0,10707.0,1.0
30819.0,32247.0,1.0
30819.0,34714.0,1.0
30819.0,39397.0,1.0
30819.0,2330.0,1.0
30819.0,49752.0,1.0
30819.0,44933.0,1.0
30819.0,45290.0,1.0
30819.0,48219.0,1.0
30736.0,4309.0,1.0
30759.0,36837.0,1.0
30759.0,35955.0,1.0
31004.0,33110.0,1.0
31004.0,34982.0,1.0
31029.0,39258.0,1.0
31124.0,31602.0,1.0
31155.0,31665.0,1.0
31186.0,27536.0,1.0
30909.0,31521.0,1.0
29059.0,35576.0,1.0
28929.0,44609.0,1.0
28929.0,26784.0,1.0
28929.0,30013.0,1.0
29073.0,50518.0,1.0
28618.0,18161.0,1.0
28658.0,28850.0,1.0
28658.0,40844.0,1.0
28602.0,30400.0,1.0
29536.0,30788.0,1.0
29536.0,30925.0,1.0
29536.0,30759.0,1.0
29276.0,30339.0,1.0
29398.0,37132.0,1.0
26721.0,3093.0,1.0
26789.0,38421.0,1.0
26875.0,36557.0,1.0
26662.0,28153.0,1.0
27284.0,40900.0,1.0
27366.0,28596.0,1.0
28495.0,39800.0,1.0
28497.0,37198.0,1.0
28555.0,33127.0,1.0
26931.0,24044.0,1.0
26944.0,42268.0,1.0
27004.0,28406.0,1.0
36893.0,35977.0,1.0
37186.0,36196.0,1.0
37236.0,50772.0,1.0
37236.0,39295.0,1.0
37236.0,44039.0,1.0
37236.0,44117.0,1.0
37236.0,43588.0,1.0
37236.0,42248.0,1.0
37236.0,42053.0,1.0
37236.0,42343.0,1.0
37236.0,40837.0,1.0
37236.0,35054.0,1.0
37236.0,36683.0,1.0
37236.0,42640.0,1.0
37236.0,42783.0,1.0
37236.0,50201.0,1.0
37236.0,51821.0,1.0
37236.0,43171.0,1.0
37236.0,47867.0,1.0
36637.0,37632.0,1.0
36637.0,40808.0,1.0
36637.0,45448.0,1.0
36637.0,51980.0,1.0
36637.0,42940.0,1.0
36637.0,9418.0,1.0
36637.0,10092.0,1.0
36823.0,38227.0,1.0
36840.0,35912.0,1.0
36211.0,35466.0,1.0
36257.0,40712.0,1.0
36308.0,37503.0,1.0
36308.0,39429.0,1.0
36308.0,40098.0,1.0
36308.0,40256.0,1.0
36308.0,40383.0,1.0
36308.0,36907.0,1.0
36308.0,37069.0,1.0
36308.0,38818.0,1.0
36308.0,39459.0,1.0
36308.0,39967.0,1.0
36129.0,22722.0,1.0
36129.0,35482.0,1.0
35925.0,36178.0,1.0
35987.0,35288.0,1.0
36411.0,38346.0,1.0
36415.0,40567.0,1.0
36485.0,35464.0,1.0
37937.0,38024.0,1.0
37939.0,43742.0,1.0
37939.0,47272.0,1.0
37939.0,40168.0,1.0
37939.0,8761.0,1.0
37939.0,20180.0,1.0
37939.0,38300.0,1.0
37939.0,39039.0,1.0
37766.0,38921.0,1.0
37766.0,39216.0,1.0
37766.0,47347.0,1.0
38256.0,10022.0,1.0
38335.0,36965.0,1.0
38337.0,48409.0,1.0
38338.0,23618.0,1.0
38251.0,40624.0,1.0
38044.0,37198.0,1.0
38044.0,38750.0,1.0
38063.0,36812.0,1.0
38150.0,36836.0,1.0
37591.0,37780.0,1.0
37277.0,35096.0,1.0
37295.0,50518.0,1.0
37325.0,40191.0,1.0
37325.0,45000.0,1.0
37325.0,44056.0,1.0
37325.0,42389.0,1.0
37325.0,39707.0,1.0
37325.0,40737.0,1.0
37405.0,141.0,1.0
37447.0,2094.0,1.0
37541.0,36461.0,1.0
37582.0,46145.0,1.0
37582.0,49772.0,1.0
35826.0,35171.0,1.0
32459.0,39042.0,1.0
32459.0,30860.0,1.0
32459.0,35502.0,1.0
32459.0,35506.0,1.0
32459.0,36697.0,1.0
32299.0,40925.0,1.0
32299.0,50166.0,1.0
32299.0,42086.0,1.0
32299.0,43111.0,1.0
32299.0,43130.0,1.0
32299.0,41987.0,1.0
32299.0,5205.0,1.0
32299.0,7449.0,1.0
32299.0,17324.0,1.0
32299.0,18871.0,1.0
32306.0,43039.0,1.0
32630.0,41945.0,1.0
32670.0,10327.0,1.0
32731.0,32836.0,1.0
32789.0,48440.0,1.0
32491.0,37566.0,1.0
32497.0,43427.0,1.0
32214.0,32929.0,1.0
32262.0,34433.0,1.0
32262.0,36312.0,1.0
32201.0,15609.0,1.0
32172.0,32509.0,1.0
32126.0,32474.0,1.0
32132.0,32384.0,1.0
35397.0,39352.0,1.0
35633.0,36652.0,1.0
35123.0,23682.0,1.0
35144.0,18434.0,1.0
35319.0,16223.0,1.0
35386.0,38227.0,1.0
35731.0,42084.0,1.0
35731.0,37663.0,1.0
35731.0,35317.0,1.0
35731.0,36317.0,1.0
35017.0,44150.0,1.0
34385.0,35596.0,1.0
34385.0,35060.0,1.0
34424.0,50182.0,1.0
34476.0,2904.0,1.0
34550.0,38191.0,1.0
33169.0,40348.0,1.0
34588.0,52258.0,1.0
34705.0,38764.0,1.0
34600.0,20660.0,1.0
34611.0,44098.0,1.0
11702.0,15165.0,1.0
11686.0,38976.0,1.0
11686.0,39032.0,1.0
11686.0,42169.0,1.0
11686.0,38228.0,1.0
454.0,1319.0,1.0
454.0,1059.0,1.0
454.0,1118.0,1.0
454.0,1920.0,1.0
454.0,2439.0,1.0
454.0,4580.0,1.0
454.0,5256.0,1.0
454.0,5701.0,1.0
454.0,6466.0,1.0
454.0,6474.0,1.0
454.0,6479.0,1.0
454.0,6595.0,1.0
454.0,2982.0,1.0
454.0,3253.0,1.0
454.0,10801.0,1.0
454.0,13898.0,1.0
454.0,10366.0,1.0
454.0,7885.0,1.0
454.0,7912.0,1.0
454.0,8001.0,1.0
454.0,8380.0,1.0
454.0,8881.0,1.0
454.0,9220.0,1.0
454.0,9973.0,1.0
454.0,1653.0,1.0
454.0,1805.0,1.0
454.0,2314.0,1.0
454.0,2342.0,1.0
454.0,2485.0,1.0
454.0,2495.0,1.0
454.0,1652.0,1.0
454.0,1566.0,1.0
466.0,1744.0,1.0
482.0,6389.0,1.0
396.0,447.0,1.0
412.0,733.0,1.0
417.0,2938.0,1.0
427.0,5385.0,1.0
427.0,11035.0,1.0
432.0,598.0,1.0
432.0,57.0,1.0
386.0,2968.0,1.0
386.0,13606.0,1.0
386.0,1669.0,1.0
386.0,377.0,1.0
386.0,10702.0,1.0
386.0,9621.0,1.0
386.0,6187.0,1.0
386.0,9266.0,1.0
386.0,9004.0,1.0
386.0,2799.0,1.0
386.0,717.0,1.0
386.0,743.0,1.0
386.0,796.0,1.0
386.0,979.0,1.0
386.0,4271.0,1.0
386.0,6555.0,1.0
386.0,6562.0,1.0
386.0,7589.0,1.0
386.0,7722.0,1.0
386.0,7998.0,1.0
386.0,6139.0,1.0
386.0,5881.0,1.0
386.0,617.0,1.0
486.0,569.0,1.0
486.0,3451.0,1.0
486.0,1374.0,1.0
486.0,1438.0,1.0
486.0,2417.0,1.0
619.0,5133.0,1.0
619.0,5321.0,1.0
619.0,9030.0,1.0
619.0,10996.0,1.0
619.0,14129.0,1.0
619.0,15052.0,1.0
619.0,2829.0,1.0
604.0,10974.0,1.0
612.0,4135.0,1.0
612.0,2314.0,1.0
637.0,19521.0,1.0
641.0,2934.0,1.0
646.0,13777.0,1.0
657.0,2231.0,1.0
657.0,2523.0,1.0
631.0,598.0,1.0
631.0,1613.0,1.0
631.0,2334.0,1.0
631.0,7121.0,1.0
627.0,4681.0,1.0
599.0,1246.0,1.0
496.0,2578.0,1.0
525.0,34409.0,1.0
525.0,45591.0,1.0
525.0,19914.0,1.0
525.0,46107.0,1.0
553.0,40718.0,1.0
553.0,19408.0,1.0
553.0,3544.0,1.0
530.0,575.0,1.0
530.0,1038.0,1.0
530.0,1508.0,1.0
549.0,3748.0,1.0
212.0,1499.0,1.0
212.0,944.0,1.0
238.0,2667.0,1.0
238.0,5993.0,1.0
238.0,6035.0,1.0
238.0,9045.0,1.0
246.0,2150.0,1.0
249.0,1311.0,1.0
249.0,4574.0,1.0
249.0,6828.0,1.0
263.0,1384.0,1.0
263.0,546.0,1.0
263.0,51878.0,1.0
263.0,3316.0,1.0
263.0,7739.0,1.0
196.0,10041.0,1.0
196.0,17047.0,1.0
196.0,24100.0,1.0
196.0,31338.0,1.0
196.0,34902.0,1.0
196.0,51841.0,1.0
196.0,136.0,1.0
196.0,23667.0,1.0
196.0,6218.0,1.0
196.0,6647.0,1.0
196.0,9792.0,1.0
196.0,12463.0,1.0
196.0,4265.0,1.0
196.0,504.0,1.0
196.0,2322.0,1.0
196.0,2458.0,1.0
273.0,4165.0,1.0
279.0,6386.0,1.0
293.0,136.0,1.0
294.0,1244.0,1.0
300.0,4156.0,1.0
188.0,453.0,1.0
188.0,1039.0,1.0
188.0,88.0,1.0
190.0,460.0,1.0
165.0,27056.0,1.0
165.0,32622.0,1.0
165.0,44903.0,1.0
165.0,40602.0,1.0
165.0,36609.0,1.0
165.0,8905.0,1.0
165.0,20318.0,1.0
165.0,37554.0,1.0
165.0,8017.0,1.0
165.0,48523.0,1.0
165.0,50037.0,1.0
165.0,50511.0,1.0
165.0,4740.0,1.0
165.0,10555.0,1.0
165.0,16194.0,1.0
165.0,17684.0,1.0
165.0,19693.0,1.0
165.0,20621.0,1.0
165.0,27877.0,1.0
165.0,37967.0,1.0
165.0,43189.0,1.0
165.0,28560.0,1.0
165.0,30868.0,1.0
165.0,31078.0,1.0
165.0,31103.0,1.0
165.0,32023.0,1.0
165.0,32808.0,1.0
165.0,4139.0,1.0
165.0,8472.0,1.0
165.0,8936.0,1.0
165.0,6375.0,1.0
185.0,361.0,1.0
187.0,399.0,1.0
342.0,450.0,1.0
342.0,1783.0,1.0
342.0,16104.0,1.0
349.0,570.0,1.0
349.0,7060.0,1.0
349.0,7285.0,1.0
349.0,7454.0,1.0
373.0,981.0,1.0
374.0,4124.0,1.0
374.0,5575.0,1.0
374.0,8902.0,1.0
374.0,10619.0,1.0
374.0,5519.0,1.0
374.0,3411.0,1.0
374.0,3798.0,1.0
374.0,4081.0,1.0
374.0,4133.0,1.0
334.0,1852.0,1.0
328.0,1624.0,1.0
328.0,1384.0,1.0
328.0,1255.0,1.0
328.0,3364.0,1.0
661.0,2644.0,1.0
661.0,2203.0,1.0
1081.0,1569.0,1.0
1094.0,4561.0,1.0
1110.0,1444.0,1.0
1110.0,1338.0,1.0
1110.0,1417.0,1.0
1111.0,38770.0,1.0
1073.0,8329.0,1.0
1063.0,5415.0,1.0
1063.0,4890.0,1.0
1063.0,2047.0,1.0
1132.0,16414.0,1.0
1183.0,3049.0,1.0
1183.0,6271.0,1.0
1183.0,3082.0,1.0
1183.0,2021.0,1.0
1183.0,2167.0,1.0
1205.0,1829.0,1.0
1134.0,7648.0,1.0
1150.0,34687.0,1.0
1044.0,36304.0,1.0
1044.0,38907.0,1.0
1044.0,25217.0,1.0
1044.0,36158.0,1.0
1044.0,42364.0,1.0
1044.0,38802.0,1.0
1044.0,36457.0,1.0
1044.0,5514.0,1.0
1044.0,1499.0,1.0
1044.0,3364.0,1.0
1044.0,1392.0,1.0
1044.0,30874.0,1.0
1044.0,36482.0,1.0
1044.0,14533.0,1.0
1044.0,14569.0,1.0
1044.0,14832.0,1.0
1044.0,22864.0,1.0
1044.0,23374.0,1.0
1044.0,2802.0,1.0
1044.0,3327.0,1.0
1044.0,5499.0,1.0
1044.0,6438.0,1.0
1044.0,6633.0,1.0
1044.0,7055.0,1.0
1044.0,3691.0,1.0
1061.0,2199.0,1.0
1061.0,2241.0,1.0
1061.0,4639.0,1.0
1049.0,1449.0,1.0
1049.0,43894.0,1.0
1208.0,2311.0,1.0
1580.0,4724.0,1.0
1580.0,23537.0,1.0
1618.0,1976.0,1.0
1624.0,1059.0,1.0
1626.0,4508.0,1.0
1626.0,2867.0,1.0
1403.0,7188.0,1.0
1408.0,15005.0,1.0
1409.0,301.0,1.0
1409.0,1670.0,1.0
1398.0,3506.0,1.1781147092834823
1398.0,2117.0,1.0
1398.0,2175.0,1.0
1398.0,2910.0,1.0
1690.0,5849.0,1.0
1690.0,4203.0,1.0
1690.0,4692.0,1.0
1703.0,2211.0,1.0
1708.0,2167.0,1.0
1735.0,2064.0,1.0
1735.0,4098.0,1.0
1735.0,6381.0,1.0
1679.0,1896.0,1.0
1337.0,2938.0,1.0
1337.0,22534.0,1.0
1337.0,2330.0,1.0
1337.0,1825.0,1.0
1337.0,4607.0,1.0
1305.0,8370.0,1.0
1305.0,7407.0,1.0
1283.0,6921.0,1.0
1299.0,23317.0,1.0
1299.0,40922.0,1.0
1300.0,5141.0,1.0
1343.0,2039.0,1.0
1343.0,2350.0,1.0
1343.0,2104.0,1.0
1343.0,2236.0,1.0
1343.0,1745.0,1.0
914.0,2001.0,1.0
914.0,18812.0,1.0
878.0,3433.0,1.0
880.0,890.0,1.0
949.0,45631.0,1.0
949.0,9727.0,1.0
949.0,35751.0,1.0
949.0,2150.0,1.0
949.0,5459.0,1.0
949.0,1895.0,1.0
949.0,2304.0,1.0
949.0,3188.0,1.0
949.0,8920.0,1.0
949.0,9420.0,1.0
949.0,10710.0,1.0
949.0,10932.0,1.0
949.0,12472.0,1.0
949.0,18767.0,1.0
949.0,6489.0,1.0
949.0,7239.0,1.0
949.0,7327.0,1.0
949.0,20251.0,1.0
949.0,47914.0,1.0
949.0,43132.0,1.0
949.0,22825.0,1.0
949.0,34756.0,1.0
949.0,39180.0,1.0
949.0,39845.0,1.0
919.0,4549.0,1.0
919.0,5300.0,1.0
922.0,1266.0,1.0
929.0,1164.0,1.0
932.0,9604.0,1.0
867.0,4873.0,1.0
867.0,2103.0,1.0
867.0,5026.0,1.0
867.0,5155.0,1.0
867.0,5159.0,1.0
710.0,1169.0,1.0
742.0,2458.0,1.0
782.0,5537.0,1.0
782.0,7896.0,1.0
782.0,9409.0,1.0
800.0,1508.0,1.0
800.0,1074.0,1.0
805.0,40639.0,1.0
805.0,44376.0,1.0
683.0,141.0,1.0
669.0,3274.0,1.0
681.0,1243.0,1.0
826.0,3515.0,1.0
826.0,19662.0,1.0
826.0,1800.0,1.0
860.0,1118.0,1.0
810.0,1825.0,1.0
824.0,14766.0,1.0
1039.0,15728.0,1.0
1039.0,2621.0,1.0
1039.0,3327.0,1.0
1039.0,3360.0,1.0
1039.0,7527.0,1.0
1011.0,4707.0,1.0
971.0,2167.0,1.0
982.0,19786.0,1.0
1007.0,3665.0,1.0
23.0,6805.0,1.0
23.0,34322.0,1.0
23.0,28589.0,1.0
23.0,41787.0,1.0
23.0,14178.0,1.0
23.0,35927.0,1.0
23.0,36310.0,1.0
23.0,42363.0,1.0
23.0,4159.0,1.0
23.0,19593.0,1.0
23.0,10977.0,1.0
23.0,18700.0,1.0
23.0,4873.0,1.0
23.0,43441.0,1.0
23.0,3486.0,1.0
23.0,39918.0,1.0
23.0,42534.0,1.0
23.0,44984.0,1.0
23.0,42724.0,1.0
23.0,31526.0,1.0
23.0,50401.0,1.0
23.0,47488.0,1.0
23.0,47551.0,1.0
23.0,40288.0,1.0
23.0,9661.0,1.0
23.0,475.0,1.0
23.0,2150.0,1.0
23.0,7904.0,1.0
23.0,19447.0,1.0
23.0,7035.0,1.0
23.0,5575.0,1.0
23.0,4192.0,1.0
23.0,4607.0,1.0
23.0,2802.0,1.0
23.0,19786.0,1.0
23.0,26799.0,1.0
23.0,27442.0,1.0
23.0,27574.0,1.0
23.0,27717.0,1.0
23.0,27675.0,1.0
23.0,22234.0,1.0
23.0,23142.0,1.0
23.0,23848.0,1.0
23.0,23913.0,1.0
23.0,35779.0,1.0
23.0,31862.0,1.0
23.0,28844.0,1.0
23.0,30337.0,1.0
23.0,31084.0,1.0
23.0,31848.0,1.0
23.0,15314.0,1.0
23.0,15734.0,1.0
23.0,15903.0,1.0
23.0,15911.0,1.0
23.0,15928.0,1.0
23.0,16007.0,1.0
23.0,14097.0,1.0
23.0,14107.0,1.0
23.0,14280.0,1.0
23.0,14325.0,1.0
23.0,14367.0,1.0
23.0,14381.0,1.0
23.0,35981.0,1.0
23.0,19236.0,1.0
23.0,19924.0,1.0
23.0,20255.0,1.0
23.0,16270.0,1.0
23.0,17932.0,1.0
23.0,18489.0,1.0
23.0,18543.0,1.0
23.0,18916.0,1.0
23.0,47786.0,1.0
23.0,49702.0,1.0
23.0,49771.0,1.0
23.0,50040.0,1.0
23.0,4448.0,1.0
23.0,47675.0,1.0
23.0,39717.0,1.0
23.0,39980.0,1.0
23.0,42489.0,1.0
23.0,44884.0,1.0
23.0,44800.0,1.0
23.0,44592.0,1.0
23.0,42920.0,1.0
23.0,43087.0,1.0
23.0,2694.0,1.0
23.0,3465.0,1.0
23.0,3542.0,1.0
23.0,2402.0,1.0
23.0,4787.0,1.0
23.0,4978.0,1.0
23.0,5238.0,1.0
23.0,4582.0,1.0
23.0,4566.0,1.0
23.0,4502.0,1.0
23.0,5343.0,1.0
23.0,9504.0,1.0
23.0,9981.0,1.0
23.0,8471.0,1.0
23.0,8493.0,1.0
23.0,8501.0,1.0
23.0,8614.0,1.0
23.0,8686.0,1.0
23.0,10038.0,1.0
23.0,10915.0,1.0
23.0,11054.0,1.0
23.0,12507.0,1.0
23.0,13900.0,1.0
23.0,13915.0,1.0
23.0,10080.0,1.0
23.0,10154.0,1.0
23.0,10211.0,1.0
23.0,10435.0,1.0
23.0,8217.0,1.0
23.0,6493.0,1.0
23.0,6553.0,1.0
23.0,6561.0,1.0
23.0,6643.0,1.0
23.0,6648.0,1.0
23.0,6723.0,1.0
23.0,6745.0,1.0
23.0,6769.0,1.0
23.0,6847.0,1.0
23.0,5711.0,1.0
23.0,5912.0,1.0
23.0,6024.0,1.0
23.0,6208.0,1.0
23.0,6275.0,1.0
23.0,7857.0,1.0
23.0,7044.0,1.0
23.0,7092.0,1.0
23.0,2693.0,1.0
24.0,18.0,1.0
24.0,1678.0,1.0
24.0,956.0,1.0
24.0,5373.0,1.0
24.0,643.0,1.0
34.0,4398.0,1.0
34.0,475.0,1.0
34.0,1255.0,1.0
34.0,32.0,1.0
34.0,950.0,1.0
34.0,12.0,1.0
34.0,210.0,1.0
34.0,297.0,1.0
34.0,514.0,1.0
34.0,1540.0,1.0
35.0,9830.0,1.0
35.0,17313.0,1.0
35.0,18392.0,1.0
15.0,361.0,1.0
11.0,6377.0,1.0
5.0,50205.0,1.0
5.0,6664.0,1.0
5.0,44947.0,1.0
5.0,40107.0,1.0
5.0,231.0,1.0
5.0,2667.0,1.0
5.0,256.0,1.0
5.0,1700.0,1.0
5.0,1355.0,1.0
5.0,1276.0,1.0
5.0,6095.0,1.0
5.0,278.0,1.0
5.0,2922.0,1.0
5.0,434.0,1.0
5.0,218.0,1.0
5.0,14110.0,1.0
5.0,14988.0,1.0
5.0,15819.0,1.0
5.0,19151.0,1.0
10.0,3748.0,1.0
10.0,262.0,1.0
104.0,2761.0,1.0
104.0,30796.0,1.0
104.0,3506.0,1.178123513515902
104.0,18420.0,1.0
104.0,2069.0,1.0
104.0,2262.0,1.0
104.0,23060.0,1.0
104.0,40348.0,1.0
104.0,30862.0,1.0
104.0,30907.0,1.0
104.0,32028.0,1.0
104.0,33114.0,1.0
104.0,36421.0,1.0
104.0,16213.0,1.0
104.0,20698.0,1.0
104.0,26574.0,1.0
104.0,27364.0,1.0
104.0,38657.0,1.0
104.0,39432.0,1.0
104.0,10574.0,1.0
104.0,41779.0,1.0
123.0,487.0,1.0
123.0,535.0,1.0
123.0,243.0,1.0
141.0,227.0,1.0
143.0,1801.0,1.0
143.0,2975.0,1.0
143.0,32025.0,1.0
143.0,35263.0,1.0
114.0,260.0,1.0
106.0,41274.0,1.0
110.0,100.0,1.0
113.0,1091.0,1.0
96.0,10606.0,1.0
96.0,34322.0,1.0
96.0,154.0,1.0
96.0,9193.0,1.0
96.0,7450.0,1.0
96.0,36064.0,1.0
96.0,956.0,1.0
96.0,2587.0,1.0
96.0,2417.0,1.0
96.0,2540.0,1.0
96.0,34756.0,1.0
96.0,262.0,1.0
96.0,25173.0,1.0
96.0,28536.0,1.0
96.0,39742.0,1.0
96.0,2466.0,1.0
96.0,138.0,1.0
96.0,8490.0,1.0
96.0,8807.0,1.0
96.0,9149.0,1.0
96.0,8286.0,1.0
96.0,7315.0,1.0
96.0,7413.0,1.0
96.0,7489.0,1.0
96.0,7272.0,1.0
96.0,19177.0,1.0
96.0,19312.0,1.0
96.0,19395.0,1.0
96.0,13772.0,1.0
96.0,18415.0,1.0
96.0,1782.0,1.0
96.0,1960.0,1.0
96.0,1994.0,1.0
96.0,552.0,1.0
96.0,6016.0,1.0
96.0,6325.0,1.0
96.0,2612.0,1.0
96.0,2629.0,1.0
96.0,2649.0,1.0
96.0,5283.0,1.0
100.0,250.0,1.0
100.0,269.0,1.0
100.0,303.0,1.0
100.0,3345.0,1.0
100.0,225.0,1.0
98.0,57.0,1.0
155.0,8067.0,1.0
80.0,4886.0,1.0
80.0,101.0,1.0
80.0,5366.0,1.0
80.0,2243.0,1.0
80.0,3612.0,1.0
82.0,41.0,1.0
82.0,453.0,1.0
82.0,3635.0,1.0
82.0,2839.0,1.0
82.0,1101.0,1.0
82.0,1604.0,1.0
82.0,1746.0,1.0
82.0,2178.0,1.0
82.0,6355.0,1.0
82.0,5323.0,1.0
83.0,74.0,1.0
83.0,377.0,1.0
83.0,100.0,1.0
83.0,275.0,1.0
83.0,23896.0,1.0
85.0,68.0,1.0
90.0,570.0,1.0
79.0,15336.0,1.0
79.0,15886.0,1.0
79.0,162.0,1.0
79.0,4630.0,1.0
79.0,5021.0,1.0
79.0,8929.0,1.0
39.0,1238.0,1.0
39.0,1366.0,1.0
39.0,6001.0,1.0
43.0,2862.0,1.0
45.0,369.0,1.0
45.0,297.0,1.0
45.0,4840.0,1.0
45.0,7783.0,1.0
45.0,7953.0,1.0
78.0,315.0,1.0
64.0,22529.0,1.0
64.0,1976.0,1.0
64.0,156.0,1.0
64.0,6888.0,1.0
48.0,59.0,1.0
49.0,976.0,1.0
49.0,30094.0,1.0
6656.0,18173.0,1.0
6656.0,19974.0,1.0
6656.0,10625.0,1.0
6656.0,9377.0,1.0
6656.0,8157.0,1.0
6656.0,22002.0,1.0
6656.0,8699.0,1.0
6656.0,9466.0,1.0
6656.0,8377.0,1.0
6656.0,11071.0,1.0
6656.0,19281.0,1.0
6656.0,23404.0,1.0
6656.0,19027.0,1.0
6656.0,18732.0,1.0
6656.0,16369.0,1.0
6656.0,16400.0,1.0
6629.0,27223.0,1.0
6629.0,9920.0,1.0
6629.0,15745.0,1.0
6629.0,16829.0,1.0
6629.0,22395.0,1.0
6629.0,17519.0,1.0
6629.0,21907.0,1.0
6629.0,20115.0,1.0
6629.0,18338.0,1.0
6629.0,2141.0,1.0
6629.0,26730.0,1.0
6629.0,30975.0,1.0
6629.0,44348.0,1.0
6629.0,17483.0,1.0
6629.0,17966.0,1.0
6652.0,10469.0,1.0
6444.0,20880.0,1.0
6507.0,43193.0,1.0
6533.0,9029.0,1.0
6933.0,14232.0,1.0
6933.0,9099.0,1.0
6933.0,2168.0,1.0
6933.0,10566.0,1.0
6956.0,20073.0,1.0
7000.0,9184.0,1.0
7040.0,4771.0,1.0
7052.0,6191.0,1.0
6862.0,9019.0,1.0
6862.0,10768.0,1.0
6876.0,2600.0,1.0
6876.0,9019.0,1.0
6876.0,9704.0,1.0
7188.0,10906.0,1.0
7188.0,19577.0,1.0
7188.0,15768.0,1.0
7188.0,10462.0,1.0
7189.0,4456.0,1.0
7202.0,14028.0,1.0
7202.0,14848.0,1.0
7211.0,9543.0,1.0
7280.0,8731.0,1.0
7280.0,23213.0,1.0
7152.0,44245.0,1.0
7164.0,10049.0,1.0
6710.0,37081.0,1.0
6710.0,20502.0,1.0
6710.0,36162.0,1.0
6710.0,47679.0,1.0
6673.0,9220.0,1.0
6815.0,9971.0,1.0
6844.0,47906.0,1.0
6844.0,15416.0,1.0
6794.0,8933.0,1.0
6397.0,18566.0,1.0
5337.0,18329.0,1.0
5337.0,43742.0,1.0
5337.0,38351.0,1.0
5337.0,2215.0,1.0
5337.0,13612.0,1.0
5337.0,19126.0,1.0
5337.0,34813.0,1.0
5326.0,10410.0,1.0
5186.0,28403.0,1.0
5186.0,8682.0,1.0
5272.0,3420.0,1.0
5278.0,25316.0,1.0
5510.0,23814.0,1.0
5580.0,3371.0,1.0
5617.0,7353.0,1.0
5686.0,7486.0,1.0
5696.0,8049.0,1.0
5487.0,10680.0,1.0
5487.0,17547.0,1.0
5487.0,37960.0,1.0
5388.0,7093.0,1.0
5422.0,7882.0,1.0
5462.0,7160.0,1.0
5120.0,8615.0,1.0
5121.0,6704.0,1.0
5125.0,50642.0,1.0
5125.0,49979.0,1.0
5139.0,5268.0,1.0
5142.0,12276.0,1.0
5079.0,16175.0,1.0
5079.0,26478.0,1.0
5079.0,34972.0,1.0
5167.0,49932.0,1.0
5167.0,35318.0,1.0
5167.0,35904.0,1.0
5167.0,9884.0,1.0
5167.0,27103.0,1.0
5167.0,32252.0,1.0
6236.0,17775.0,1.0
6254.0,49708.0,1.0
6254.0,18668.0,1.0
6256.0,8650.0,1.0
6263.0,16665.0,1.0
6268.0,8057.0,1.0
6272.0,2112.0,1.0
6272.0,399.0,1.0
6308.0,41647.0,1.0
6308.0,22709.0,1.0
6308.0,48351.0,1.0
6308.0,37922.0,1.0
6308.0,38637.0,1.0
6308.0,41004.0,1.0
6321.0,6839.0,1.0
6285.0,8146.0,1.0
5844.0,36638.0,1.0
5850.0,7680.0,1.0
5877.0,10204.0,1.0
5885.0,7931.0,1.0
5898.0,7668.0,1.0
5961.0,14772.0,1.0
5961.0,18381.0,1.0
5973.0,8056.0,1.0
5973.0,9759.0,1.0
5827.0,23136.0,1.0
5811.0,7666.0,1.0
5730.0,41636.0,1.0
5775.0,7267.0,1.0
5775.0,9502.0,1.0
5775.0,9554.0,1.0
5775.0,13801.0,1.0
6181.0,8516.0,1.0
6185.0,5332.0,1.0
6190.0,8055.0,1.0
6228.0,17481.0,1.0
6042.0,7589.0,1.0
5027.0,20700.0,1.0
5027.0,23145.0,1.0
9094.0,51914.0,1.0
9113.0,12472.0,1.0
10208.0,13581.0,1.0
10232.0,548.0,1.0
10240.0,13578.0,1.0
8980.0,8757.0,1.0
8980.0,13814.0,1.0
9039.0,37119.0,1.0
9085.0,12469.0,1.0
10622.0,14524.0,1.0
10630.0,9938.0,1.0
10611.0,18727.0,1.0
10516.0,11249.0,1.0
10570.0,13907.0,1.0
8755.0,12438.0,1.0
8755.0,22815.0,1.0
8755.0,14263.0,1.0
8755.0,28122.0,1.0
8755.0,15483.0,1.0
8755.0,14280.0,1.0
8755.0,7353.0,1.0
8755.0,16228.0,1.0
8755.0,14680.0,1.0
8755.0,32613.0,1.0
8755.0,20211.0,1.0
8755.0,23304.0,1.0
8755.0,26841.0,1.0
8755.0,13874.0,1.0
8755.0,14343.0,1.0
8755.0,14454.0,1.0
8755.0,11207.0,1.0
8755.0,13785.0,1.0
8755.0,13807.0,1.0
8755.0,14026.0,1.0
8755.0,17189.0,1.0
8755.0,17392.0,1.0
8755.0,18660.0,1.0
8755.0,11075.0,1.0
8858.0,11187.0,1.0
8865.0,40096.0,1.0
8865.0,46056.0,1.0
8865.0,39295.0,1.0
8865.0,18338.0,1.0
8865.0,39830.0,1.0
8883.0,49721.0,1.0
8930.0,19994.0,1.0
11387.0,19092.0,1.0
11387.0,28376.0,1.0
11400.0,11187.0,1.0
11430.0,15086.0,1.0
11430.0,16265.0,1.0
11374.0,14881.0,1.0
11209.0,30469.0,1.0
11209.0,641.0,1.0
11209.0,22544.0,1.0
11209.0,38909.0,1.0
11209.0,15167.0,1.0
11209.0,16010.0,1.0
11209.0,18246.0,1.0
11209.0,14639.0,1.0
11209.0,6577.0,1.0
11313.0,14837.0,1.0
11384.0,3737.0,1.0
11643.0,1059.0,1.0
11643.0,40967.0,1.0
11643.0,31908.0,1.0
11657.0,7341.0,1.0
11515.0,1586.0,1.0
11551.0,14983.0,1.0
11577.0,15055.0,1.0
11591.0,41240.0,1.0
11616.0,50551.0,1.0
10784.0,9228.0,1.0
10966.0,23750.0,1.0
10996.0,9316.0,1.0
10996.0,17229.0,1.0
11077.0,14562.0,1.0
11084.0,907.0,1.0
11089.0,14301.0,1.0
11136.0,10540.0,1.0
11147.0,14645.0,1.0
11169.0,6686.0,1.0
8163.0,10909.0,1.0
8163.0,2282.0,1.0
8163.0,10737.0,1.0
8163.0,3465.0,1.0
8188.0,17446.0,1.0
8188.0,34220.0,1.0
8188.0,15235.0,1.0
8188.0,14983.0,1.0
8188.0,19212.0,1.0
8188.0,23877.0,1.0
8081.0,22173.0,1.0
8076.0,7531.0,1.0
7922.0,8630.0,1.0
7927.0,8630.0,1.0
7992.0,10274.0,1.0
7998.0,14958.0,1.0
7998.0,15838.0,1.0
7998.0,18012.0,1.0
8014.0,2.0,1.0
8040.0,10302.0,1.0
8256.0,48201.0,1.0
8380.0,15034.0,1.0
8380.0,7011.0,1.0
8380.0,10692.0,1.0
8211.0,10408.0,1.0
8192.0,36965.0,1.0
8192.0,36480.0,1.0
7450.0,10159.0,1.0
7450.0,6166.0,1.0
7496.0,9849.0,1.0
7505.0,4290.0,1.0
7550.0,9832.0,1.0
7569.0,9981.0,1.0
7569.0,10425.0,1.0
7569.0,12491.0,1.0
7569.0,16416.0,1.0
7395.0,9788.0,1.0
7395.0,10003.0,1.0
7302.0,9585.0,1.0
7329.0,9139.0,1.0
7336.0,805.0,1.0
7336.0,8373.0,1.0
7336.0,9609.0,1.0
7387.0,18950.0,1.0
7387.0,9422.0,1.0
7387.0,19211.0,1.0
7772.0,9956.0,1.0
7646.0,15351.0,1.0
7654.0,402.0,1.0
7654.0,23479.0,1.0
8436.0,50094.0,1.0
8436.0,11255.0,1.0
8436.0,17655.0,1.0
8497.0,11024.0,1.0
8385.0,7083.0,1.0
8691.0,19830.0,1.0
8691.0,13652.0,1.0
8691.0,14247.0,1.0
8691.0,13972.0,1.0
8725.0,8420.0,1.0
8532.0,17057.0,1.0
8532.0,2215.0,1.0
8532.0,15361.0,1.0
8690.0,11034.0,1.0
8690.0,14540.0,1.0
5005.0,8771.0,1.0
2703.0,1456.0,1.0
2703.0,17811.0,1.0
2703.0,36178.0,1.0
2703.0,16742.0,1.0
2703.0,16920.0,1.0
2703.0,6572.0,1.0
2703.0,16414.0,1.0
2703.0,17451.0,1.0
2703.0,10301.0,1.0
2703.0,22809.0,1.0
2703.0,26627.0,1.0
2703.0,41562.0,1.0
2703.0,38520.0,1.0
2703.0,27329.0,1.0
2703.0,4320.0,1.0
2703.0,3616.0,1.0
2703.0,17723.0,1.0
2703.0,4421.0,1.0
2703.0,4796.0,1.0
2703.0,23877.0,1.0
2703.0,14984.0,1.0
2703.0,18708.0,1.0
2703.0,18824.0,1.0
2703.0,18833.0,1.0
2703.0,22015.0,1.0
2703.0,18280.0,1.0
2703.0,17572.0,1.0
2703.0,17610.0,1.0
2703.0,18004.0,1.0
2703.0,18199.0,1.0
2703.0,23731.0,1.0
2703.0,24005.0,1.0
2703.0,24050.0,1.0
2703.0,22862.0,1.0
2703.0,23083.0,1.0
2703.0,23108.0,1.0
2703.0,23216.0,1.0
2703.0,23326.0,1.0
2703.0,23358.0,1.0
2703.0,17501.0,1.0
2703.0,17461.0,1.0
2703.0,3201.0,1.0
2703.0,12513.0,1.0
2703.0,14626.0,1.0
2703.0,15252.0,1.0
2703.0,4434.0,1.0
2703.0,8306.0,1.0
2703.0,35364.0,1.0
2703.0,26724.0,1.0
2703.0,26968.0,1.0
2703.0,17881.0,1.0
2603.0,7188.0,1.0
2603.0,9609.0,1.0
2603.0,17054.0,1.0
2603.0,9273.0,1.0
2603.0,10985.0,1.0
2637.0,5719.0,1.0
2697.0,3821.0,1.0
2995.0,3433.0,1.0
3068.0,5691.0,1.0
3068.0,3550.0,1.0
2974.0,4221.0,1.0
2857.0,3348.0,1.0
2867.0,3371.0,1.0
2893.0,3383.0,1.0
2944.0,3433.0,1.0
2954.0,3433.0,1.0
2958.0,3000.0,1.0
3126.0,8146.0,1.0
3126.0,10579.0,1.0
3126.0,7765.0,1.0
3126.0,8154.0,1.0
3126.0,5337.0,1.0
3126.0,10183.0,1.0
3126.0,3058.0,1.0
3114.0,4845.0,1.0
3114.0,4597.0,1.0
3114.0,3070.0,1.0
2722.0,3150.0,1.0
2722.0,1570.0,1.0
2722.0,3235.0,1.0
2722.0,4087.0,1.0
2828.0,35536.0,1.0
2828.0,48450.0,1.0
2828.0,27634.0,1.0
2828.0,34403.0,1.0
2033.0,19298.0,1.0
2033.0,27394.0,1.0
2033.0,8771.0,1.0
2033.0,8467.0,1.0
2033.0,9937.0,1.0
2033.0,14299.0,1.0
2033.0,23358.0,1.0
2033.0,10224.0,1.0
2033.0,23306.0,1.0
2033.0,14504.0,1.0
2027.0,5264.0,1.0
2027.0,4816.0,1.0
2027.0,19665.0,1.0
2067.0,1056.0,1.0
2080.0,42662.0,1.0
2087.0,3049.0,1.0
2111.0,2507.0,1.0
2114.0,8560.0,1.0
2011.0,2314.0,1.0
1993.0,16414.0,1.0
1791.0,1507.0,1.0
1792.0,598.0,1.0
1792.0,3117.0,1.0
1762.0,2361.0,1.0
1781.0,4828.0,1.0
1781.0,6134.0,1.0
1898.0,2074.0,1.0
1941.0,1823.0,1.0
1941.0,2456.0,1.0
1808.0,2024.0,1.0
1835.0,2561.0,1.0
1835.0,15809.0,1.0
2158.0,10696.0,1.0
2158.0,3111.0,1.0
2158.0,5421.0,1.0
2158.0,9470.0,1.0
2158.0,10132.0,1.0
2433.0,4709.0,1.0
2440.0,2929.0,1.0
2459.0,4381.0,1.0
2459.0,4551.0,1.0
2459.0,5199.0,1.0
2459.0,2482.0,1.0
2459.0,4484.0,1.0
2417.0,16071.0,1.0
2382.0,5210.0,1.0
2382.0,4989.0,1.0
2383.0,8242.0,1.0
2408.0,4245.0,1.0
2411.0,39573.0,1.0
2411.0,40107.0,1.0
2465.0,1915.0,1.0
2464.0,5431.0,1.0
2209.0,5998.0,1.0
2224.0,6080.0,1.0
2280.0,8067.0,1.0
2280.0,3058.0,1.0
2280.0,2796.0,1.0
2280.0,2886.0,1.0
2280.0,3016.0,1.0
2280.0,20654.0,1.0
2280.0,25330.0,1.0
2280.0,10618.0,1.0
2280.0,3603.0,1.0
2280.0,9984.0,1.0
2192.0,9044.0,1.0
2177.0,3498.0,1.0
2287.0,2799.0,1.0
2356.0,2779.0,1.0
3943.0,14123.0,1.0
3943.0,10041.0,1.0
3943.0,6574.0,1.0
3943.0,42163.0,1.0
3943.0,7556.0,1.0
3943.0,32400.0,1.0
3943.0,2241.0,1.0
3943.0,3665.0,1.0
3943.0,7782.0,1.0
3943.0,8197.0,1.0
3943.0,8440.0,1.0
3943.0,6996.0,1.0
3943.0,6620.0,1.0
3943.0,20159.0,1.0
3943.0,20703.0,1.0
3943.0,10112.0,1.0
3943.0,12327.0,1.0
3943.0,8107.0,1.0
3943.0,6673.0,1.0
3943.0,4838.0,1.0
3943.0,5951.0,1.0
3943.0,6434.0,1.0
4020.0,20180.0,1.0
4020.0,6828.0,1.0
4020.0,20753.0,1.0
4020.0,34542.0,1.0
4020.0,3487.0,1.0
4020.0,9214.0,1.0
4020.0,9700.0,1.0
4047.0,3429.0,1.0
4060.0,8912.0,1.0
4082.0,4847.0,1.0
3926.0,3389.0,1.0
3926.0,5523.0,1.0
3835.0,41361.0,1.0
3835.0,50771.0,1.0
3835.0,15278.0,1.0
3835.0,15386.0,1.0
3835.0,38520.0,1.0
3835.0,805.0,1.0
3835.0,27785.0,1.0
3835.0,31751.0,1.0
3835.0,44387.0,1.0
3838.0,4886.0,1.0
3840.0,4845.0,1.0
4092.0,510.0,1.0
4092.0,5722.0,1.0
4092.0,7247.0,1.0
4092.0,12450.0,1.0
4092.0,13604.0,1.0
4092.0,5756.0,1.0
4092.0,4120.0,1.0
4092.0,10919.0,1.0
4092.0,23721.0,1.0
4670.0,10664.0,1.0
4795.0,18423.0,1.0
4795.0,31325.0,1.0
4795.0,5916.0,1.0
4795.0,16093.0,1.0
4795.0,17497.0,1.0
4795.0,18137.0,1.0
4566.0,14886.0,1.0
4566.0,15402.0,1.0
4566.0,5871.0,1.0
4573.0,5865.0,1.0
4616.0,6029.0,1.0
4859.0,6264.0,1.0
4873.0,6272.0,1.0
4887.0,16672.0,1.0
4889.0,6297.0,1.0
4903.0,4765.0,1.0
4910.0,8535.0,1.0
4910.0,8442.0,1.0
4930.0,6363.0,1.0
4855.0,8380.0,1.0
4527.0,5465.0,1.0
4146.0,17209.0,1.0
4146.0,22329.0,1.0
4199.0,5426.0,1.0
4226.0,5461.0,1.0
4263.0,5499.0,1.0
4278.0,5861.0,1.0
4278.0,5504.0,1.0
4129.0,5413.0,1.0
4301.0,23889.0,1.0
3451.0,37851.0,1.0
3451.0,5920.0,1.0
3451.0,16401.0,1.0
3451.0,8437.0,1.0
3458.0,35888.0,1.0
3458.0,34482.0,1.0
3337.0,4263.0,1.0
3343.0,13584.0,1.0
3398.0,52110.0,1.0
3575.0,41685.0,1.0
3575.0,42787.0,1.0
3606.0,3122.0,1.0
3606.0,9267.0,1.0
3480.0,8316.0,1.0
3499.0,4105.0,1.0
3508.0,5300.0,1.0
3178.0,44883.0,1.0
3178.0,49844.0,1.0
3178.0,40562.0,1.0
3178.0,50647.0,1.0
3178.0,41191.0,1.0
3178.0,43096.0,1.0
3178.0,44331.0,1.0
3178.0,44925.0,1.0
3181.0,3637.0,1.0
3194.0,4265.0,1.0
3194.0,3235.0,1.0
3194.0,3831.0,1.0
3206.0,3777.0,1.0
3211.0,6905.0,1.0
3312.0,2560.0,1.0
3312.0,1091.0,1.0
3312.0,4037.0,1.0
3252.0,1955.0,1.0
3288.0,3074.0,1.0
3790.0,15791.0,1.0
3790.0,4501.0,1.0
3790.0,22002.0,1.0
3790.0,9971.0,1.0
3790.0,30094.0,1.0
3790.0,8635.0,1.0
3790.0,7680.0,1.0
3790.0,17572.0,1.0
3790.0,9278.0,1.0
3790.0,5226.0,1.0
3790.0,10183.0,1.0
3790.0,5622.0,1.0
3790.0,14856.0,1.0
3790.0,10587.0,1.0
3790.0,22579.0,1.0
3790.0,26876.0,1.0
3790.0,4753.0,1.0
3790.0,5274.0,1.0
3790.0,7797.0,1.0
3790.0,6353.0,1.0
3668.0,20304.0,1.0
3789.0,4740.0,1.0
3677.0,45431.0,1.0
3704.0,7670.0,1.0
3727.0,4681.0,1.0
3768.0,3360.0,1.0
3776.0,965.0,1.0
10939.0,1244.0,1.0
26157.0,27352.0,1.0
