4.0,96.0,1.0029809756710355
4.0,2560.0,1.0027132932539384
25579.0,5003.0,1.019811938594931
25579.0,7652.0,1.0213368701913557
25579.0,8841.0,1.0206826701210017
25579.0,8904.0,1.0196365416695579
25579.0,9158.0,1.0200679430992772
25579.0,4398.0,1.019719379755519
25579.0,773.0,1.0187961385921864
25579.0,1367.0,1.0215809445995654
25579.0,2093.0,1.0190036434893917
25579.0,2274.0,1.0211741780341856
25579.0,2968.0,1.0221037447031058
25579.0,3803.0,1.020679262848246
25579.0,9964.0,1.0209832685571678
25579.0,12342.0,1.0206960404742556
25579.0,12373.0,1.0199404327128174
25579.0,13822.0,1.019913479926542
25579.0,14841.0,1.019769855285202
25579.0,32076.0,1.0197605172217548
25579.0,32323.0,1.02050211405765
25579.0,31567.0,1.0203884617168735
25579.0,31608.0,1.018501766313878
25579.0,31708.0,1.0188991636998606
25579.0,31967.0,1.0198138475187692
25579.0,32015.0,1.0202398629008653
25579.0,31485.0,1.0213873677289753
25579.0,32694.0,1.0203412483561491
25579.0,34693.0,1.0211205396792746
25579.0,34704.0,1.0211299513526528
25579.0,34743.0,1.0211623506835719
25579.0,34749.0,1.019225103496236
25579.0,35190.0,1.0205351029232204
25579.0,35334.0,1.0205527615693921
25579.0,35365.0,1.0195739139323703
25579.0,35424.0,1.0213626758107286
25579.0,34644.0,1.0193558867206267
25579.0,34322.0,1.019430741243823
25579.0,27530.0,1.019790655006889
25579.0,27779.0,1.0190271283395709
25579.0,27794.0,1.0199873824557464
25579.0,27982.0,1.0206891306759782
25579.0,27082.0,1.0205275909899512
25579.0,22208.0,1.0196370916604012
25579.0,23395.0,1.0216225908326635
25579.0,23757.0,1.0192912192260395
25579.0,23868.0,1.0195381013060074
25579.0,26712.0,1.0187754824256627
25579.0,31402.0,1.020912746427893
25579.0,30816.0,1.0192235965727738
25579.0,30873.0,1.020293949856844
25579.0,30929.0,1.0182129838901113
25579.0,31026.0,1.0204579654250936
25579.0,31206.0,1.019554926253332
25579.0,30078.0,1.0206588398618879
25579.0,30031.0,1.020907175666418
25579.0,28927.0,1.0206635868092253
25579.0,28350.0,1.0195931882952372
25579.0,28382.0,1.0201145227975594
25579.0,28710.0,1.020483089895659
25579.0,28858.0,1.018661624178266
25579.0,35569.0,1.0202041998397275
25579.0,40820.0,1.019516936588814
25579.0,35637.0,1.020006681452299
25579.0,37524.0,1.0201043733572814
25579.0,37709.0,1.0196342331974297
25579.0,36224.0,1.020390137147458
25579.0,36251.0,1.0205668054831598
25579.0,37276.0,1.021109619446041
25579.0,38749.0,1.017785202059348
25579.0,39512.0,1.0209682868348249
25579.0,35624.0,1.0196709752453095
25579.0,37757.0,1.019311712405714
25579.0,37811.0,1.0197602460692803
25579.0,37916.0,1.0196145084505983
25579.0,38460.0,1.0214293046343208
25579.0,38606.0,1.0209166393794178
25579.0,38283.0,1.021983121562621
25579.0,37198.0,1.0205039986286684
25579.0,37286.0,1.0194676441347634
25579.0,37440.0,1.019799824606541
25579.0,37603.0,1.0215691403576435
25579.0,37666.0,1.0194436937197144
25579.0,39648.0,1.020192976942072
25579.0,39770.0,1.0183670040903068
25579.0,39420.0,1.0212972551317296
25579.0,38775.0,1.0228935885411514
25579.0,38921.0,1.0201324414766477
25579.0,39025.0,1.0209691793271087
25579.0,39063.0,1.0199253007691051
25579.0,39075.0,1.0204364326004485
25579.0,39429.0,1.0193772932285547
25579.0,37179.0,1.0204614017293487
25579.0,36074.0,1.0187952839703749
25579.0,36170.0,1.0204513647966034
25579.0,35968.0,1.0201670372058271
25579.0,35711.0,1.0174316229598812
25579.0,35791.0,1.0198910354380573
25579.0,35800.0,1.0200266107202933
25579.0,35848.0,1.0185084101823487
25579.0,35930.0,1.0209825916928381
25579.0,36282.0,1.0207243225753406
25579.0,36837.0,1.0192568933654236
25579.0,36957.0,1.018366971917555
25579.0,37068.0,1.0205630026786265
25579.0,37108.0,1.0198207505048142
25579.0,37129.0,1.0192872673836975
25579.0,36327.0,1.0197199750411057
25579.0,36355.0,1.0205031930311388
25579.0,36453.0,1.0201508908723045
25579.0,36513.0,1.0208205428782269
25579.0,36548.0,1.0179091944544658
25579.0,36635.0,1.021967695036367
25579.0,49875.0,1.021089987822905
25579.0,50540.0,1.019692476253186
25579.0,48063.0,1.0187246297605455
25579.0,45622.0,1.019543570947384
25579.0,45834.0,1.0202222458143564
25579.0,45977.0,1.0190921777962287
25579.0,47202.0,1.0202911507756323
25579.0,47374.0,1.0194461724976693
25579.0,47805.0,1.0190657788971156
25579.0,45317.0,1.0181674549191497
25579.0,42192.0,1.0191305151375414
25579.0,42259.0,1.020021064175374
25579.0,42352.0,1.0196292468042016
25579.0,42363.0,1.0180435731312787
25579.0,42416.0,1.0196598700740083
25579.0,41832.0,1.0189802666734433
25579.0,41763.0,1.0195491013359794
25579.0,40602.0,1.0206111853453712
25579.0,40725.0,1.0200745248888916
25579.0,40875.0,1.0201279880347118
25579.0,40881.0,1.0188316139934954
25579.0,40925.0,1.0183324427634521
25579.0,41014.0,1.0191551439747313
25579.0,41494.0,1.019518127320907
25579.0,41736.0,1.0219474973992881
25579.0,42440.0,1.0202828010391567
25579.0,43672.0,1.018737428436645
25579.0,44154.0,1.0182346116175072
25579.0,44365.0,1.0207585581221077
25579.0,44901.0,1.0201679409717874
25579.0,45002.0,1.018431545887044
25579.0,42997.0,1.0183248585871005
25579.0,43036.0,1.019570208191613
25579.0,43274.0,1.021080609337276
25579.0,45363.0,1.0193769059451518
25375.0,41968.0,1.0039484775158267
25394.0,26590.0,1.0032579941813444
25398.0,48525.0,1.0023784865458119
25415.0,4956.0,1.001761440713968
25415.0,6923.0,1.001579633423592
25415.0,36176.0,1.0018173541810131
25415.0,44255.0,1.0029112174137718
25415.0,44319.0,1.0040842262331173
25415.0,45694.0,1.0008262995888741
25415.0,45929.0,1.0038640691233292
25415.0,43496.0,1.0023301621963492
25415.0,37593.0,1.0032385499103065
25415.0,38250.0,1.0025176294211673
25415.0,39334.0,1.0022253773463612
25415.0,39437.0,1.0026762060065
25415.0,41842.0,1.0018251333035775
25120.0,27223.0,1.0009532959955476
25153.0,26486.0,1.0
25206.0,40275.0,1.0042704432674339
25220.0,32418.0,1.0016203591783073
25281.0,26918.0,1.0038004131525888
25359.0,28279.0,1.0012182134549175
25425.0,16419.0,1.0025203340216575
22400.0,23681.0,1.002895704026846
22400.0,23449.0,1.0034947764420308
22504.0,18951.0,1.0007595640017444
22504.0,32951.0,1.0020891756519446
22504.0,32957.0,1.0035012585008953
22504.0,45589.0,1.0022814094465675
22385.0,43150.0,1.0006899349775171
22385.0,32719.0,1.0009171739260057
22367.0,16234.0,1.0
22367.0,14090.0,1.0
22367.0,50294.0,1.0009394030438599
22367.0,52191.0,1.0011319965085108
22367.0,48395.0,1.0005000537842235
22367.0,36029.0,1.0013014914751759
22367.0,36594.0,1.0
22367.0,37266.0,1.00191001891588
22367.0,38290.0,1.0021657598526827
22367.0,38491.0,1.0008942298069834
22367.0,39802.0,1.0
22367.0,35783.0,1.0
22367.0,35608.0,1.000297935327095
22367.0,34236.0,1.0004560973757448
22367.0,34262.0,1.0015069210728442
22367.0,34825.0,1.000400946424114
22367.0,34846.0,1.0012483624366928
22367.0,35153.0,1.0009505441305087
22367.0,35431.0,1.0000041138396516
22367.0,35739.0,1.0003934236037872
22367.0,46029.0,1.000014806010834
22367.0,47186.0,1.0
22367.0,47821.0,1.0015960311418663
22367.0,47966.0,1.0000919103610582
22367.0,44662.0,1.0012566822002038
22367.0,40494.0,1.0
22367.0,40665.0,1.0004257965706025
22367.0,40716.0,1.0001415919110028
22367.0,41000.0,1.0013324261394885
22367.0,41250.0,1.0008958300636914
22367.0,32357.0,1.000283616390006
22367.0,32298.0,1.0003246093798435
22367.0,4923.0,1.0000202214266765
22367.0,27758.0,1.0
22367.0,27918.0,1.0012014075041056
22367.0,31319.0,1.0
22367.0,31414.0,1.0018424834939372
22367.0,31949.0,1.0005792059334577
22367.0,26535.0,1.0017185160255664
22367.0,26366.0,1.001126973916828
22367.0,7626.0,1.002039787198608
22367.0,16122.0,1.0008430695958361
22367.0,20420.0,1.001280391134189
22682.0,40820.0,1.0
22682.0,44051.0,1.000266042377084
22733.0,23743.0,1.0035392718576528
22733.0,24099.0,1.003597198515733
22784.0,12476.0,1.0023231030208177
22806.0,26460.0,1.0027558412643895
22522.0,36926.0,1.001746430196612
22522.0,40535.0,1.0025384275004174
22522.0,40900.0,1.0033612428947731
22545.0,26370.0,1.002808668231577
22624.0,23619.0,1.0031295554004864
22879.0,44245.0,1.001462096851197
23274.0,25262.0,1.0
23293.0,8520.0,1.0020453785740076
23481.0,47350.0,1.0020521468648993
23506.0,44100.0,1.0029060770508436
23506.0,45993.0,1.0011308601049314
23506.0,51944.0,1.0015323105008942
23149.0,52155.0,1.0029194515907565
23149.0,45017.0,1.0011437616439636
23149.0,32459.0,1.003493355283177
23149.0,44175.0,1.0024977771567436
23188.0,1333.0,1.0033552431478499
23188.0,44935.0,1.0015953643163173
23188.0,47933.0,1.0029251940102906
23203.0,36204.0,1.003706389345146
23254.0,20860.0,1.0017602333695756
24765.0,26416.0,1.0009586687329497
24937.0,25181.0,1.0013571181648218
24966.0,23943.0,1.001016331182686
24987.0,26671.0,1.0031423009031073
24991.0,26664.0,1.005434520191686
23523.0,2080.0,1.001256679795024
23554.0,39276.0,1.0065341287750182
23580.0,9701.0,1.00281512779391
24599.0,35152.0,1.0024441015145897
24645.0,43371.0,1.0033347337517884
24698.0,3430.0,1.0031694524488473
23087.0,27572.0,1.0
23087.0,28505.0,1.0007574417997442
23087.0,30234.0,1.0027144879909593
23087.0,34481.0,1.0011391155700804
23087.0,14232.0,1.0006559145270295
23087.0,15416.0,1.0
23087.0,44318.0,1.0001255347981137
23087.0,35472.0,1.002664268370056
23087.0,40561.0,1.0028201712288465
23087.0,41804.0,1.0006344533383187
23087.0,41989.0,1.001544427503537
22916.0,7013.0,1.003494305325065
22922.0,23849.0,1.0027741017614855
22976.0,26494.0,1.0045115395684319
22976.0,27158.0,1.0047933841321766
23035.0,31388.0,1.0029167166480015
23059.0,25167.0,1.0036170178662143
23067.0,23967.0,1.0032110877174998
26143.0,74.0,1.002842525902024
26297.0,10490.0,1.0010717429950684
26120.0,16763.0,1.0014631123824893
26088.0,31385.0,1.00299536538546
26046.0,23175.0,1.0021006426144112
25619.0,27726.0,1.001916815837867
25659.0,29994.0,1.000491529025333
25723.0,27861.0,1.0009744150354734
25847.0,20313.0,1.0047140858038885
25868.0,27392.0,1.0003921925783592
26476.0,27940.0,1.0022688196594405
26648.0,30929.0,1.0
26648.0,31231.0,1.0
26648.0,25326.0,1.0017762336061924
26648.0,8376.0,1.0013415618817227
26648.0,8886.0,1.001853068990582
26648.0,9907.0,1.0
26648.0,11220.0,1.0013268676753078
26648.0,8048.0,1.0
26648.0,13945.0,1.0017515072916154
26648.0,30972.0,1.0003982182421127
26648.0,31365.0,1.0
26648.0,30361.0,1.000003147240155
26648.0,30389.0,1.0
26648.0,30469.0,1.000838314799209
26648.0,30501.0,1.0001388360947043
26648.0,30507.0,1.0001875904327695
26648.0,30522.0,1.0006478228316744
26648.0,30796.0,1.0001879053076488
26648.0,34463.0,1.0010643653276898
26648.0,34494.0,1.0006323851370846
26648.0,34513.0,1.0010903296937101
26648.0,35168.0,1.0012715944422852
26648.0,35178.0,1.0001244179755797
26648.0,35991.0,1.0
26648.0,36017.0,1.0
26648.0,32706.0,1.000274717900071
26648.0,31896.0,1.0
26648.0,32209.0,1.0005151044663994
26648.0,32423.0,1.0000872289275229
26648.0,32469.0,1.0012954476683698
26648.0,19495.0,1.0
26648.0,19804.0,1.001585082863527
26648.0,21937.0,1.0017041115315009
26648.0,23560.0,1.000185715141871
26648.0,23799.0,1.0
26648.0,18586.0,1.0000397353927188
26648.0,14178.0,1.0004062187879972
26648.0,14556.0,1.0003026114331157
26648.0,18432.0,1.0001849513502314
26648.0,28787.0,1.0
26648.0,28865.0,1.0008884375842249
26648.0,28909.0,1.001556912970856
26648.0,29984.0,1.0
26648.0,30093.0,1.0022570420100467
26648.0,30133.0,1.0009115491971714
26648.0,28749.0,1.0
26648.0,27202.0,1.0005952771537534
26648.0,27814.0,1.0
26648.0,28179.0,1.00038530682296
26648.0,28415.0,1.002479825953665
26648.0,28601.0,1.0022452946581972
26648.0,37265.0,1.0026316662903931
26648.0,42905.0,1.0
26536.0,38416.0,1.0
26587.0,37284.0,1.000822864786226
25597.0,35889.0,1.0009817775404464
25597.0,38760.0,1.0014878655851003
25597.0,39009.0,1.0008759116433843
25597.0,39049.0,1.0014270678642896
25597.0,39456.0,1.0014442284035738
25597.0,39512.0,1.0016844965967813
25597.0,37459.0,1.0031455760709425
25597.0,37557.0,1.001869897208086
25597.0,37651.0,1.0014610356533835
25597.0,37802.0,1.0004709958348788
25597.0,38015.0,1.0017335448222262
25597.0,46171.0,1.0
25597.0,47722.0,1.0012955125073781
25597.0,47752.0,1.0017187213543655
25597.0,47839.0,1.0
25597.0,48450.0,1.0
25597.0,45576.0,1.002333753067899
25597.0,45462.0,1.0
25597.0,40312.0,1.0005001350627847
25597.0,41270.0,1.0
25597.0,41908.0,1.0020557308298932
25597.0,42946.0,1.0
25597.0,37385.0,1.0020798294591364
25597.0,37309.0,1.000048893912141
25597.0,36535.0,1.0005497660612228
25597.0,14190.0,1.0010315645894925
25597.0,31328.0,1.0006209110570357
25597.0,31972.0,1.0016969817082566
25597.0,32149.0,1.0009103195314983
25597.0,34361.0,1.0003740854678678
25597.0,36288.0,1.0
25597.0,36330.0,1.0010385503734973
25597.0,36746.0,1.0018906317519345
25597.0,36797.0,1.0002744719605612
25597.0,37221.0,1.002503504538693
25597.0,32805.0,1.000469040629208
25597.0,34863.0,1.0002294765393411
25597.0,35336.0,1.0018168369500748
25597.0,35680.0,1.0019854323020907
25597.0,37329.0,1.0012108229315653
16777.0,47243.0,1.0013595621766362
16778.0,1367.0,1.002760503128929
16852.0,22456.0,1.0035375087713354
16878.0,13910.0,1.0008337424283111
16889.0,7119.0,1.0036297325273311
16894.0,28897.0,1.0021159495687126
16952.0,18943.0,1.0008631896791857
16959.0,47449.0,1.000491218071456
16965.0,6788.0,1.002479304563774
16965.0,18950.0,1.002755992104413
16419.0,20473.0,1.0039121309870533
16577.0,10461.0,1.000614361585302
16672.0,14886.0,1.000515541295248
16700.0,19915.0,1.0025001245133887
16700.0,22489.0,1.0004820349002044
16711.0,18628.0,1.0033845355157005
17218.0,19223.0,1.003103813764143
17355.0,22068.0,1.0022434592129352
17358.0,7087.0,1.0
17358.0,19477.0,1.0010231484183765
16968.0,13554.0,1.0034899954077603
16968.0,17608.0,1.003075500680242
17044.0,18635.0,1.0000394044611547
17062.0,19042.0,1.0043774959073992
17062.0,19044.0,1.0031388113634978
17070.0,9089.0,1.0030517652562991
15636.0,15538.0,1.0017089170201088
15649.0,8739.0,1.0004882981157348
15936.0,16920.0,1.0
15949.0,18173.0,1.0016945388633753
15288.0,45893.0,1.0022796799177975
15288.0,44879.0,1.0019674774905838
15288.0,34888.0,1.0004591768588582
15288.0,41755.0,1.0
15288.0,42400.0,1.0
15288.0,4762.0,1.001198246186339
15288.0,17530.0,1.001440199696971
15288.0,18573.0,1.0010713411715935
15288.0,19625.0,1.0001934953903158
15288.0,19784.0,1.0010686306641996
15288.0,23504.0,1.0
15288.0,44876.0,1.0014983944847722
15483.0,8420.0,1.0025501803638441
15574.0,17695.0,1.0024292775360972
15961.0,35213.0,1.0021757426998106
15977.0,28672.0,1.0051619580589657
15977.0,52027.0,1.0048912073778054
16282.0,20006.0,1.0021714719278023
16201.0,38383.0,1.0023143963597225
16194.0,14683.0,1.0014316068106641
16003.0,5268.0,1.0045252506492632
16003.0,19813.0,1.005100564679582
17394.0,19298.0,1.0007679222432142
17494.0,19362.0,1.0031575565300728
18322.0,5986.0,1.0009138724402875
18331.0,9663.0,1.0036196225478953
18335.0,18420.0,1.0040673770163087
18335.0,22170.0,1.0028717387821087
18335.0,34272.0,1.0007363392368822
18008.0,25280.0,1.000677959986554
18008.0,46071.0,1.0008417031140464
18008.0,19943.0,1.0011053010938933
18012.0,26947.0,1.0005433387872313
18381.0,45514.0,1.0017982700310324
18404.0,15282.0,1.006039074315095
18414.0,20001.0,1.000375056292351
18450.0,20092.0,1.0053452274996026
18519.0,6114.0,1.0012563377294388
17572.0,28230.0,1.0013112746966433
17572.0,415.0,1.0014331970365764
17572.0,16490.0,1.0020439814514093
17575.0,40278.0,1.001424567968685
17590.0,19353.0,1.0
17748.0,19974.0,1.002773376009217
17811.0,44214.0,1.0028970366244994
17526.0,39327.0,1.0026307679407804
17546.0,20003.0,1.0033992164967573
17834.0,40207.0,1.0020275119837099
17834.0,43009.0,1.0033101900338208
17948.0,20835.0,1.002129304399389
17960.0,19776.0,1.0020608364556547
17986.0,47525.0,1.0031316163295203
17914.0,41380.0,1.0047901540393676
13949.0,16313.0,1.0020999597384328
13967.0,16864.0,1.0029907653890118
13967.0,27390.0,1.0021042843466292
13521.0,16198.0,1.0018138637619465
13630.0,4972.0,1.0032422930287286
13995.0,34205.0,1.0039553536304309
14160.0,16313.0,1.0020928717462374
14205.0,15004.0,1.0022115303119044
14436.0,16825.0,1.0022681932328439
14071.0,1959.0,1.002541312262187
14002.0,8095.0,1.001572677510485
14002.0,22241.0,1.001878393224815
14002.0,22770.0,1.0026400031747387
14008.0,16277.0,1.0017311183005813
14018.0,16479.0,1.002253555881773
14064.0,10864.0,1.0009289417048892
14114.0,6798.0,1.0027867689276988
11957.0,25249.0,1.0021961842429163
11957.0,15238.0,1.0022468014672148
11993.0,8080.0,1.0032816733907708
12033.0,15460.0,1.0025356316231706
12034.0,16096.0,1.0043616996689293
13133.0,1990.0,1.0007651517739706
11905.0,13652.0,1.0010588904668531
11777.0,1770.0,1.0024863579320202
11795.0,14707.0,1.0055191686940586
11798.0,1367.0,1.0055648878975625
11849.0,13798.0,1.003005871988159
11870.0,15445.0,1.0023969539322943
13187.0,23513.0,1.0029332084113725
13418.0,18168.0,1.0024521590616546
13464.0,23964.0,1.0030164631761176
13464.0,26764.0,1.001802257430541
13190.0,4409.0,1.0009335465997504
13333.0,15278.0,1.0029839382696153
13388.0,10674.0,1.0018183785595418
15099.0,17422.0,1.0011262173691358
15118.0,8531.0,1.0036641102566934
15184.0,7477.0,1.0012548194695694
15184.0,50080.0,1.0010821862176078
15249.0,14745.0,1.0031921819857577
15272.0,17584.0,1.0030807709030776
15040.0,16414.0,1.0024339301315017
14819.0,23757.0,1.001270616504492
14911.0,2839.0,1.0031722829135132
14912.0,8263.0,1.0025559125193704
14912.0,6180.0,1.0027318333235167
14765.0,18001.0,1.0040094401893087
14582.0,28446.0,1.0031328390240386
14582.0,7209.0,1.0026376710751217
14582.0,23964.0,1.003402144633136
14582.0,28907.0,1.0024293089284568
14582.0,31055.0,1.0010805473962412
14582.0,32720.0,1.0011383950806376
14582.0,34598.0,1.0012012509421824
14582.0,27965.0,1.0016178400060871
14582.0,27801.0,1.0038269340023864
14582.0,25123.0,1.0026815585583917
14467.0,7287.0,1.0
14508.0,13720.0,1.000988641389328
14740.0,17921.0,1.003714986298351
14740.0,19845.0,1.0048601675531732
14749.0,17156.0,1.003770860247939
14736.0,13976.0,1.0010213774627439
14622.0,36099.0,1.0020034853681639
14651.0,19679.0,1.0
14696.0,42318.0,1.0
18544.0,21969.0,1.0025863355140634
18604.0,22073.0,1.0012245692685682
18604.0,39193.0,1.0
18604.0,26964.0,1.0008857332747447
18604.0,3435.0,1.0005624866254486
18604.0,22452.0,1.0019021063572804
18604.0,22258.0,1.0014268396634876
18604.0,9193.0,1.000735397139488
18604.0,21905.0,1.0018402599225953
18604.0,22086.0,1.001258316191116
18604.0,22224.0,1.000810174174649
21289.0,40697.0,1.0015206342044172
21289.0,47977.0,1.001375875551368
21289.0,50302.0,1.001235499669072
21289.0,50324.0,1.00097320501376
21289.0,50460.0,1.0011001648288405
21289.0,50724.0,1.0022745143751726
21289.0,49877.0,1.0000786999152718
21289.0,24055.0,1.0015018649173804
21289.0,49805.0,1.001732219859378
21224.0,19668.0,1.003805362829873
21262.0,22463.0,1.00327575151453
21297.0,48450.0,1.0
21297.0,3348.0,1.001939823027511
21297.0,19771.0,1.0026595077874163
21297.0,28424.0,1.0
21297.0,48333.0,1.001744361906813
21433.0,30753.0,1.0005942489662718
21433.0,30264.0,1.0014467953701829
21433.0,30231.0,1.0016076663330034
21433.0,26913.0,1.0
21441.0,22412.0,1.0029053511722508
21463.0,22632.0,1.0
21494.0,22684.0,1.0038142857014822
21533.0,30983.0,1.000947163571968
21331.0,22663.0,1.0
20749.0,26782.0,1.0018238336090584
20749.0,28314.0,1.0015211005887827
20749.0,30659.0,1.0021927874497287
20749.0,31041.0,1.0013145550749296
20749.0,31156.0,1.0012890660891867
20749.0,27612.0,1.001479788550114
20749.0,27822.0,1.0027155572830921
20749.0,27882.0,1.0
20749.0,27934.0,1.0012714112001837
20749.0,28135.0,1.001315266729691
20749.0,29951.0,1.0014770723864481
20749.0,27536.0,1.003876169029695
20749.0,6738.0,1.003041231589621
20749.0,8135.0,1.0007736259013127
20749.0,27040.0,1.0022637999639517
20749.0,27123.0,1.0022779846735792
20749.0,27291.0,1.002484644388221
20749.0,27033.0,1.000920708706096
20749.0,22345.0,1.003069995959625
20749.0,27019.0,1.0013006439615966
20749.0,22525.0,1.0026630315676603
20749.0,22555.0,1.0014909355477861
20749.0,22630.0,1.001126470199729
20749.0,22735.0,1.0017236175722728
20749.0,22958.0,1.0013982958925967
20776.0,20389.0,1.000789305562227
20816.0,5057.0,1.0037526670948187
20874.0,22489.0,1.0
21537.0,22732.0,1.003312585551031
21074.0,22020.0,1.0021113445858398
21118.0,22606.0,1.0020796308185487
21135.0,22347.0,1.0023724881405165
21196.0,2153.0,1.0018960783954292
21196.0,26450.0,1.0020754390687017
21208.0,17409.0,1.001560789831426
21027.0,22607.0,1.0034252433999131
20901.0,22091.0,1.0017525129750635
20991.0,22890.0,1.0036159994527378
20991.0,23072.0,1.0032869430209947
21016.0,22411.0,1.0015954287675686
21016.0,22464.0,1.0040296708639265
21542.0,26918.0,1.0014706938681177
21543.0,25222.0,1.003368822068638
22247.0,8367.0,1.001811927119111
22247.0,49811.0,1.0029214086843898
22247.0,44313.0,1.0011394290342812
22247.0,44354.0,1.0024091879834442
22288.0,5480.0,1.0024035810088485
22324.0,50544.0,1.0028899512315372
22324.0,52234.0,1.0030356485978587
22364.0,22476.0,1.0023338541978533
22224.0,15573.0,1.000334584063426
21826.0,37520.0,1.0029181331550066
21862.0,22785.0,1.0029613732279463
21903.0,28667.0,1.0031201173513287
21907.0,38434.0,1.002796427902292
21916.0,23004.0,1.0026127893155672
21930.0,47251.0,1.0034448406503313
21768.0,23078.0,1.0020677138708933
21570.0,22730.0,1.0013367952555934
21614.0,40098.0,1.0013067395206277
21714.0,26372.0,1.0
21963.0,36950.0,1.003486056314788
21963.0,49844.0,1.0005563839852671
21963.0,32555.0,1.0015886806464196
21963.0,39300.0,1.0023200871460647
21963.0,35729.0,1.0013741430024425
21963.0,36456.0,1.0017801087146794
21963.0,36883.0,1.0014118386094957
21963.0,38107.0,1.0015790250338688
21976.0,31481.0,1.0023067821125846
22010.0,23095.0,1.002381927313211
22031.0,23111.0,1.0001818338297772
22157.0,3257.0,1.0035711119548674
22157.0,4217.0,1.0041953508353711
22188.0,32474.0,1.0013180937066766
19250.0,1304.0,1.000821047302466
19250.0,16765.0,1.0024121933388173
19250.0,7942.0,1.0022808317302703
19250.0,8742.0,1.0006070919303383
19250.0,13535.0,1.0
19250.0,14654.0,1.0014167869783595
19250.0,16743.0,1.0001111012042032
19250.0,17400.0,1.0034376222185204
19250.0,2970.0,1.0006683616709788
19250.0,22384.0,1.0001176011510717
19250.0,20523.0,1.0
19250.0,20767.0,1.000051875671027
19250.0,22017.0,1.0019860613546185
19250.0,22029.0,1.0
19114.0,23408.0,1.001632871628999
19169.0,20459.0,1.0018798720314948
19183.0,31989.0,1.0025842594947756
19183.0,23354.0,1.0045040842270998
19338.0,20649.0,1.0025102399943782
19346.0,33135.0,1.002573564731782
19346.0,5109.0,1.0033505995518328
19346.0,20831.0,1.0024781364683577
19346.0,27769.0,1.0017651775009275
19346.0,32174.0,1.0032447981043142
19346.0,52063.0,1.0011671610636326
19085.0,20459.0,1.0014936685989682
19086.0,36704.0,1.0011799618374286
18646.0,52023.0,1.0038447178362213
18646.0,44652.0,1.001915300290455
18880.0,20304.0,1.0033754133507236
18882.0,1319.0,1.0019563390565254
19054.0,20645.0,1.0014777371974306
18784.0,20276.0,1.0033806276726098
18755.0,22395.0,1.0054029868594165
18704.0,20124.0,1.0027101363667092
18704.0,14028.0,1.0019927565495401
18708.0,20216.0,1.00255509019406
20701.0,37557.0,1.0024826659989796
20701.0,35451.0,1.0017879935371792
20701.0,37381.0,1.0026376914231292
20701.0,40117.0,1.000972097619532
20701.0,43736.0,1.0020216170634126
20701.0,14147.0,1.0017625244617268
19631.0,45130.0,1.0035330124679336
20688.0,39998.0,1.003371120841113
20688.0,40585.0,1.00203456589974
20695.0,27723.0,1.0018985290536948
20695.0,35028.0,1.0027059717858755
20695.0,38031.0,1.0020175176363562
19407.0,20767.0,1.0023024324283656
19407.0,22394.0,1.0021813471854009
19407.0,26656.0,1.0019856017809765
19441.0,19762.0,1.0006786464826354
19393.0,14556.0,1.0
19504.0,20716.0,1.0044054265528053
19552.0,19744.0,1.0022043152032243
19552.0,9268.0,1.000261689795692
19552.0,22145.0,1.0016028292188746
19552.0,20885.0,1.0025737346453045
19552.0,22034.0,1.0023016690673359
19552.0,22303.0,1.002232573046741
19552.0,22557.0,1.0052357313347358
19552.0,20588.0,1.0002379382353268
19552.0,19169.0,1.0018582362137163
19552.0,20632.0,1.0022063067855975
19548.0,16784.0,1.0037610706760838
11771.0,16022.0,1.0033294346106474
41728.0,47917.0,1.0002717717431917
41728.0,41773.0,1.0010235823181048
41728.0,19044.0,1.0006459080091896
41728.0,45380.0,1.0012024256530407
41728.0,51916.0,1.0013522530890466
41728.0,40677.0,1.0
41728.0,45463.0,1.0
41728.0,45808.0,1.0003718402440416
41728.0,46097.0,1.0000502879659174
41728.0,46098.0,1.0
41728.0,47184.0,1.0018263591786623
41728.0,47282.0,1.0002468435610459
41728.0,47453.0,1.000941173568546
41728.0,44039.0,1.0
41728.0,44267.0,1.0015555554329376
41728.0,47716.0,1.0
41728.0,48530.0,1.0009205169839137
41728.0,48586.0,1.001442044372293
41728.0,50025.0,1.0009356054576686
41728.0,50044.0,1.0005627906666652
41728.0,50047.0,1.002373996612354
41728.0,35082.0,1.0
41728.0,35132.0,1.0007217234565888
41728.0,40346.0,1.0001850588776497
41728.0,13551.0,1.0018042212778846
41728.0,17718.0,1.0
41728.0,40444.0,1.0016018952016046
41728.0,42255.0,1.0010980476628335
41728.0,42705.0,1.0002914203259936
41728.0,43018.0,1.0
41728.0,40629.0,1.0
41728.0,41372.0,1.0
41728.0,45479.0,1.0
41812.0,39398.0,1.0016886331343235
41815.0,5611.0,1.0022614005868382
41815.0,14581.0,1.0032209178676965
41815.0,47505.0,1.0033014085680512
41455.0,45298.0,1.0
41486.0,19836.0,1.0034846330658485
41577.0,47854.0,1.004386379033993
41577.0,44230.0,1.0025980575252906
41587.0,39235.0,1.0031508008396897
43527.0,45264.0,1.012456589974804
43563.0,41562.0,1.0006933450619098
43563.0,47560.0,1.001827563901421
43603.0,47305.0,1.0
43603.0,42268.0,1.0010522719363804
43603.0,40881.0,1.0
43603.0,43779.0,1.0000054086509027
43603.0,40898.0,1.0016934198581102
43603.0,40983.0,1.000129574163534
43603.0,41066.0,1.0010389125317718
43603.0,41214.0,1.0024990951984596
43603.0,41401.0,1.0014930645818416
43603.0,41422.0,1.001357138572889
43603.0,44977.0,1.0005605394908206
43512.0,40431.0,1.0020112242419033
43509.0,3486.0,1.0034908886442426
43242.0,35190.0,1.0033517996369767
43242.0,38629.0,1.0034964005414435
43268.0,42600.0,1.0039949616918986
43293.0,40270.0,1.0000887808296737
43852.0,42132.0,1.0011714949801376
43898.0,20347.0,1.0022840684390402
41916.0,49969.0,1.0003278647139802
41916.0,50591.0,1.0
41916.0,15609.0,1.0009974628281562
41916.0,40107.0,1.0
41965.0,39437.0,1.001976744472718
41985.0,39495.0,1.0023029131788737
42326.0,39630.0,1.002528573393836
42348.0,765.0,1.0024820740289626
42448.0,39752.0,1.0033024920452618
41882.0,52234.0,1.0014879050095857
43058.0,40096.0,1.00204659803528
43133.0,38529.0,1.0013195028704052
43182.0,35883.0,1.0
42661.0,27662.0,1.0015034025611695
42706.0,42515.0,1.0
42780.0,39016.0,1.0000869357025497
39204.0,37566.0,1.0007099932048469
39225.0,37613.0,1.0026064037825548
39309.0,40397.0,1.0017637592353525
39185.0,30147.0,1.0013095989709002
39375.0,39138.0,1.002060410258309
39402.0,36038.0,1.0
39100.0,43057.0,1.003063352530473
38979.0,41870.0,1.002819970488078
38979.0,26988.0,1.0037720325065767
39009.0,46016.0,1.0043731495985393
39408.0,38088.0,1.0027882656489782
39592.0,52229.0,1.0037014783818572
39663.0,39149.0,1.0020319292065245
38970.0,37388.0,1.0009998021087774
39459.0,42515.0,1.0
39459.0,42169.0,1.0023546073392868
39479.0,37796.0,1.0030255782006383
38429.0,34370.0,1.0018012044636257
38429.0,40672.0,1.0
38429.0,39288.0,1.0014558108825748
38429.0,39822.0,1.0
38429.0,40947.0,1.0017543600876249
38429.0,38871.0,1.0011641664911148
38429.0,40970.0,1.001716568849727
38429.0,25207.0,1.0017172301419197
38429.0,38008.0,1.001336502489673
38429.0,38196.0,1.0
38429.0,38425.0,1.0
38429.0,38501.0,1.0006173473229272
38429.0,38670.0,1.0013771842783734
38429.0,41512.0,1.0001633506359786
38429.0,42354.0,1.0005763893557325
38429.0,43587.0,1.0015200065178382
38429.0,43688.0,1.0004832376093713
38403.0,50364.0,1.0020341667151893
39683.0,43198.0,1.0012560141757505
38771.0,35977.0,1.0017763987744266
38786.0,37269.0,1.0032562241444853
38511.0,19022.0,1.0022539793467364
40542.0,38520.0,1.0006590343488417
40775.0,38645.0,1.0011367399520088
40806.0,38951.0,1.000989995641391
40287.0,3246.0,1.0020975005746884
40121.0,38191.0,1.0000395480101925
40122.0,47821.0,1.0033591104889088
40122.0,47176.0,1.0017961531764685
40122.0,45631.0,1.0023724473479645
40235.0,32926.0,1.0029190522871692
40846.0,39053.0,1.0012096073547416
40846.0,4146.0,1.001703597053212
40846.0,41524.0,1.0006193451381769
41053.0,41434.0,1.0015378327552216
41194.0,14255.0,1.001168705446788
40963.0,38423.0,1.0037759803044242
40963.0,13896.0,1.0011582407481632
40916.0,42653.0,1.0
40916.0,48031.0,1.0
40916.0,44941.0,1.00006766090601
39975.0,38088.0,1.0009708879054373
39774.0,42495.0,1.0025036437859323
39774.0,47395.0,1.0012331962566399
39774.0,47405.0,1.0014117155320825
39774.0,37989.0,1.0032076933305414
39774.0,38080.0,1.0021632102948128
39774.0,41285.0,1.0028178419793061
39774.0,48399.0,1.0033787805799432
39774.0,47487.0,1.00166741026191
39774.0,47640.0,1.0012879187655743
39774.0,48245.0,1.0023836703917546
39844.0,39028.0,1.0
39853.0,38716.0,1.00121474502837
39853.0,47605.0,1.003938355597816
52399.0,48378.0,1.0042015673246467
52399.0,45838.0,1.0037032130891936
52410.0,45249.0,1.0019481474741865
52413.0,50364.0,1.0035234268955342
52482.0,45329.0,1.00489276123256
52503.0,45353.0,1.0030587127822557
52183.0,47927.0,1.0105484113980148
52183.0,45603.0,1.0112889468569208
53272.0,52134.0,1.0028773341037465
53415.0,28010.0,1.0061192603777178
52703.0,45668.0,1.004963915620729
53054.0,50728.0,1.0025372701635127
53054.0,51852.0,1.002376225687786
53054.0,51864.0,1.0020599538043888
52086.0,47505.0,1.0028728312778714
50189.0,1851.0,1.0029598631096577
50277.0,44684.0,1.0027475881564079
50315.0,44245.0,1.0
50315.0,44551.0,1.000082718690363
50566.0,39189.0,1.0028591212468774
48453.0,40084.0,1.0046553703427525
48566.0,43742.0,1.0032806567951353
48703.0,43805.0,1.0068237024777238
48813.0,22970.0,1.001381819603878
49874.0,45993.0,1.0034787322437084
50602.0,45426.0,1.0026903654675998
50794.0,43910.0,1.0028489500924451
50830.0,231.0,1.0047167911711905
50875.0,9144.0,1.0009758927489254
50615.0,44525.0,1.0043721464276076
50680.0,14134.0,1.0035122492714574
50765.0,44687.0,1.003119341159302
58219.0,45878.0,1.002941708409851
58664.0,51998.0,1.0008212630513507
58675.0,15253.0,1.000498432570931
58675.0,50551.0,1.0015767802020876
58675.0,35185.0,1.00010684463594
58675.0,50500.0,1.0020607809313915
57213.0,48517.0,1.0037748405978593
57213.0,28770.0,1.0028622267528637
57250.0,48530.0,1.003318986406721
57538.0,50385.0,1.0012170532346323
57647.0,49782.0,1.0003220206896377
59737.0,52232.0,1.0034299661725952
59921.0,51973.0,1.0050149628061216
60062.0,4996.0,1.0028884189366591
60082.0,35204.0,1.0017660721539114
60322.0,52177.0,1.0037339002114982
59625.0,3571.0,1.0026400903175547
59559.0,45808.0,1.0022846390477018
58856.0,12494.0,1.001838937975971
59026.0,42638.0,1.0016274039390274
59131.0,42641.0,1.0016199839184303
59550.0,52058.0,1.0006940204838022
57202.0,51934.0,1.0013295350285385
57202.0,52036.0,1.0026861900957527
57202.0,51910.0,1.0
57202.0,49823.0,1.0
57202.0,50070.0,1.000480563926172
55457.0,48409.0,1.0017201275883472
55495.0,47475.0,1.0022669906475654
55499.0,46056.0,1.002869081583421
55499.0,46129.0,1.0011618276319085
55598.0,48409.0,1.0013484316777894
55806.0,47453.0,1.00313383758857
55839.0,47627.0,1.0
55215.0,47294.0,1.002975908037899
53506.0,38915.0,1.0035466286110855
53771.0,10625.0,1.0025796810903644
53859.0,46083.0,1.000800168019375
56765.0,48204.0,1.002856002633364
56809.0,44719.0,1.0
56885.0,10875.0,1.0021365178943156
56936.0,40347.0,1.0027652111953897
57017.0,48397.0,1.000645660081963
57055.0,50445.0,1.0027091055849724
56104.0,47809.0,1.0031543563904366
56156.0,50713.0,1.002731207080976
56297.0,47933.0,1.0019286715694677
45957.0,41945.0,1.0029130229152154
46077.0,15951.0,1.0025067125679337
46077.0,7334.0,1.001110751456328
46077.0,42414.0,1.001308909002798
46077.0,43399.0,1.0013023687849156
45501.0,47873.0,1.0023956293737093
45661.0,43482.0,1.0008784724984146
45719.0,44142.0,1.0044751659482392
46142.0,42050.0,1.001867024068776
46152.0,42063.0,1.003144436377947
46182.0,42268.0,1.002162041236788
46182.0,45833.0,1.0026731747664348
46223.0,43917.0,1.0025090081414492
46288.0,50373.0,1.0033045158894123
46124.0,43878.0,1.0027925750397195
46093.0,45717.0,1.0
46093.0,48509.0,1.0
44268.0,40950.0,1.0013871939672858
44268.0,42733.0,1.0030656038581216
44268.0,36901.0,1.0032942650826688
44274.0,40943.0,1.0029515888506164
44609.0,41040.0,1.00065180696001
44705.0,41093.0,1.0017196523663872
44206.0,42627.0,1.0001185842664677
43981.0,40716.0,1.0
43981.0,41833.0,1.0
44152.0,51852.0,1.0014816123346955
44152.0,42077.0,1.0008361224407936
44152.0,48348.0,1.0
44155.0,40790.0,1.0019716183827307
45112.0,41361.0,1.0032708254656482
45121.0,46023.0,1.0005129893898974
45173.0,41361.0,1.002975271136732
45178.0,41245.0,1.0
45281.0,44376.0,1.0015468777547987
45049.0,7494.0,1.0013449886713255
44762.0,41824.0,1.0037644173209588
44787.0,18080.0,1.0031780779646748
44999.0,41271.0,1.000333238782145
45037.0,41292.0,1.0034775936235663
46320.0,40681.0,1.003091359392735
48036.0,50732.0,1.0021198483895777
48234.0,43482.0,1.0007333613933114
48266.0,43993.0,1.0084885862498498
48266.0,52003.0,1.0096436110331914
48266.0,8407.0,1.0098383731958405
48266.0,28210.0,1.0097124587110913
48266.0,34773.0,1.008054188677974
48266.0,41559.0,1.0063007807234805
48266.0,44071.0,1.0097917779963128
47435.0,51876.0,1.0004945587935696
47445.0,50629.0,1.0012800760217992
47189.0,6010.0,1.0020983065310707
46498.0,42436.0,1.002707607461863
46498.0,42588.0,1.0008806764754126
46756.0,38290.0,1.0042304822508366
46385.0,41234.0,1.003052629691872
46389.0,28696.0,1.0028599447730322
46433.0,9081.0,1.001620251448644
46433.0,48559.0,1.0031595129202073
46435.0,19914.0,1.0020555058740392
47045.0,42749.0,1.000482930203985
47069.0,45738.0,1.0
47018.0,37352.0,1.0035376396833555
46917.0,50364.0,1.0023202829960216
46796.0,44903.0,1.0024476614624638
46796.0,42630.0,1.0012223846794945
46796.0,43955.0,1.003671268681925
46856.0,5537.0,1.002622564584947
46867.0,10707.0,1.0020081473953455
46916.0,42660.0,1.003110450479739
30536.0,31333.0,1.0023306197086634
30596.0,43914.0,1.002442756252831
30596.0,39276.0,1.0062298929713507
30596.0,36710.0,1.0025907629043405
30596.0,40687.0,1.0017857507036596
30596.0,44499.0,1.0027743947230094
30596.0,38696.0,1.0013977235365161
30596.0,15344.0,1.0022088662128597
30596.0,34403.0,1.0033920725136956
30596.0,34516.0,1.0010953982582225
30596.0,35234.0,1.0024601409888299
30596.0,43550.0,1.003624982890483
30596.0,40936.0,1.0030056138324794
30596.0,40481.0,1.0041788458599146
30596.0,36658.0,1.0038519418424996
30596.0,37428.0,1.003853667096797
30307.0,23395.0,1.002140769872546
30307.0,42662.0,1.0009216446758826
30307.0,40438.0,1.000497076699206
30350.0,50105.0,1.001585037474779
29579.0,48557.0,1.0
29579.0,7340.0,1.0008998144640957
29579.0,45770.0,1.0009496553593011
29579.0,41065.0,1.0008452637533811
29579.0,47227.0,1.001219210067265
29579.0,41089.0,1.0
29579.0,40156.0,1.0
29579.0,45715.0,1.0000524754077902
29579.0,46056.0,1.0011496845708174
29579.0,43592.0,1.0009977720177878
29579.0,50023.0,1.0005194772872243
29579.0,27590.0,1.000925087256452
29579.0,43736.0,1.0009515118438483
29579.0,14181.0,1.0
29579.0,47238.0,1.0000065051643015
29579.0,39752.0,1.0012194997906902
29579.0,31822.0,1.000413758342038
29579.0,47220.0,1.0001916432338542
29579.0,50092.0,1.001599490130119
29579.0,40079.0,1.0
29579.0,40113.0,1.0
29579.0,47758.0,1.0
29579.0,51973.0,1.0017770758836895
29579.0,43910.0,1.0003917958622721
29579.0,46023.0,1.0
29579.0,45759.0,1.0000954740840224
29579.0,47355.0,1.0000999395609378
29579.0,43973.0,1.0007493585031157
29579.0,52168.0,1.0
29579.0,50231.0,1.002233865265775
29579.0,50326.0,1.000413313180832
29579.0,50380.0,1.000383608778808
29579.0,51830.0,1.0006654968054938
29579.0,41595.0,1.0013379544876895
29579.0,41959.0,1.0017622433359654
29579.0,8790.0,1.0
29579.0,39711.0,1.0002221919509104
29579.0,46112.0,1.0
29579.0,47201.0,1.0009477798594204
29579.0,45343.0,1.0002571953238897
29579.0,48611.0,1.0
29579.0,49655.0,1.0001352208316974
29579.0,47632.0,1.0
29579.0,47681.0,1.0
29579.0,50112.0,1.0
29579.0,41080.0,1.003298160096971
29579.0,40460.0,1.0002555213996913
29579.0,39922.0,1.0
29579.0,40146.0,1.00092763661625
29579.0,40152.0,1.0
29579.0,40168.0,1.000434625372609
29579.0,40367.0,1.0
29579.0,40443.0,1.0002756228223972
29579.0,43747.0,1.0008914234157529
29579.0,44681.0,1.0
29579.0,41659.0,1.00169630232651
29579.0,41741.0,1.001266758226648
29579.0,41860.0,1.0000765396324538
29921.0,16568.0,1.0052616229413627
30066.0,32092.0,1.0015200786665295
30092.0,30953.0,1.0031458915355043
30705.0,31349.0,1.0032266531003087
31941.0,32283.0,1.0033220250924486
31982.0,26907.0,1.000083635252171
31988.0,38533.0,1.0029276468452395
31988.0,48521.0,1.0014315814345833
31988.0,37230.0,1.0026633439865813
31988.0,43525.0,1.0027694202739983
31721.0,35390.0,1.0012364885184972
31316.0,32250.0,1.002529691710161
31416.0,31831.0,1.0033963925724805
31570.0,19373.0,1.0044275747471423
32040.0,32358.0,1.001534536708386
32064.0,39600.0,1.0083191692340616
32064.0,38126.0,1.0079487707935757
32064.0,38386.0,1.0089529541140556
32064.0,44703.0,1.0079739109322408
32064.0,45162.0,1.0089375546254407
32064.0,47815.0,1.008145129939977
32064.0,47951.0,1.0106333693126281
32064.0,51866.0,1.0083047005514876
32064.0,45321.0,1.0063970913168865
32007.0,28422.0,1.0013051996487463
31229.0,51936.0,1.0132907952933667
30819.0,42662.0,1.0016096046768148
30819.0,32326.0,1.002025874718155
30819.0,35764.0,1.0010355770855668
30819.0,42192.0,1.0003123121725157
30819.0,20003.0,1.002154571483732
30819.0,31534.0,1.0019205542125744
30819.0,41640.0,1.001832978062557
30819.0,10707.0,1.0006308087867186
30819.0,32247.0,1.0000407817835162
30819.0,34714.0,1.0011136027937715
30819.0,39397.0,1.002253511538398
30819.0,2330.0,1.001701127847903
30819.0,49752.0,1.0024890424053332
30819.0,44933.0,1.0004352059511141
30819.0,45290.0,1.0019639023283826
30819.0,48219.0,1.0013525925865594
30736.0,4309.0,1.0015627152457809
30759.0,36837.0,1.0010854628819936
30759.0,35955.0,1.0014196894566736
31004.0,33110.0,1.000621543599786
31004.0,34982.0,1.0007343704639655
31029.0,39258.0,1.001757499947497
31124.0,31602.0,1.0033092747127184
31155.0,31665.0,1.0010137641634835
31186.0,27536.0,1.0058910954970806
30909.0,31521.0,1.0031500075776152
29059.0,35576.0,1.0
28929.0,44609.0,1.0018047975523567
28929.0,26784.0,1.0028648195830998
28929.0,30013.0,1.0020855022022748
29073.0,50518.0,1.0046508937603909
28618.0,18161.0,1.0038947162214051
28658.0,28850.0,1.001564991371516
28658.0,40844.0,1.0040226243118089
28602.0,30400.0,1.0022265154691883
29536.0,30788.0,1.0
29536.0,30925.0,1.0021793195838646
29536.0,30759.0,1.0019033687197274
29276.0,30339.0,1.0017504507872963
29398.0,37132.0,1.0050058377091886
26721.0,3093.0,1.0011511810516824
26789.0,38421.0,1.005303142759682
26875.0,36557.0,1.0014887427323604
26662.0,28153.0,1.0015709856896364
27284.0,40900.0,1.0020445136914833
27366.0,28596.0,1.0039352671781823
28495.0,39800.0,1.0026042059996976
28497.0,37198.0,1.0029257378833218
28555.0,33127.0,1.0
26931.0,24044.0,1.000719512596708
26944.0,42268.0,1.0033694201680372
27004.0,28406.0,1.0021130937689882
36893.0,35977.0,1.0010557699037057
37186.0,36196.0,1.0013322671208549
37236.0,50772.0,1.0007409888962133
37236.0,39295.0,1.0012673779527372
37236.0,44039.0,1.0
37236.0,44117.0,1.0003510616155353
37236.0,43588.0,1.0
37236.0,42248.0,1.0012741665042793
37236.0,42053.0,1.0010677217924129
37236.0,42343.0,1.001413885165318
37236.0,40837.0,1.0002877727546409
37236.0,35054.0,1.0
37236.0,36683.0,1.001755751095478
37236.0,42640.0,1.0013699004037682
37236.0,42783.0,1.000772631410101
37236.0,50201.0,1.0017248769731357
37236.0,51821.0,1.002574398941573
37236.0,43171.0,1.0
37236.0,47867.0,1.0008918817750165
36637.0,37632.0,1.002164317696276
36637.0,40808.0,1.0013072640827596
36637.0,45448.0,1.0019154417341494
36637.0,51980.0,1.0009580343041773
36637.0,42940.0,1.002221686571259
36637.0,9418.0,1.0029767077829448
36637.0,10092.0,1.002621350363617
36823.0,38227.0,1.0017274002718066
36840.0,35912.0,1.0007475728425583
36211.0,35466.0,1.0016800635509309
36257.0,40712.0,1.0033772685912163
36308.0,37503.0,1.002842160227685
36308.0,39429.0,1.001628408482911
36308.0,40098.0,1.000767467686654
36308.0,40256.0,1.0028888645066973
36308.0,40383.0,1.0032851795572093
36308.0,36907.0,1.0029097645072136
36308.0,37069.0,1.00080737639214
36308.0,38818.0,1.0027117233250409
36308.0,39459.0,1.0035645748175073
36308.0,39967.0,1.0029856509959822
36129.0,22722.0,1.0019801124023109
36129.0,35482.0,1.002266862208753
35925.0,36178.0,1.0023754510485672
35987.0,35288.0,1.0031176128572616
36411.0,38346.0,1.0015928259380433
36415.0,40567.0,1.0
36485.0,35464.0,1.002416079216989
37937.0,38024.0,1.0011569324294771
37939.0,43742.0,1.0020322107616937
37939.0,47272.0,1.0020756761137903
37939.0,40168.0,1.0010243273306318
37939.0,8761.0,1.0009540310509821
37939.0,20180.0,1.0027411245580478
37939.0,38300.0,1.0041293423918185
37939.0,39039.0,1.0010112547114083
37766.0,38921.0,1.0015004575622215
37766.0,39216.0,1.00072279018308
37766.0,47347.0,1.0008107741403434
38256.0,10022.0,1.0
38335.0,36965.0,1.0037848129867077
38337.0,48409.0,1.002263331900806
38338.0,23618.0,1.0016906581593827
38251.0,40624.0,1.0014074470054497
38044.0,37198.0,1.0026568376811134
38044.0,38750.0,1.0027643412087603
38063.0,36812.0,1.0032434062772881
38150.0,36836.0,1.0002492974685062
37591.0,37780.0,1.0028398306808959
37277.0,35096.0,1.001623612314349
37295.0,50518.0,1.0023954721219048
37325.0,40191.0,1.0020386329065936
37325.0,45000.0,1.0019485930867698
37325.0,44056.0,1.002724980639422
37325.0,42389.0,1.0007030092307228
37325.0,39707.0,1.0022617317466103
37325.0,40737.0,1.0028332649042049
37405.0,141.0,1.0029145739151024
37447.0,2094.0,1.0031887333080902
37541.0,36461.0,1.0036176879501555
37582.0,46145.0,1.0037712575064044
37582.0,49772.0,1.000398659860079
35826.0,35171.0,1.001611457344091
32459.0,39042.0,1.0003785549937647
32459.0,30860.0,1.0001903067887936
32459.0,35502.0,1.0005757134165125
32459.0,35506.0,1.0005270433601885
32459.0,36697.0,1.0004651563650315
32299.0,40925.0,1.0002187439517745
32299.0,50166.0,1.0010229738087657
32299.0,42086.0,1.0012802890811963
32299.0,43111.0,1.00359132510809
32299.0,43130.0,1.0018078342248955
32299.0,41987.0,1.0019724984286658
32299.0,5205.0,1.0025641106115755
32299.0,7449.0,1.0035376608482076
32299.0,17324.0,1.0024473495792912
32299.0,18871.0,1.0012342151692053
32306.0,43039.0,1.0020162204864524
32630.0,41945.0,1.0042714457282311
32670.0,10327.0,1.0025271723646325
32731.0,32836.0,1.0030272432325318
32789.0,48440.0,1.0034519361095733
32491.0,37566.0,1.000220488381017
32497.0,43427.0,1.0039894267172849
32214.0,32929.0,1.0050112294570943
32262.0,34433.0,1.0035134315234604
32262.0,36312.0,1.002607128369681
32201.0,15609.0,1.0022763000077128
32172.0,32509.0,1.0034501116026926
32126.0,32474.0,1.002912559679133
32132.0,32384.0,1.0033295625374332
35397.0,39352.0,1.0025996001195416
35633.0,36652.0,1.0013764501148228
35123.0,23682.0,1.0017875522542883
35144.0,18434.0,1.0010270801537777
35319.0,16223.0,1.001527424167214
35386.0,38227.0,1.0
35731.0,42084.0,1.001470401104311
35731.0,37663.0,1.0
35731.0,35317.0,1.0018143791741532
35731.0,36317.0,1.0023478114672988
35017.0,44150.0,1.0011274901378289
34385.0,35596.0,1.0014883755296435
34385.0,35060.0,1.0013789278842031
34424.0,50182.0,1.001313397008555
34476.0,2904.0,1.001760135005818
34550.0,38191.0,1.0010157757287004
33169.0,40348.0,1.0020717551666394
34588.0,52258.0,1.000204483277159
34705.0,38764.0,1.0021351976871704
34600.0,20660.0,1.0028225299543383
34611.0,44098.0,1.0034689179989298
11702.0,15165.0,1.003155843159737
11686.0,38976.0,1.0024616566169013
11686.0,39032.0,1.0057708385216715
11686.0,42169.0,1.0058381117616493
11686.0,38228.0,1.0045525496832106
454.0,1319.0,1.0
454.0,1059.0,1.0010629879737225
454.0,1118.0,1.0007194506627457
454.0,1920.0,1.0015985854338703
454.0,2439.0,1.0005130168226293
454.0,4580.0,1.0005961888869102
454.0,5256.0,1.0000625033164885
454.0,5701.0,1.0002416758153976
454.0,6466.0,1.000215941797869
454.0,6474.0,1.0000271222330175
454.0,6479.0,1.0021907645814487
454.0,6595.0,1.0002202623474703
454.0,2982.0,1.002768747110798
454.0,3253.0,1.0023398761765876
454.0,10801.0,1.000118660582696
454.0,13898.0,1.0013138085149675
454.0,10366.0,1.0013184071254622
454.0,7885.0,1.0
454.0,7912.0,1.0
454.0,8001.0,1.0016859466345336
454.0,8380.0,1.0016258413821875
454.0,8881.0,1.0003836839750637
454.0,9220.0,1.0016836437576124
454.0,9973.0,1.0010529062798514
454.0,1653.0,1.0
454.0,1805.0,1.0
454.0,2314.0,1.0
454.0,2342.0,1.0009291144397905
454.0,2485.0,1.000118397199413
454.0,2495.0,1.0
454.0,1652.0,1.001514160814385
454.0,1566.0,1.0001151005426772
466.0,1744.0,1.0026614873171276
482.0,6389.0,1.0039801854845205
396.0,447.0,1.0054518940961346
412.0,733.0,1.0029994665395103
417.0,2938.0,1.0008942075354876
427.0,5385.0,1.004294297854137
427.0,11035.0,1.0004251263742676
432.0,598.0,1.0029133067325233
432.0,57.0,1.0024330953595528
386.0,2968.0,1.0029966819060183
386.0,13606.0,1.0010456005299553
386.0,1669.0,1.0
386.0,377.0,1.002390915638087
386.0,10702.0,1.0018271405401884
386.0,9621.0,1.0003994625881136
386.0,6187.0,1.002556528909338
386.0,9266.0,1.0
386.0,9004.0,1.0016511844402456
386.0,2799.0,1.000290714576525
386.0,717.0,1.0014669194730135
386.0,743.0,1.0
386.0,796.0,1.0007397345862037
386.0,979.0,1.0015268645059725
386.0,4271.0,1.001511061439877
386.0,6555.0,1.0
386.0,6562.0,1.0002645913564439
386.0,7589.0,1.0
386.0,7722.0,1.0
386.0,7998.0,1.0016343792357023
386.0,6139.0,1.0015467195157275
386.0,5881.0,1.001587507821821
386.0,617.0,1.0016489936207098
486.0,569.0,1.0025410321462163
486.0,3451.0,1.0036246627537617
486.0,1374.0,1.0011411866086941
486.0,1438.0,1.0027202043751406
486.0,2417.0,1.0016996963156184
619.0,5133.0,1.0022369026942721
619.0,5321.0,1.0013447858063427
619.0,9030.0,1.000472639977557
619.0,10996.0,1.0019362290848355
619.0,14129.0,1.0030151821659843
619.0,15052.0,1.0018356882305506
619.0,2829.0,1.0020723904995013
604.0,10974.0,1.0006040636458313
612.0,4135.0,1.0007118230134677
612.0,2314.0,1.0
637.0,19521.0,1.0035005720207484
641.0,2934.0,1.0006461246209695
646.0,13777.0,1.0025769845142292
657.0,2231.0,1.0024978347889884
657.0,2523.0,1.0025365066960987
631.0,598.0,1.0027436356370005
631.0,1613.0,1.0022670524008903
631.0,2334.0,1.0000169368639553
631.0,7121.0,1.0018662157310756
627.0,4681.0,1.0024121763680416
599.0,1246.0,1.003394640338591
496.0,2578.0,1.0
525.0,34409.0,1.004533144934008
525.0,45591.0,1.0038925627457267
525.0,19914.0,1.0033136613934572
525.0,46107.0,1.0055934265411246
553.0,40718.0,1.0022033712384923
553.0,19408.0,1.0031744931277724
553.0,3544.0,1.0041030081524924
530.0,575.0,1.0000834351487313
530.0,1038.0,1.0019628418336815
530.0,1508.0,1.0015082386907286
549.0,3748.0,1.0031274286554313
212.0,1499.0,1.0015126276593262
212.0,944.0,1.0013952813866467
238.0,2667.0,1.0026420978547135
238.0,5993.0,1.0034209300263839
238.0,6035.0,1.0033537065639357
238.0,9045.0,1.0023281517250615
246.0,2150.0,1.0022993217006475
249.0,1311.0,1.0
249.0,4574.0,1.0020023745208901
249.0,6828.0,1.0
263.0,1384.0,1.0038084657675812
263.0,546.0,1.002325200044697
263.0,51878.0,1.0036645077828112
263.0,3316.0,1.0148095821947944
263.0,7739.0,1.000609931922338
196.0,10041.0,1.0017980980471675
196.0,17047.0,1.0013018545291243
196.0,24100.0,1.0006315975433915
196.0,31338.0,1.000975308258389
196.0,34902.0,1.00041244776821
196.0,51841.0,1.0028886987011043
196.0,136.0,1.0
196.0,23667.0,1.0019618128363954
196.0,6218.0,1.0001467444376144
196.0,6647.0,1.0000755831034351
196.0,9792.0,1.0018568846153333
196.0,12463.0,1.001503112377696
196.0,4265.0,1.0012134909376482
196.0,504.0,1.00043097117065
196.0,2322.0,1.0
196.0,2458.0,1.0004034367415557
273.0,4165.0,1.0007335330213607
279.0,6386.0,1.0000092256169792
293.0,136.0,1.0006141433372469
294.0,1244.0,1.0012113194909147
300.0,4156.0,1.0011992459179215
188.0,453.0,1.001150955293749
188.0,1039.0,1.0011872963137824
188.0,88.0,1.0
190.0,460.0,1.0022606560264393
165.0,27056.0,1.0006127820814883
165.0,32622.0,1.0021666590573934
165.0,44903.0,1.000527698085374
165.0,40602.0,1.0008975054420257
165.0,36609.0,1.0003299871107743
165.0,8905.0,1.000500245435685
165.0,20318.0,1.0007227282495275
165.0,37554.0,1.0
165.0,8017.0,1.0004394205894307
165.0,48523.0,1.0004293534453088
165.0,50037.0,1.0
165.0,50511.0,1.0
165.0,4740.0,1.0111847031522496
165.0,10555.0,1.0
165.0,16194.0,1.0010900789429058
165.0,17684.0,1.0
165.0,19693.0,1.0
165.0,20621.0,1.0000877063520046
165.0,27877.0,1.0024108913967924
165.0,37967.0,1.0
165.0,43189.0,1.0019083532742317
165.0,28560.0,1.0003034470337633
165.0,30868.0,1.0013803611906347
165.0,31078.0,1.0015617723377028
165.0,31103.0,1.0016394484111093
165.0,32023.0,1.0
165.0,32808.0,1.0011810710132822
165.0,4139.0,1.0013032063555591
165.0,8472.0,1.0002010264081183
165.0,8936.0,1.0
165.0,6375.0,1.0007016330278928
185.0,361.0,1.0028641955115962
187.0,399.0,1.0010806189058425
342.0,450.0,1.0003848110813132
342.0,1783.0,1.0026668813623272
342.0,16104.0,1.0026750207396449
349.0,570.0,1.0
349.0,7060.0,1.003092521676751
349.0,7285.0,1.002703844702997
349.0,7454.0,1.0010181128818676
373.0,981.0,1.001363307490776
374.0,4124.0,1.0010391468893851
374.0,5575.0,1.0023776796125379
374.0,8902.0,1.0024770172067503
374.0,10619.0,1.0
374.0,5519.0,1.0033560447836856
374.0,3411.0,1.00162544308005
374.0,3798.0,1.0023151211400942
374.0,4081.0,1.001711681475234
374.0,4133.0,1.0019312720344236
334.0,1852.0,1.0018013517980588
328.0,1624.0,1.0120689733075467
328.0,1384.0,1.0051219924896642
328.0,1255.0,1.0033461449572627
328.0,3364.0,1.0031404757838014
661.0,2644.0,1.0032823454856217
661.0,2203.0,1.0031026514357542
1081.0,1569.0,1.001891715296724
1094.0,4561.0,1.0041989725673965
1110.0,1444.0,1.0028549001623501
1110.0,1338.0,1.0015708980904023
1110.0,1417.0,1.0027329236449318
1111.0,38770.0,1.00317098394471
1073.0,8329.0,1.0032344360686283
1063.0,5415.0,1.0024662907994468
1063.0,4890.0,1.0017370001083186
1063.0,2047.0,1.0025788511392424
1132.0,16414.0,1.0021225700838856
1183.0,3049.0,1.0024135994749046
1183.0,6271.0,1.0015011770777198
1183.0,3082.0,1.0021728144616946
1183.0,2021.0,1.0008104442183368
1183.0,2167.0,1.0005544538800797
1205.0,1829.0,1.0021285025293638
1134.0,7648.0,1.0005951430501185
1150.0,34687.0,1.0008287931610185
1044.0,36304.0,1.0
1044.0,38907.0,1.0025214991160167
1044.0,25217.0,1.0007814978651124
1044.0,36158.0,1.0
1044.0,42364.0,1.00092705659682
1044.0,38802.0,1.001217666913201
1044.0,36457.0,1.0005410823974108
1044.0,5514.0,1.0003850074305012
1044.0,1499.0,1.0018614494815086
1044.0,3364.0,1.0006787697820412
1044.0,1392.0,1.0009687900326043
1044.0,30874.0,1.003647920162482
1044.0,36482.0,1.0001274518170897
1044.0,14533.0,1.0013853399356607
1044.0,14569.0,1.0013065625443565
1044.0,14832.0,1.0
1044.0,22864.0,1.00161932563939
1044.0,23374.0,1.0018021908636012
1044.0,2802.0,1.0025439206590212
1044.0,3327.0,1.001646059828948
1044.0,5499.0,1.0032460731693411
1044.0,6438.0,1.0
1044.0,6633.0,1.0024623658404619
1044.0,7055.0,1.0016005716290197
1044.0,3691.0,1.0012704301034376
1061.0,2199.0,1.0
1061.0,2241.0,1.0
1061.0,4639.0,1.0
1049.0,1449.0,1.0016882616274936
1049.0,43894.0,1.002187892376742
1208.0,2311.0,1.0039571638344633
1580.0,4724.0,1.0027716291043371
1580.0,23537.0,1.004992596125084
1618.0,1976.0,1.0028140788772502
1624.0,1059.0,1.0027988445741383
1626.0,4508.0,1.0017007818326773
1626.0,2867.0,1.000070322614635
1403.0,7188.0,1.0005824429578385
1408.0,15005.0,1.0006008791280032
1409.0,301.0,1.000914443859347
1409.0,1670.0,1.003083110746325
1398.0,3506.0,1.0
1398.0,2117.0,1.0010929553052077
1398.0,2175.0,1.002434106798108
1398.0,2910.0,1.0023686050952518
1690.0,5849.0,1.0028471626191877
1690.0,4203.0,1.0025011677391371
1690.0,4692.0,1.0001151984991339
1703.0,2211.0,1.000380216778164
1708.0,2167.0,1.0012097187109614
1735.0,2064.0,1.0014482133808247
1735.0,4098.0,1.001764839114373
1735.0,6381.0,1.0003241335759285
1679.0,1896.0,1.0013775814349355
1337.0,2938.0,1.0006117701325754
1337.0,22534.0,1.0
1337.0,2330.0,1.0013431151548327
1337.0,1825.0,1.0
1337.0,4607.0,1.0006677978791823
1305.0,8370.0,1.0040078860362198
1305.0,7407.0,1.004886522624185
1283.0,6921.0,1.0017607753998163
1299.0,23317.0,1.0035229340769107
1299.0,40922.0,1.002829379689146
1300.0,5141.0,1.0017869705417664
1343.0,2039.0,1.0046691649663297
1343.0,2350.0,1.0013035912290364
1343.0,2104.0,1.0032936517683593
1343.0,2236.0,1.0018884517654176
1343.0,1745.0,1.0009439727561902
914.0,2001.0,1.0023359857066347
914.0,18812.0,1.0024186195239666
878.0,3433.0,1.0023368100945367
880.0,890.0,1.003639432366145
949.0,45631.0,1.0005278895242737
949.0,9727.0,1.001588749818961
949.0,35751.0,1.000971983074829
949.0,2150.0,1.0000107607064765
949.0,5459.0,1.0004000616122484
949.0,1895.0,1.0012125132621967
949.0,2304.0,1.0004386801975516
949.0,3188.0,1.0
949.0,8920.0,1.0
949.0,9420.0,1.0
949.0,10710.0,1.001548763180169
949.0,10932.0,1.0006480384396208
949.0,12472.0,1.0
949.0,18767.0,1.0003081184965286
949.0,6489.0,1.0000951921709205
949.0,7239.0,1.0
949.0,7327.0,1.0009680638034673
949.0,20251.0,1.0016250316219386
949.0,47914.0,1.000231035644188
949.0,43132.0,1.0016285805859801
949.0,22825.0,1.0
949.0,34756.0,1.0008059514055359
949.0,39180.0,1.0
949.0,39845.0,1.001338258088229
919.0,4549.0,1.0033800297806237
919.0,5300.0,1.0039851836618165
922.0,1266.0,1.0044130451125692
929.0,1164.0,1.001482087891728
932.0,9604.0,1.0046183623176452
867.0,4873.0,1.0029304113649178
867.0,2103.0,1.0023258832929434
867.0,5026.0,1.0026288681655775
867.0,5155.0,1.0027102748048264
867.0,5159.0,1.0024506154840391
710.0,1169.0,1.0033385126287777
742.0,2458.0,1.0010776790771625
782.0,5537.0,1.0006336750533853
782.0,7896.0,1.0
782.0,9409.0,1.0021380651683318
800.0,1508.0,1.003170804188845
800.0,1074.0,1.0017141240086855
805.0,40639.0,1.0017846953241158
805.0,44376.0,1.0026182469275402
683.0,141.0,1.0029569226169517
669.0,3274.0,1.0039995056502256
681.0,1243.0,1.0017527163012763
826.0,3515.0,1.001013070092534
826.0,19662.0,1.0019479807277925
826.0,1800.0,1.0002873793073754
860.0,1118.0,1.0020590646118555
810.0,1825.0,1.0027659895399184
824.0,14766.0,1.0027806252172244
1039.0,15728.0,1.0028340864866538
1039.0,2621.0,1.0034728056837559
1039.0,3327.0,1.0030216624607227
1039.0,3360.0,1.0019163234160102
1039.0,7527.0,1.004019152193752
1011.0,4707.0,1.000927794818085
971.0,2167.0,1.001380055918239
982.0,19786.0,1.0034944493272895
1007.0,3665.0,1.001958612055618
23.0,6805.0,1.0030274693371435
23.0,34322.0,1.0011017211999693
23.0,28589.0,1.0016537058215975
23.0,41787.0,1.0009138297089757
23.0,14178.0,1.001789946189783
23.0,35927.0,1.002752589936227
23.0,36310.0,1.001222873528852
23.0,42363.0,1.0
23.0,4159.0,1.0022751678436788
23.0,19593.0,1.0011538202361974
23.0,10977.0,1.0021751561585568
23.0,18700.0,1.0019226960190661
23.0,4873.0,1.0030179984489356
23.0,43441.0,1.000157185917942
23.0,3486.0,1.0023811153227078
23.0,39918.0,1.0037010729391602
23.0,42534.0,1.0
23.0,44984.0,1.000361516630746
23.0,42724.0,1.0026588519277058
23.0,31526.0,1.0025794068259792
23.0,50401.0,1.0011180873973062
23.0,47488.0,1.00055967381769
23.0,47551.0,1.0024287523636295
23.0,40288.0,1.0004369411858116
23.0,9661.0,1.002691101071129
23.0,475.0,1.001890275957236
23.0,2150.0,1.0011710541531593
23.0,7904.0,1.0000300046609372
23.0,19447.0,1.0011239300314552
23.0,7035.0,1.0024621532213847
23.0,5575.0,1.0023019906632524
23.0,4192.0,1.0017160526178053
23.0,4607.0,1.0014965092359864
23.0,2802.0,1.0029656010207875
23.0,19786.0,1.0019790107920716
23.0,26799.0,1.0012230672821643
23.0,27442.0,1.0025610512828786
23.0,27574.0,1.000818716153237
23.0,27717.0,1.00109585047516
23.0,27675.0,1.00088470388448
23.0,22234.0,1.0016297206571565
23.0,23142.0,1.0011256908157047
23.0,23848.0,1.0016265269831428
23.0,23913.0,1.002349713963734
23.0,35779.0,1.0023182967144515
23.0,31862.0,1.0010318622241048
23.0,28844.0,1.0011548890337971
23.0,30337.0,1.002278182510971
23.0,31084.0,1.0000249703143007
23.0,31848.0,1.0023372153937538
23.0,15314.0,1.003174390692692
23.0,15734.0,1.0023454394967735
23.0,15903.0,1.0030172374288953
23.0,15911.0,1.0012390728008542
23.0,15928.0,1.001146096344655
23.0,16007.0,1.0005307936968877
23.0,14097.0,1.00298435898733
23.0,14107.0,1.0021031038516872
23.0,14280.0,1.0025668419397102
23.0,14325.0,1.00055599337217
23.0,14367.0,1.000997062088543
23.0,14381.0,1.0032049791609667
23.0,35981.0,1.0014828989968636
23.0,19236.0,1.0015032578129894
23.0,19924.0,1.0023081663746027
23.0,20255.0,1.0020462335625169
23.0,16270.0,1.0014477395815151
23.0,17932.0,1.0005763986706224
23.0,18489.0,1.0011301605617489
23.0,18543.0,1.0010467328099242
23.0,18916.0,1.000909931892049
23.0,47786.0,1.0015877663107524
23.0,49702.0,1.0029428778802403
23.0,49771.0,1.0021834240722438
23.0,50040.0,1.0013038453675818
23.0,4448.0,1.0008962723975365
23.0,47675.0,1.0011854770109132
23.0,39717.0,1.000187588378053
23.0,39980.0,1.0011301120258176
23.0,42489.0,1.0014849344153665
23.0,44884.0,1.0031863501356013
23.0,44800.0,1.0028432345420972
23.0,44592.0,1.0021780473667197
23.0,42920.0,1.0008638590916012
23.0,43087.0,1.0020591783221897
23.0,2694.0,1.0035125600541577
23.0,3465.0,1.0027197607776979
23.0,3542.0,1.0017340529566836
23.0,2402.0,1.0004225758302345
23.0,4787.0,1.001301117781613
23.0,4978.0,1.001939541543838
23.0,5238.0,1.0011605143176954
23.0,4582.0,1.0025334850800594
23.0,4566.0,1.0024703010022236
23.0,4502.0,1.0042589505441906
23.0,5343.0,1.0018484290389273
23.0,9504.0,1.002174097266602
23.0,9981.0,1.0012656394799995
23.0,8471.0,1.0021487221955807
23.0,8493.0,1.001471992710719
23.0,8501.0,1.0016221958928584
23.0,8614.0,1.0020202788258998
23.0,8686.0,1.0015606956260288
23.0,10038.0,1.0025584734286188
23.0,10915.0,1.0024847224622742
23.0,11054.0,1.0011805464985724
23.0,12507.0,1.0011895386822323
23.0,13900.0,1.0
23.0,13915.0,1.0013445641528058
23.0,10080.0,1.001648169269637
23.0,10154.0,1.0010941903882897
23.0,10211.0,1.0023353456259234
23.0,10435.0,1.002624874230111
23.0,8217.0,1.0023006503824599
23.0,6493.0,1.002396259788101
23.0,6553.0,1.002098672900867
23.0,6561.0,1.0013599582688617
23.0,6643.0,1.0013893193168626
23.0,6648.0,1.0016594818823668
23.0,6723.0,1.0033012319869445
23.0,6745.0,1.0017882080362719
23.0,6769.0,1.0008873266463312
23.0,6847.0,1.0021754980308824
23.0,5711.0,1.001582346726648
23.0,5912.0,1.001787747127967
23.0,6024.0,1.0030813895959527
23.0,6208.0,1.0045321666340574
23.0,6275.0,1.0032760836702843
23.0,7857.0,1.0014648616976238
23.0,7044.0,1.002733908814368
23.0,7092.0,1.000350272033102
23.0,2693.0,1.0013233001428057
24.0,18.0,1.010922123826371
24.0,1678.0,1.0097067021445056
24.0,956.0,1.0101047194848611
24.0,5373.0,1.0105287398381493
24.0,643.0,1.0092085797706465
34.0,4398.0,1.001323407829694
34.0,475.0,1.0018258269396807
34.0,1255.0,1.0012272029917786
34.0,32.0,1.0015259932657852
34.0,950.0,1.0027617443642287
34.0,12.0,1.0005750098910373
34.0,210.0,1.0
34.0,297.0,1.0028524715434841
34.0,514.0,1.0023976150506668
34.0,1540.0,1.0003765457950573
35.0,9830.0,1.0021166584380654
35.0,17313.0,1.0009666820987402
35.0,18392.0,1.0023467551870866
15.0,361.0,1.003903345132424
11.0,6377.0,1.0011512522452835
5.0,50205.0,1.0001879535808542
5.0,6664.0,1.0012561294049636
5.0,44947.0,1.0
5.0,40107.0,1.000796124647914
5.0,231.0,1.0031293368172478
5.0,2667.0,1.0
5.0,256.0,1.0009457737284053
5.0,1700.0,1.0
5.0,1355.0,1.0020826456174305
5.0,1276.0,1.0015196073825783
5.0,6095.0,1.0019366509046108
5.0,278.0,1.0
5.0,2922.0,1.0009988246106412
5.0,434.0,1.0021062023630825
5.0,218.0,1.0010719854920156
5.0,14110.0,1.0011989594063042
5.0,14988.0,1.0009093389846682
5.0,15819.0,1.0020720963577325
5.0,19151.0,1.0014421823691875
10.0,3748.0,1.0037640179990002
10.0,262.0,1.0028859349533015
104.0,2761.0,1.0097954121251516
104.0,30796.0,1.0095372735588015
104.0,3506.0,1.007263534490048
104.0,18420.0,1.012206700574007
104.0,2069.0,1.0108604740769047
104.0,2262.0,1.010470023968888
104.0,23060.0,1.0095633844998673
104.0,40348.0,1.0096151457196563
104.0,30862.0,1.010733554345746
104.0,30907.0,1.0086682137628251
104.0,32028.0,1.008480496124102
104.0,33114.0,1.0093840039586035
104.0,36421.0,1.011339637464972
104.0,16213.0,1.007821608725749
104.0,20698.0,1.0084717495704356
104.0,26574.0,1.007882269057172
104.0,27364.0,1.010486813805256
104.0,38657.0,1.0125608287703547
104.0,39432.0,1.0111997292528223
104.0,10574.0,1.009219575578347
104.0,41779.0,1.009416178391672
123.0,487.0,1.0036638424407724
123.0,535.0,1.0036641647927222
123.0,243.0,1.0034684110791618
141.0,227.0,1.003373616045756
143.0,1801.0,1.0015953919172083
143.0,2975.0,1.0009484527743953
143.0,32025.0,1.0019128538025355
143.0,35263.0,1.0016084349357668
114.0,260.0,1.0023390914229078
106.0,41274.0,1.0013689863069088
110.0,100.0,1.0000643248477095
113.0,1091.0,1.000453564918451
96.0,10606.0,1.0090532028498693
96.0,34322.0,1.007073682816695
96.0,154.0,1.0075018709528807
96.0,9193.0,1.0072579565609814
96.0,7450.0,1.0079713833357302
96.0,36064.0,1.0094632710452889
96.0,956.0,1.0074664252794365
96.0,2587.0,1.0078349165247118
96.0,2417.0,1.0066420025848501
96.0,2540.0,1.0087496446271453
96.0,34756.0,1.0079411505012947
96.0,262.0,1.0071107866585889
96.0,25173.0,1.00584909806719
96.0,28536.0,1.0076285106956702
96.0,39742.0,1.0093943005430004
96.0,2466.0,1.0090149375996547
96.0,138.0,1.010436398373446
96.0,8490.0,1.0070371741089144
96.0,8807.0,1.0066198805249496
96.0,9149.0,1.0069166652540928
96.0,8286.0,1.0066094814878164
96.0,7315.0,1.009062752898311
96.0,7413.0,1.0076870733637648
96.0,7489.0,1.008562251948087
96.0,7272.0,1.0080252671472112
96.0,19177.0,1.0067132099761547
96.0,19312.0,1.0081812142128765
96.0,19395.0,1.0090737935844416
96.0,13772.0,1.0058960341315726
96.0,18415.0,1.0063217864505807
96.0,1782.0,1.0083495109214677
96.0,1960.0,1.0075870615602527
96.0,1994.0,1.0082240789492065
96.0,552.0,1.0085071562718233
96.0,6016.0,1.0083734792597734
96.0,6325.0,1.006361377297881
96.0,2612.0,1.0075509622384606
96.0,2629.0,1.00737904920853
96.0,2649.0,1.0070792774126187
96.0,5283.0,1.0078358206697762
100.0,250.0,1.0010145742711474
100.0,269.0,1.0019974118072519
100.0,303.0,1.002786809060303
100.0,3345.0,1.002590520746685
100.0,225.0,1.0
98.0,57.0,1.0031895067911343
155.0,8067.0,1.0025263031059009
80.0,4886.0,1.0022804816076272
80.0,101.0,1.000236383055208
80.0,5366.0,1.0012172207367496
80.0,2243.0,1.0006082460948729
80.0,3612.0,1.0
82.0,41.0,1.0005935740431138
82.0,453.0,1.0010220328115178
82.0,3635.0,1.0028399977877054
82.0,2839.0,1.0006667800265836
82.0,1101.0,1.0007093698636684
82.0,1604.0,1.0014236101767533
82.0,1746.0,1.0009622397329583
82.0,2178.0,1.0012629402912983
82.0,6355.0,1.000811330119093
82.0,5323.0,1.0000726543977887
83.0,74.0,1.0005694566041399
83.0,377.0,1.0025872853686437
83.0,100.0,1.0011054366847703
83.0,275.0,1.0011256516389757
83.0,23896.0,1.0
85.0,68.0,1.0021241776999539
90.0,570.0,1.0
79.0,15336.0,1.001754881625961
79.0,15886.0,1.002602271040454
79.0,162.0,1.000216268535829
79.0,4630.0,1.0028398732823613
79.0,5021.0,1.0022282301817942
79.0,8929.0,1.0026517801864172
39.0,1238.0,1.0024547549007377
39.0,1366.0,1.0032519950193697
39.0,6001.0,1.0026144057666928
43.0,2862.0,1.0015718952229355
45.0,369.0,1.0029856389867184
45.0,297.0,1.0029053000397368
45.0,4840.0,1.001061954011082
45.0,7783.0,1.0005921574465468
45.0,7953.0,1.0
78.0,315.0,1.000004235074896
64.0,22529.0,1.0016493810866538
64.0,1976.0,1.0022028652319197
64.0,156.0,1.0026655161107474
64.0,6888.0,1.0021957926279925
48.0,59.0,1.0020781682819688
49.0,976.0,1.0029163841019257
49.0,30094.0,1.002687790533486
6656.0,18173.0,1.0078703759312062
6656.0,19974.0,1.0083188116075381
6656.0,10625.0,1.008883365312722
6656.0,9377.0,1.0083273520418916
6656.0,8157.0,1.0087793524549817
6656.0,22002.0,1.0076915809599456
6656.0,8699.0,1.0087949700210985
6656.0,9466.0,1.0080179766601534
6656.0,8377.0,1.0093012058474413
6656.0,11071.0,1.0088536503095058
6656.0,19281.0,1.0088038633782277
6656.0,23404.0,1.0088183408264595
6656.0,19027.0,1.0090451662850923
6656.0,18732.0,1.0088642341179659
6656.0,16369.0,1.0089821672230423
6656.0,16400.0,1.009643633517614
6629.0,27223.0,1.0007677493515026
6629.0,9920.0,1.0009034738363962
6629.0,15745.0,1.0
6629.0,16829.0,1.0009497053098015
6629.0,22395.0,1.0021959745210558
6629.0,17519.0,1.0
6629.0,21907.0,1.0019927081139395
6629.0,20115.0,1.0009365285177103
6629.0,18338.0,1.0023661149631549
6629.0,2141.0,1.001629689903025
6629.0,26730.0,1.0007689460318725
6629.0,30975.0,1.001407181593613
6629.0,44348.0,1.0020750627069965
6629.0,17483.0,1.0016100883580101
6629.0,17966.0,1.0008562915888983
6652.0,10469.0,1.001306523134364
6444.0,20880.0,1.0030516901705822
6507.0,43193.0,1.0037306953135807
6533.0,9029.0,1.0031515833695601
6933.0,14232.0,1.002320135137294
6933.0,9099.0,1.0027942281493938
6933.0,2168.0,1.0042794128622272
6933.0,10566.0,1.0021379918044528
6956.0,20073.0,1.0013286188539514
7000.0,9184.0,1.0032954470199047
7040.0,4771.0,1.0024483078227797
7052.0,6191.0,1.0023886039846013
6862.0,9019.0,1.0111769658787744
6862.0,10768.0,1.008688973771583
6876.0,2600.0,1.0032026260821107
6876.0,9019.0,1.0021215458645418
6876.0,9704.0,1.0006391501147949
7188.0,10906.0,1.004274342575391
7188.0,19577.0,1.0030310004078684
7188.0,15768.0,1.0045073081878888
7188.0,10462.0,1.0030361644016612
7189.0,4456.0,1.0030772627368267
7202.0,14028.0,1.0011178215723768
7202.0,14848.0,1.0026428834785805
7211.0,9543.0,1.0050240854959245
7280.0,8731.0,1.0041424062196866
7280.0,23213.0,1.001840058683307
7152.0,44245.0,1.000576191893225
7164.0,10049.0,1.0031863620632653
6710.0,37081.0,1.0
6710.0,20502.0,1.0017972624395644
6710.0,36162.0,1.0
6710.0,47679.0,1.0019683650244795
6673.0,9220.0,1.0046761759043554
6815.0,9971.0,1.0019555766203367
6844.0,47906.0,1.0
6844.0,15416.0,1.0005420243684342
6794.0,8933.0,1.0029834292475308
6397.0,18566.0,1.0006909664494716
5337.0,18329.0,1.0
5337.0,43742.0,1.0033127774835575
5337.0,38351.0,1.0018545931007188
5337.0,2215.0,1.0031755724643057
5337.0,13612.0,1.004822376511648
5337.0,19126.0,1.0007373232695498
5337.0,34813.0,1.0000342743693285
5326.0,10410.0,1.0016178718861704
5186.0,28403.0,1.0023501085344142
5186.0,8682.0,1.003293005176015
5272.0,3420.0,1.000777110944553
5278.0,25316.0,1.0026341365957665
5510.0,23814.0,1.0033040217584668
5580.0,3371.0,1.004270490763494
5617.0,7353.0,1.0027604113070399
5686.0,7486.0,1.0038292845789338
5696.0,8049.0,1.0022478172353415
5487.0,10680.0,1.002915008982441
5487.0,17547.0,1.0036920077180562
5487.0,37960.0,1.0017747665631902
5388.0,7093.0,1.0024859085582314
5422.0,7882.0,1.0040480328670376
5462.0,7160.0,1.0043830714480988
5120.0,8615.0,1.0017045802110798
5121.0,6704.0,1.0032245410551406
5125.0,50642.0,1.0005562015524287
5125.0,49979.0,1.001674466294647
5139.0,5268.0,1.0024404057748668
5142.0,12276.0,1.0024871273250038
5079.0,16175.0,1.0
5079.0,26478.0,1.000671738021115
5079.0,34972.0,1.001808490081396
5167.0,49932.0,1.0
5167.0,35318.0,1.0027650437339972
5167.0,35904.0,1.0017227924641159
5167.0,9884.0,1.0004261179611715
5167.0,27103.0,1.0010602756158928
5167.0,32252.0,1.0021217812161167
6236.0,17775.0,1.0022045598657385
6254.0,49708.0,1.0003757898580263
6254.0,18668.0,1.0008055903746127
6256.0,8650.0,1.002510349815687
6263.0,16665.0,1.0038607736419496
6268.0,8057.0,1.0047266566949609
6272.0,2112.0,1.000971804977907
6272.0,399.0,1.0003316642627156
6308.0,41647.0,1.001142555860534
6308.0,22709.0,1.0001591399699294
6308.0,48351.0,1.0007245491695307
6308.0,37922.0,1.0017156157625728
6308.0,38637.0,1.0003229450810367
6308.0,41004.0,1.001010107552297
6321.0,6839.0,1.0
6285.0,8146.0,1.0032320091323887
5844.0,36638.0,1.0020746704773682
5850.0,7680.0,1.002028275360786
5877.0,10204.0,1.0024702682306863
5885.0,7931.0,1.0
5898.0,7668.0,1.001062582855592
5961.0,14772.0,1.0044349775902723
5961.0,18381.0,1.0051245401124393
5973.0,8056.0,1.002199695931099
5973.0,9759.0,1.0022931206079133
5827.0,23136.0,1.0024345208816854
5811.0,7666.0,1.001944269145183
5730.0,41636.0,1.0006728837689813
5775.0,7267.0,1.000808961874507
5775.0,9502.0,1.0
5775.0,9554.0,1.0015324757372954
5775.0,13801.0,1.0018698435030953
6181.0,8516.0,1.0040697290346465
6185.0,5332.0,1.0031659630729493
6190.0,8055.0,1.0031396638997412
6228.0,17481.0,1.003631403895556
6042.0,7589.0,1.0000695508488349
5027.0,20700.0,1.0043724606365092
5027.0,23145.0,1.003636906760772
9094.0,51914.0,1.0059195289440832
9113.0,12472.0,1.002071202834732
10208.0,13581.0,1.0027238111118735
10232.0,548.0,1.003914720305188
10240.0,13578.0,1.0049258133307821
8980.0,8757.0,1.00300645362929
8980.0,13814.0,1.0026301975554157
9039.0,37119.0,1.0035212682639545
9085.0,12469.0,1.0017823931097982
10622.0,14524.0,1.0042688220968663
10630.0,9938.0,1.0012965191581054
10611.0,18727.0,1.0
10516.0,11249.0,1.004027166778748
10570.0,13907.0,1.0018848802283769
8755.0,12438.0,1.000610024142752
8755.0,22815.0,1.0008296867785293
8755.0,14263.0,1.0026912599111628
8755.0,28122.0,1.0005920986710553
8755.0,15483.0,1.0018342621169625
8755.0,14280.0,1.0013428630798822
8755.0,7353.0,1.0015336564863808
8755.0,16228.0,1.0018747540619242
8755.0,14680.0,1.0
8755.0,32613.0,1.00181828077937
8755.0,20211.0,1.000902989024384
8755.0,23304.0,1.0
8755.0,26841.0,1.0
8755.0,13874.0,1.0020205809700233
8755.0,14343.0,1.0
8755.0,14454.0,1.001333121288097
8755.0,11207.0,1.0
8755.0,13785.0,1.0
8755.0,13807.0,1.001086131151975
8755.0,14026.0,1.0
8755.0,17189.0,1.0
8755.0,17392.0,1.0008762930200006
8755.0,18660.0,1.000198950308053
8755.0,11075.0,1.0
8858.0,11187.0,1.003917042841133
8865.0,40096.0,1.0011191487412205
8865.0,46056.0,1.0016817967593907
8865.0,39295.0,1.001419202423402
8865.0,18338.0,1.0024383628119529
8865.0,39830.0,1.000827411585244
8883.0,49721.0,1.0029337160630278
8930.0,19994.0,1.000147029431272
11387.0,19092.0,1.0
11387.0,28376.0,1.0015671366975476
11400.0,11187.0,1.0030805284380835
11430.0,15086.0,1.0028073638305577
11430.0,16265.0,1.0035048779566902
11374.0,14881.0,1.0028255118706597
11209.0,30469.0,1.0014389808498838
11209.0,641.0,1.0
11209.0,22544.0,1.0022092054037552
11209.0,38909.0,1.0019111716573972
11209.0,15167.0,1.0010833335046248
11209.0,16010.0,1.0017988725950275
11209.0,18246.0,1.0026661163135193
11209.0,14639.0,1.0010225698341988
11209.0,6577.0,1.0003735633161377
11313.0,14837.0,1.00462384762192
11384.0,3737.0,1.0052292759631847
11643.0,1059.0,1.0037503599770237
11643.0,40967.0,1.0026376396217662
11643.0,31908.0,1.0027033895982687
11657.0,7341.0,1.0024436245214965
11515.0,1586.0,1.0005477649856418
11551.0,14983.0,1.002080007402744
11577.0,15055.0,1.0006726647692326
11591.0,41240.0,1.004793771345337
11616.0,50551.0,1.0044226240640064
10784.0,9228.0,1.002022822474593
10966.0,23750.0,1.0057623262105055
10996.0,9316.0,1.0021504054477859
10996.0,17229.0,1.0017777833222454
11077.0,14562.0,1.0031873164731806
11084.0,907.0,1.0011942704030794
11089.0,14301.0,1.002898318028899
11136.0,10540.0,1.002497181322433
11147.0,14645.0,1.0049638918155126
11169.0,6686.0,1.0015881004055853
8163.0,10909.0,1.0031881708436088
8163.0,2282.0,1.006026112622647
8163.0,10737.0,1.0022114917690392
8163.0,3465.0,1.0041317589679322
8188.0,17446.0,1.0018139487931974
8188.0,34220.0,1.0019467933211628
8188.0,15235.0,1.0019321370920884
8188.0,14983.0,1.001722177693488
8188.0,19212.0,1.0032909788646862
8188.0,23877.0,1.0031301267799475
8081.0,22173.0,1.0020641563050177
8076.0,7531.0,1.0048564056672686
7922.0,8630.0,1.0011959662717456
7927.0,8630.0,1.0014331527232263
7992.0,10274.0,1.0004823243187009
7998.0,14958.0,1.0027279317735391
7998.0,15838.0,1.0
7998.0,18012.0,1.0007719784822602
8014.0,2.0,1.0034765896723754
8040.0,10302.0,1.001110392886372
8256.0,48201.0,1.0033796806200916
8380.0,15034.0,1.0024821593107522
8380.0,7011.0,1.0032024381709372
8380.0,10692.0,1.0017026273086147
8211.0,10408.0,1.003443682171268
8192.0,36965.0,1.003133646710735
8192.0,36480.0,1.0018240879635485
7450.0,10159.0,1.0033774091227967
7450.0,6166.0,1.002680140557355
7496.0,9849.0,1.0038846310962444
7505.0,4290.0,1.002972234341284
7550.0,9832.0,1.0043312834230635
7569.0,9981.0,1.00254021336936
7569.0,10425.0,1.0032129721133827
7569.0,12491.0,1.0044608631937166
7569.0,16416.0,1.0035160859824475
7395.0,9788.0,1.004638175142867
7395.0,10003.0,1.002978359987598
7302.0,9585.0,1.0011876872539096
7329.0,9139.0,1.0025344332714818
7336.0,805.0,1.0011254114009767
7336.0,8373.0,1.0025864568414622
7336.0,9609.0,1.0027382271160308
7387.0,18950.0,1.0055798688122333
7387.0,9422.0,1.003436790460917
7387.0,19211.0,1.0038464953834068
7772.0,9956.0,1.0043568624450192
7646.0,15351.0,1.0025245090529267
7654.0,402.0,1.0022664576307931
7654.0,23479.0,1.0028154132017604
8436.0,50094.0,1.0026826050469235
8436.0,11255.0,1.0012190807334662
8436.0,17655.0,1.002745544596568
8497.0,11024.0,1.0039220451261575
8385.0,7083.0,1.0
8691.0,19830.0,1.0023532410170797
8691.0,13652.0,1.0022830100195321
8691.0,14247.0,1.003008595464098
8691.0,13972.0,1.0031538969936997
8725.0,8420.0,1.0010411197538738
8532.0,17057.0,1.0017735698987258
8532.0,2215.0,1.0027788168472527
8532.0,15361.0,1.0007284758357462
8690.0,11034.0,1.0017471655289896
8690.0,14540.0,1.0011185814481374
5005.0,8771.0,1.0023504003752695
2703.0,1456.0,1.0109563014994807
2703.0,17811.0,1.012596045162911
2703.0,36178.0,1.0114874551985944
2703.0,16742.0,1.011778692475558
2703.0,16920.0,1.0087137054736766
2703.0,6572.0,1.012299518152079
2703.0,16414.0,1.011252425340395
2703.0,17451.0,1.0115463974427237
2703.0,10301.0,1.0127362093118442
2703.0,22809.0,1.0117001579314513
2703.0,26627.0,1.011147223019947
2703.0,41562.0,1.0101606771582596
2703.0,38520.0,1.0111195599103855
2703.0,27329.0,1.009398423483432
2703.0,4320.0,1.011865142366289
2703.0,3616.0,1.0133357395181921
2703.0,17723.0,1.01131711726087
2703.0,4421.0,1.0112574223199788
2703.0,4796.0,1.0126050427995674
2703.0,23877.0,1.0131036272477814
2703.0,14984.0,1.010945587996007
2703.0,18708.0,1.009855169109543
2703.0,18824.0,1.0129253833197154
2703.0,18833.0,1.0114962426429284
2703.0,22015.0,1.0124008713929906
2703.0,18280.0,1.0113442074598027
2703.0,17572.0,1.010696540548781
2703.0,17610.0,1.01080214410795
2703.0,18004.0,1.0118229385710122
2703.0,18199.0,1.0116710776621567
2703.0,23731.0,1.0106529677311713
2703.0,24005.0,1.0113839613468818
2703.0,24050.0,1.011377268423559
2703.0,22862.0,1.0102329069478841
2703.0,23083.0,1.0124768023345236
2703.0,23108.0,1.0109114988560166
2703.0,23216.0,1.0113987280420886
2703.0,23326.0,1.0129994597400884
2703.0,23358.0,1.0119075719074084
2703.0,17501.0,1.0109844101059298
2703.0,17461.0,1.011334107705066
2703.0,3201.0,1.0103307942925495
2703.0,12513.0,1.0104531586525478
2703.0,14626.0,1.0121184283245876
2703.0,15252.0,1.0107182356275144
2703.0,4434.0,1.0099337564885018
2703.0,8306.0,1.0119681757390615
2703.0,35364.0,1.011105018210343
2703.0,26724.0,1.0114420723162816
2703.0,26968.0,1.0103497007880267
2703.0,17881.0,1.0102170293922705
2603.0,7188.0,1.0010543945973658
2603.0,9609.0,1.00269070967311
2603.0,17054.0,1.0016631913201854
2603.0,9273.0,1.002015390193767
2603.0,10985.0,1.0
2637.0,5719.0,1.001936853292024
2697.0,3821.0,1.0043135373481418
2995.0,3433.0,1.0018743727072004
3068.0,5691.0,1.0008614998844667
3068.0,3550.0,1.0012826033704114
2974.0,4221.0,1.0015981091462327
2857.0,3348.0,1.0027052020930003
2867.0,3371.0,1.0026102438895588
2893.0,3383.0,1.0
2944.0,3433.0,1.0012101362058532
2954.0,3433.0,1.0029792480822992
2958.0,3000.0,1.0027675640668794
3126.0,8146.0,1.0025604666545276
3126.0,10579.0,1.0017977260304056
3126.0,7765.0,1.0019363883356411
3126.0,8154.0,1.0005230965116199
3126.0,5337.0,1.0010718438960766
3126.0,10183.0,1.002382495511735
3126.0,3058.0,1.0013855200714095
3114.0,4845.0,1.0044467654176206
3114.0,4597.0,1.0037867430082672
3114.0,3070.0,1.0028540180908956
2722.0,3150.0,1.0106031091315495
2722.0,1570.0,1.0084877229010525
2722.0,3235.0,1.0094661090055497
2722.0,4087.0,1.009906716855463
2828.0,35536.0,1.003413485993371
2828.0,48450.0,1.0006033630389224
2828.0,27634.0,1.0038864996984274
2828.0,34403.0,1.0041427667946294
2033.0,19298.0,1.0006120084713477
2033.0,27394.0,1.0
2033.0,8771.0,1.0009293047426164
2033.0,8467.0,1.001918128329588
2033.0,9937.0,1.000901939358776
2033.0,14299.0,1.0015675660094152
2033.0,23358.0,1.0021535896496767
2033.0,10224.0,1.0004545639058553
2033.0,23306.0,1.0005831168337538
2033.0,14504.0,1.00069805454735
2027.0,5264.0,1.0041384676408494
2027.0,4816.0,1.0039646953442287
2027.0,19665.0,1.0021638075962347
2067.0,1056.0,1.0018147535169784
2080.0,42662.0,1.002769188711971
2087.0,3049.0,1.0026974534514688
2111.0,2507.0,1.0030596172177855
2114.0,8560.0,1.0049442226785033
2011.0,2314.0,1.0005665997962592
1993.0,16414.0,1.0036156702723902
1791.0,1507.0,1.000587365685573
1792.0,598.0,1.0021245955614273
1792.0,3117.0,1.0015466943249964
1762.0,2361.0,1.0026676665620342
1781.0,4828.0,1.0025831620748722
1781.0,6134.0,1.0052859715184206
1898.0,2074.0,1.0012249636656958
1941.0,1823.0,1.0040510016020952
1941.0,2456.0,1.002492091441678
1808.0,2024.0,1.003769721706054
1835.0,2561.0,1.000569872829554
1835.0,15809.0,1.001645232409545
2158.0,10696.0,1.0024209541663809
2158.0,3111.0,1.0
2158.0,5421.0,1.0008671583634297
2158.0,9470.0,1.002182417134273
2158.0,10132.0,1.0018408831552057
2433.0,4709.0,1.003821385408896
2440.0,2929.0,1.0025009720407867
2459.0,4381.0,1.0013873538881304
2459.0,4551.0,1.0008976517813277
2459.0,5199.0,1.002760601811414
2459.0,2482.0,1.0023389062231034
2459.0,4484.0,1.0034009599550664
2417.0,16071.0,1.0017861510282882
2382.0,5210.0,1.001492199507847
2382.0,4989.0,1.0040576147012623
2383.0,8242.0,1.0037623391542276
2408.0,4245.0,1.0017621111088244
2411.0,39573.0,1.0001872815182444
2411.0,40107.0,1.001790967825177
2465.0,1915.0,1.0017139917786206
2464.0,5431.0,1.0020178776006268
2209.0,5998.0,1.0014437490531323
2224.0,6080.0,1.00335270225112
2280.0,8067.0,1.001063381109913
2280.0,3058.0,1.000895011966913
2280.0,2796.0,1.0026759879826506
2280.0,2886.0,1.0008390353067633
2280.0,3016.0,1.0008927529869216
2280.0,20654.0,1.002198571835489
2280.0,25330.0,1.0010212901148403
2280.0,10618.0,1.0021340952025977
2280.0,3603.0,1.0008945957466717
2280.0,9984.0,1.0004440583341323
2192.0,9044.0,1.0019377299877705
2177.0,3498.0,1.0024701297407559
2287.0,2799.0,1.000196104718468
2356.0,2779.0,1.0018628048010192
3943.0,14123.0,1.0018004084219512
3943.0,10041.0,1.0015717686360377
3943.0,6574.0,1.0017111665650145
3943.0,42163.0,1.0
3943.0,7556.0,1.000872717144812
3943.0,32400.0,1.0009039196838285
3943.0,2241.0,1.000378502190108
3943.0,3665.0,1.0005775119387423
3943.0,7782.0,1.0010637588217977
3943.0,8197.0,1.0009163904178082
3943.0,8440.0,1.001450070139924
3943.0,6996.0,1.0004686011936756
3943.0,6620.0,1.0004996180920127
3943.0,20159.0,1.0
3943.0,20703.0,1.000665743573094
3943.0,10112.0,1.0013816448768407
3943.0,12327.0,1.0001386005246404
3943.0,8107.0,1.000514871653811
3943.0,6673.0,1.0
3943.0,4838.0,1.0008799770334091
3943.0,5951.0,1.0010082934743219
3943.0,6434.0,1.0002964670254741
4020.0,20180.0,1.006813577587051
4020.0,6828.0,1.0037067861695366
4020.0,20753.0,1.0040204083805115
4020.0,34542.0,1.006175828574396
4020.0,3487.0,1.00667372286436
4020.0,9214.0,1.00514324125763
4020.0,9700.0,1.006156508250997
4047.0,3429.0,1.0010581916901016
4060.0,8912.0,1.0022621148147453
4082.0,4847.0,1.0049237023447049
3926.0,3389.0,1.0010669477642318
3926.0,5523.0,1.0018093027290806
3835.0,41361.0,1.00244846334225
3835.0,50771.0,1.0016545735758413
3835.0,15278.0,1.0010749836425847
3835.0,15386.0,1.0030211996892155
3835.0,38520.0,1.0010873071666986
3835.0,805.0,1.00043471683314
3835.0,27785.0,1.0
3835.0,31751.0,1.001912396978068
3835.0,44387.0,1.001377838436648
3838.0,4886.0,1.0015170550851056
3840.0,4845.0,1.003339534484308
4092.0,510.0,1.0007996171192688
4092.0,5722.0,1.0027713441693256
4092.0,7247.0,1.0014106855955183
4092.0,12450.0,1.0013302240476036
4092.0,13604.0,1.0032020137630955
4092.0,5756.0,1.0007220435155153
4092.0,4120.0,1.0018986131751115
4092.0,10919.0,1.0006285544955382
4092.0,23721.0,1.0008853160564575
4670.0,10664.0,1.0
4795.0,18423.0,1.002583163293953
4795.0,31325.0,1.0019179593194034
4795.0,5916.0,1.0013793133481477
4795.0,16093.0,1.001253228708873
4795.0,17497.0,1.0025436700359227
4795.0,18137.0,1.0024794522544054
4566.0,14886.0,1.0011697714450518
4566.0,15402.0,1.0033263577203795
4566.0,5871.0,1.0020931137739182
4573.0,5865.0,1.0051017230082813
4616.0,6029.0,1.0039014467156435
4859.0,6264.0,1.0007837005054472
4873.0,6272.0,1.003127712838414
4887.0,16672.0,1.0042247031881995
4889.0,6297.0,1.0025956854575422
4903.0,4765.0,1.0034571071426026
4910.0,8535.0,1.0005970822020753
4910.0,8442.0,1.0013126420003515
4930.0,6363.0,1.0049088603628258
4855.0,8380.0,1.0029440722889842
4527.0,5465.0,1.0008114105268833
4146.0,17209.0,1.0038684672380482
4146.0,22329.0,1.002972493529115
4199.0,5426.0,1.00243580673206
4226.0,5461.0,1.0015065353353207
4263.0,5499.0,1.0046275919752212
4278.0,5861.0,1.004647763470606
4278.0,5504.0,1.0039035360556747
4129.0,5413.0,1.0043501225844835
4301.0,23889.0,1.0036130565015229
3451.0,37851.0,1.0011328902856897
3451.0,5920.0,1.0007898509777173
3451.0,16401.0,1.0006332781095568
3451.0,8437.0,1.002083849850443
3458.0,35888.0,1.0030302377964526
3458.0,34482.0,1.0018797321583022
3337.0,4263.0,1.0004503057453238
3343.0,13584.0,1.0023294012466015
3398.0,52110.0,1.0031457101983152
3575.0,41685.0,1.0015683617261333
3575.0,42787.0,1.0038435595714272
3606.0,3122.0,1.002785466577915
3606.0,9267.0,1.0014939235721287
3480.0,8316.0,1.002162687396507
3499.0,4105.0,1.0003729368852492
3508.0,5300.0,1.0024527153575522
3178.0,44883.0,1.0037793975572276
3178.0,49844.0,1.000702321667939
3178.0,40562.0,1.0006984600635485
3178.0,50647.0,1.0023531304262907
3178.0,41191.0,1.0024218106027845
3178.0,43096.0,1.0020956841188287
3178.0,44331.0,1.0017901311894473
3178.0,44925.0,1.0
3181.0,3637.0,1.0037706933433386
3194.0,4265.0,1.0020753636377824
3194.0,3235.0,1.0012387008109285
3194.0,3831.0,1.0031048302405452
3206.0,3777.0,1.0030366844480179
3211.0,6905.0,1.001981871737779
3312.0,2560.0,1.0028295360884778
3312.0,1091.0,1.0015376775997347
3312.0,4037.0,1.0039855417490569
3252.0,1955.0,1.0048918364591783
3288.0,3074.0,1.0027913382023357
3790.0,15791.0,1.0020231397659327
3790.0,4501.0,1.0018623145435153
3790.0,22002.0,1.0
3790.0,9971.0,1.0013805009586016
3790.0,30094.0,1.0005675708819324
3790.0,8635.0,1.0013935252283659
3790.0,7680.0,1.0012510478634855
3790.0,17572.0,1.000033822496834
3790.0,9278.0,1.0
3790.0,5226.0,1.000801413421813
3790.0,10183.0,1.0013745170607053
3790.0,5622.0,1.0
3790.0,14856.0,1.00159170592884
3790.0,10587.0,1.0
3790.0,22579.0,1.0011676290892195
3790.0,26876.0,1.0006019715505996
3790.0,4753.0,1.0
3790.0,5274.0,1.001738203493121
3790.0,7797.0,1.0001063389294618
3790.0,6353.0,1.0
3668.0,20304.0,1.0041638006048903
3789.0,4740.0,1.0115984090849128
3677.0,45431.0,1.0022015214061941
3704.0,7670.0,1.0018054038280484
3727.0,4681.0,1.003726525332325
3768.0,3360.0,1.0010791720657453
3776.0,965.0,1.000786208287863
10939.0,1244.0,1.0025366940630733
26157.0,27352.0,1.003083236639029
