4.0,96.0,1.001672649199556
4.0,2560.0,1.0034350292951253
25579.0,5003.0,1.019727312761078
25579.0,7652.0,1.021395420388428
25579.0,8841.0,1.0201274439977905
25579.0,8904.0,1.0214615020010882
25579.0,9158.0,1.0212780706938742
25579.0,4398.0,1.0214991182941675
25579.0,773.0,1.0195816689999904
25579.0,1367.0,1.0203992926628382
25579.0,2093.0,1.0206214192201966
25579.0,2274.0,1.0210196816745967
25579.0,2968.0,1.0196499712599185
25579.0,3803.0,1.0207011860753026
25579.0,9964.0,1.018751316358515
25579.0,12342.0,1.020884122247509
25579.0,12373.0,1.019211754393973
25579.0,13822.0,1.0185485505293759
25579.0,14841.0,1.0179047801414656
25579.0,32076.0,1.0199658879823075
25579.0,32323.0,1.0199483678191603
25579.0,31567.0,1.0214483176888143
25579.0,31608.0,1.0210563246062383
25579.0,31708.0,1.0218558366638075
25579.0,31967.0,1.020675104599723
25579.0,32015.0,1.0208746415368235
25579.0,31485.0,1.0189896692701692
25579.0,32694.0,1.0206941284832252
25579.0,34693.0,1.0202068191681202
25579.0,34704.0,1.0195438036991615
25579.0,34743.0,1.0200423120323625
25579.0,34749.0,1.01887970947117
25579.0,35190.0,1.0189924600229894
25579.0,35334.0,1.0196779615635345
25579.0,35365.0,1.0205278018875237
25579.0,35424.0,1.0205652259964157
25579.0,34644.0,1.0204534577525175
25579.0,34322.0,1.0211467978007682
25579.0,27530.0,1.0178042661836715
25579.0,27779.0,1.0212963045709562
25579.0,27794.0,1.021278055500018
25579.0,27982.0,1.0194351785658384
25579.0,27082.0,1.0233215608007438
25579.0,22208.0,1.0204418556790156
25579.0,23395.0,1.020658662404055
25579.0,23757.0,1.0202884140659862
25579.0,23868.0,1.0186444780665094
25579.0,26712.0,1.019085884939934
25579.0,31402.0,1.0200004192357923
25579.0,30816.0,1.020392663560596
25579.0,30873.0,1.021431584193752
25579.0,30929.0,1.0203316779268377
25579.0,31026.0,1.0187322827294907
25579.0,31206.0,1.019739638126684
25579.0,30078.0,1.020094527915944
25579.0,30031.0,1.019929135923414
25579.0,28927.0,1.0196266905365474
25579.0,28350.0,1.019492756409667
25579.0,28382.0,1.0211508479347011
25579.0,28710.0,1.0187354428986426
25579.0,28858.0,1.0204520275416793
25579.0,35569.0,1.018321523456708
25579.0,40820.0,1.0210890166254343
25579.0,35637.0,1.0188304264960533
25579.0,37524.0,1.019160874844987
25579.0,37709.0,1.0188180362274415
25579.0,36224.0,1.019237494940939
25579.0,36251.0,1.0193258445878801
25579.0,37276.0,1.018629298022657
25579.0,38749.0,1.021239659328988
25579.0,39512.0,1.0200711096317796
25579.0,35624.0,1.021941277488112
25579.0,37757.0,1.018517640957621
25579.0,37811.0,1.0195304829622318
25579.0,37916.0,1.0194724432993245
25579.0,38460.0,1.0207165464202301
25579.0,38606.0,1.0218666032316872
25579.0,38283.0,1.0213047276234635
25579.0,37198.0,1.019967059906485
25579.0,37286.0,1.0206464989904052
25579.0,37440.0,1.0199293956069717
25579.0,37603.0,1.0211877762956865
25579.0,37666.0,1.020940194409269
25579.0,39648.0,1.0214260408998148
25579.0,39770.0,1.0219442176692557
25579.0,39420.0,1.0195722382358674
25579.0,38775.0,1.0213278984441139
25579.0,38921.0,1.020216443850162
25579.0,39025.0,1.0198791588092486
25579.0,39063.0,1.0221323197339673
25579.0,39075.0,1.021373078291292
25579.0,39429.0,1.0208143784228048
25579.0,37179.0,1.0189324186125273
25579.0,36074.0,1.021182494673947
25579.0,36170.0,1.0202602892480022
25579.0,35968.0,1.0204497540137718
25579.0,35711.0,1.0225257792125186
25579.0,35791.0,1.019526932219279
25579.0,35800.0,1.0208380011198273
25579.0,35848.0,1.0197313633267104
25579.0,35930.0,1.0191387336866817
25579.0,36282.0,1.0209145559151556
25579.0,36837.0,1.020970904560525
25579.0,36957.0,1.0208444412939184
25579.0,37068.0,1.0191050364057108
25579.0,37108.0,1.0197626586028958
25579.0,37129.0,1.0188705598248124
25579.0,36327.0,1.0194888702818554
25579.0,36355.0,1.0185254646047899
25579.0,36453.0,1.0199283548938827
25579.0,36513.0,1.020649395521394
25579.0,36548.0,1.0193228773469976
25579.0,36635.0,1.0196379834450509
25579.0,49875.0,1.0191041850179094
25579.0,50540.0,1.0208827456614267
25579.0,48063.0,1.0223354614721212
25579.0,45622.0,1.020653427426222
25579.0,45834.0,1.0198136371360687
25579.0,45977.0,1.0201483896982007
25579.0,47202.0,1.0210312156095152
25579.0,47374.0,1.0206879009762853
25579.0,47805.0,1.019602194635125
25579.0,45317.0,1.0202373195790504
25579.0,42192.0,1.0189763931457942
25579.0,42259.0,1.0190880220720977
25579.0,42352.0,1.0187922776603477
25579.0,42363.0,1.020029990725783
25579.0,42416.0,1.0197797158543855
25579.0,41832.0,1.019777285597536
25579.0,41763.0,1.0196679269091151
25579.0,40602.0,1.0190756802903003
25579.0,40725.0,1.0196055964788213
25579.0,40875.0,1.0183204304334526
25579.0,40881.0,1.0209845081917845
25579.0,40925.0,1.0185781972972738
25579.0,41014.0,1.021858429850543
25579.0,41494.0,1.019895793522577
25579.0,41736.0,1.0203200181137295
25579.0,42440.0,1.0204431578595345
25579.0,43672.0,1.0220921264938188
25579.0,44154.0,1.0207059263014713
25579.0,44365.0,1.0196309966169048
25579.0,44901.0,1.021877381403078
25579.0,45002.0,1.0199384396990767
25579.0,42997.0,1.0223838067018687
25579.0,43036.0,1.019215043998262
25579.0,43274.0,1.0194640257146392
25579.0,45363.0,1.0205603758382686
25375.0,41968.0,1.0008710865847112
25394.0,26590.0,1.000133596916393
25398.0,48525.0,1.0003071611992733
25415.0,4956.0,1.0000335848859936
25415.0,6923.0,1.000770211594252
25415.0,36176.0,1.0020480343528069
25415.0,44255.0,1.0015314307317866
25415.0,44319.0,1.0013528378351417
25415.0,45694.0,1.0002556035692913
25415.0,45929.0,1.0016300044716369
25415.0,43496.0,1.0002517928667716
25415.0,37593.0,1.000589303676394
25415.0,38250.0,1.0010375120886665
25415.0,39334.0,1.0022543806991218
25415.0,39437.0,1.0011793871562402
25415.0,41842.0,1.0024757359543084
25120.0,27223.0,1.0009826652560436
25153.0,26486.0,1.0012003365649946
25206.0,40275.0,1.0005647875924686
25220.0,32418.0,1.0018709393880223
25281.0,26918.0,1.001722164483069
25359.0,28279.0,1.0030022296129681
25425.0,16419.0,1.002466244780284
22400.0,23681.0,1.0035021307167546
22400.0,23449.0,1.0018438373699141
22504.0,18951.0,1.002338697401852
22504.0,32951.0,1.0020232702486336
22504.0,32957.0,1.002554145686935
22504.0,45589.0,1.0023729726439756
22385.0,43150.0,1.0033140119944646
22385.0,32719.0,1.0023127547384993
22367.0,16234.0,1.000275941389616
22367.0,14090.0,1.0010685386166966
22367.0,50294.0,1.0
22367.0,52191.0,1.0019545341178668
22367.0,48395.0,1.0020233922941433
22367.0,36029.0,1.0033845801398704
22367.0,36594.0,1.0010235897929272
22367.0,37266.0,1.0
22367.0,38290.0,1.0
22367.0,38491.0,1.0008385175092038
22367.0,39802.0,1.0026328452444897
22367.0,35783.0,1.0011995584336757
22367.0,35608.0,1.0
22367.0,34236.0,1.0001468404284135
22367.0,34262.0,1.002234385004027
22367.0,34825.0,1.0007860101651964
22367.0,34846.0,1.0013251386919781
22367.0,35153.0,1.001602308995307
22367.0,35431.0,1.0017998141278193
22367.0,35739.0,1.0006965520644684
22367.0,46029.0,1.0
22367.0,47186.0,1.0
22367.0,47821.0,1.0025342182574764
22367.0,47966.0,1.0011464839637925
22367.0,44662.0,1.0
22367.0,40494.0,1.0011484646260105
22367.0,40665.0,1.0
22367.0,40716.0,1.0018638901293464
22367.0,41000.0,1.000894866798429
22367.0,41250.0,1.0
22367.0,32357.0,1.00138142669177
22367.0,32298.0,1.00130594006161
22367.0,4923.0,1.0002666535322078
22367.0,27758.0,1.0
22367.0,27918.0,1.0
22367.0,31319.0,1.0012140350171876
22367.0,31414.0,1.0004707049242296
22367.0,31949.0,1.000009955335573
22367.0,26535.0,1.0
22367.0,26366.0,1.0004225234497202
22367.0,7626.0,1.0016304985917635
22367.0,16122.0,1.0007435454806586
22367.0,20420.0,1.0
22682.0,40820.0,1.0027806904620609
22682.0,44051.0,1.0025159367202048
22733.0,23743.0,1.000726851311836
22733.0,24099.0,1.000872112480428
22784.0,12476.0,1.0003289304129603
22806.0,26460.0,1.0
22522.0,36926.0,1.0026307484258628
22522.0,40535.0,1.003398074551817
22522.0,40900.0,1.0020890100870035
22545.0,26370.0,1.0010235555608138
22624.0,23619.0,1.0004322477375742
22879.0,44245.0,1.0040118100418962
23274.0,25262.0,1.0001921588678975
23293.0,8520.0,1.0027743959031719
23481.0,47350.0,1.0044090988156789
23506.0,44100.0,1.002836179787862
23506.0,45993.0,1.001183103419301
23506.0,51944.0,1.0029496189650993
23149.0,52155.0,1.0042961566484143
23149.0,45017.0,1.0018833701848282
23149.0,32459.0,1.00345584629983
23149.0,44175.0,1.0037988273740903
23188.0,1333.0,1.0040906678847827
23188.0,44935.0,1.0041847018388683
23188.0,47933.0,1.0018888555134995
23203.0,36204.0,1.004237283126682
23254.0,20860.0,1.0006985297119064
24765.0,26416.0,1.001243162793446
24937.0,25181.0,1.0024764545048028
24966.0,23943.0,1.003208092811882
24987.0,26671.0,1.001847931029138
24991.0,26664.0,1.002168581855828
23523.0,2080.0,1.0016898850947942
23554.0,39276.0,1.0
23580.0,9701.0,1.003518121637132
24599.0,35152.0,1.0057580827119794
24645.0,43371.0,1.0014988426846552
24698.0,3430.0,1.0022598829972287
23087.0,27572.0,1.0
23087.0,28505.0,1.0
23087.0,30234.0,1.0001880968983448
23087.0,34481.0,1.0015482490547862
23087.0,14232.0,1.0
23087.0,15416.0,1.000363281054181
23087.0,44318.0,1.0
23087.0,35472.0,1.0
23087.0,40561.0,1.0015731380946153
23087.0,41804.0,1.0025216524750842
23087.0,41989.0,1.0
22916.0,7013.0,1.0013006599569585
22922.0,23849.0,1.0026108585086377
22976.0,26494.0,1.0022887982640818
22976.0,27158.0,1.0013475641111627
23035.0,31388.0,1.0009833636823349
23059.0,25167.0,1.002113279232153
23067.0,23967.0,1.0033440398925573
26143.0,74.0,1.003455428406325
26297.0,10490.0,1.002527191907731
26120.0,16763.0,1.0015532428532627
26088.0,31385.0,1.0061418333615022
26046.0,23175.0,1.0012491029975799
25619.0,27726.0,1.002586807942873
25659.0,29994.0,1.0032789406500782
25723.0,27861.0,1.0
25847.0,20313.0,1.0015092966511057
25868.0,27392.0,1.004088209728115
26476.0,27940.0,1.0041739562415286
26648.0,30929.0,1.000385462890979
26648.0,31231.0,1.0
26648.0,25326.0,1.0003606077440441
26648.0,8376.0,1.0
26648.0,8886.0,1.000374297707733
26648.0,9907.0,1.000678660897758
26648.0,11220.0,1.000901488463878
26648.0,8048.0,1.0013726785550177
26648.0,13945.0,1.0
26648.0,30972.0,1.0
26648.0,31365.0,1.0010883584303167
26648.0,30361.0,1.0000411501783477
26648.0,30389.0,1.000593389249685
26648.0,30469.0,1.0
26648.0,30501.0,1.0019922065116258
26648.0,30507.0,1.0013172520064266
26648.0,30522.0,1.000741548058157
26648.0,30796.0,1.0001106541999167
26648.0,34463.0,1.0016774731172304
26648.0,34494.0,1.0
26648.0,34513.0,1.0014677849743607
26648.0,35168.0,1.0012834229747307
26648.0,35178.0,1.0
26648.0,35991.0,1.0
26648.0,36017.0,1.0
26648.0,32706.0,1.0011906590390953
26648.0,31896.0,1.000265713010027
26648.0,32209.0,1.0004047185201237
26648.0,32423.0,1.000454105196479
26648.0,32469.0,1.0
26648.0,19495.0,1.0018510309469917
26648.0,19804.0,1.0004327877478176
26648.0,21937.0,1.0
26648.0,23560.0,1.000959916501067
26648.0,23799.0,1.0
26648.0,18586.0,1.0018179028695173
26648.0,14178.0,1.0
26648.0,14556.0,1.0
26648.0,18432.0,1.0
26648.0,28787.0,1.0
26648.0,28865.0,1.000093320248439
26648.0,28909.0,1.0
26648.0,29984.0,1.000428859773313
26648.0,30093.0,1.0
26648.0,30133.0,1.0013669735208683
26648.0,28749.0,1.000269905072771
26648.0,27202.0,1.0000765972275563
26648.0,27814.0,1.0
26648.0,28179.0,1.0
26648.0,28415.0,1.0
26648.0,28601.0,1.002247913627931
26648.0,37265.0,1.000428430966201
26648.0,42905.0,1.0000534547766957
26536.0,38416.0,1.0032329711055759
26587.0,37284.0,1.0037148597981698
25597.0,35889.0,1.0008200442842181
25597.0,38760.0,1.0
25597.0,39009.0,1.0003690301218437
25597.0,39049.0,1.000156021399642
25597.0,39456.0,1.0013683343297408
25597.0,39512.0,1.0007230824960807
25597.0,37459.0,1.0000824134155035
25597.0,37557.0,1.0001577802415695
25597.0,37651.0,1.001204214494748
25597.0,37802.0,1.0004114863963574
25597.0,38015.0,1.0016514005892012
25597.0,46171.0,1.0
25597.0,47722.0,1.0
25597.0,47752.0,1.0013998458332292
25597.0,47839.0,1.000987636559669
25597.0,48450.0,1.002535594017687
25597.0,45576.0,1.001151409183725
25597.0,45462.0,1.0014724004090596
25597.0,40312.0,1.0000958513478113
25597.0,41270.0,1.000660715999942
25597.0,41908.0,1.0005258787646574
25597.0,42946.0,1.0007241961774742
25597.0,37385.0,1.002450898693819
25597.0,37309.0,1.0
25597.0,36535.0,1.001075877434732
25597.0,14190.0,1.0005466799568905
25597.0,31328.0,1.0
25597.0,31972.0,1.0
25597.0,32149.0,1.0037269835154001
25597.0,34361.0,1.0019140779252331
25597.0,36288.0,1.0017376821642976
25597.0,36330.0,1.0005298382691798
25597.0,36746.0,1.001131666700293
25597.0,36797.0,1.0
25597.0,37221.0,1.0002827926155402
25597.0,32805.0,1.0015312730983759
25597.0,34863.0,1.0
25597.0,35336.0,1.0
25597.0,35680.0,1.0
25597.0,37329.0,1.0033159268652077
16777.0,47243.0,1.0035124619787106
16778.0,1367.0,1.002923768921459
16852.0,22456.0,1.0025276136669223
16878.0,13910.0,1.0020939265349018
16889.0,7119.0,1.003524258605211
16894.0,28897.0,1.0004890998241114
16952.0,18943.0,1.0
16959.0,47449.0,1.0020071056155861
16965.0,6788.0,1.0037330538292095
16965.0,18950.0,1.0023277619120978
16419.0,20473.0,1.0003097421606488
16577.0,10461.0,1.0033181246008316
16672.0,14886.0,1.0013559675505546
16700.0,19915.0,1.0
16700.0,22489.0,1.0
16711.0,18628.0,1.002236566670826
17218.0,19223.0,1.0022945460658415
17355.0,22068.0,1.0015298820908296
17358.0,7087.0,1.000569775855482
17358.0,19477.0,1.0019191360268402
16968.0,13554.0,1.0018227665012707
16968.0,17608.0,1.0025681829735433
17044.0,18635.0,1.0031554647554368
17062.0,19042.0,1.0032117138196304
17062.0,19044.0,1.0035683028615932
17070.0,9089.0,1.003300695958754
15636.0,15538.0,1.003192359050359
15649.0,8739.0,1.0010190842438362
15936.0,16920.0,1.0044404596119159
15949.0,18173.0,1.0029090419638789
15288.0,45893.0,1.0005424097847775
15288.0,44879.0,1.0005748836896688
15288.0,34888.0,1.0002571540250287
15288.0,41755.0,1.000510133322973
15288.0,42400.0,1.0020560466369166
15288.0,4762.0,1.0
15288.0,17530.0,1.0003591920722281
15288.0,18573.0,1.0010525193158086
15288.0,19625.0,1.0016913121338715
15288.0,19784.0,1.0
15288.0,23504.0,1.0
15288.0,44876.0,1.0002485912119081
15483.0,8420.0,1.004085391770938
15574.0,17695.0,1.0030353233094715
15961.0,35213.0,1.0024213406235598
15977.0,28672.0,1.0027774298207703
15977.0,52027.0,1.0013443921430978
16282.0,20006.0,1.0010234236191844
16201.0,38383.0,1.0029296889212187
16194.0,14683.0,1.005112921437333
16003.0,5268.0,1.0022134607025313
16003.0,19813.0,1.003562952123568
17394.0,19298.0,1.000105175391719
17494.0,19362.0,1.004115991962174
18322.0,5986.0,1.002408925338388
18331.0,9663.0,1.0043938409663613
18335.0,18420.0,1.001297891341251
18335.0,22170.0,1.0015326700166451
18335.0,34272.0,1.0027287646869858
18008.0,25280.0,1.001951454536756
18008.0,46071.0,1.0019296253766714
18008.0,19943.0,1.0023861946940658
18012.0,26947.0,1.0011414448413454
18381.0,45514.0,1.0003523173447615
18404.0,15282.0,1.0025320756540423
18414.0,20001.0,1.0025367120491266
18450.0,20092.0,1.00360479800075
18519.0,6114.0,1.0019716802086491
17572.0,28230.0,1.0002929046640405
17572.0,415.0,1.001462789899612
17572.0,16490.0,1.0018456821803157
17575.0,40278.0,1.0013613733005071
17590.0,19353.0,1.004747920604389
17748.0,19974.0,1.0023081161051042
17811.0,44214.0,1.0024475843322358
17526.0,39327.0,1.0006883177147001
17546.0,20003.0,1.0037102635466666
17834.0,40207.0,1.0035978641448873
17834.0,43009.0,1.0019405436957671
17948.0,20835.0,1.0013690514018183
17960.0,19776.0,1.0025726211933244
17986.0,47525.0,1.002688571029161
17914.0,41380.0,1.0020536473630257
13949.0,16313.0,1.0010507224023084
13967.0,16864.0,1.0
13967.0,27390.0,1.0018297633115165
13521.0,16198.0,1.0055700410693562
13630.0,4972.0,1.003620394186864
13995.0,34205.0,1.0002336490218728
14160.0,16313.0,1.0005954080510202
14205.0,15004.0,1.0029691853162788
14436.0,16825.0,1.0010932940760728
14071.0,1959.0,1.002772173830382
14002.0,8095.0,1.0006560375869282
14002.0,22241.0,1.0029744233594924
14002.0,22770.0,1.001706442479364
14008.0,16277.0,1.0019494962730198
14018.0,16479.0,1.0016751764284608
14064.0,10864.0,1.002284074964737
14114.0,6798.0,1.0018970929704036
11957.0,25249.0,1.001075304982249
11957.0,15238.0,1.0021445772445816
11993.0,8080.0,1.002739379204959
12033.0,15460.0,1.0021802496457426
12034.0,16096.0,1.0036281441472077
13133.0,1990.0,1.0026694066168331
11905.0,13652.0,1.0017973446214996
11777.0,1770.0,1.0023377071722093
11795.0,14707.0,1.0058593091450325
11798.0,1367.0,1.0041166072249876
11849.0,13798.0,1.0015999024142572
11870.0,15445.0,1.0
13187.0,23513.0,1.0004901527471046
13418.0,18168.0,1.0005188828968854
13464.0,23964.0,1.0047532492412299
13464.0,26764.0,1.0058830573429483
13190.0,4409.0,1.0013148420268894
13333.0,15278.0,1.0033780492926005
13388.0,10674.0,1.0048946269713042
15099.0,17422.0,1.0032842942890654
15118.0,8531.0,1.0014007105960978
15184.0,7477.0,1.003545598854976
15184.0,50080.0,1.000933569525933
15249.0,14745.0,1.0018753629364623
15272.0,17584.0,1.002187711335255
15040.0,16414.0,1.0014535113618692
14819.0,23757.0,1.0028741555957046
14911.0,2839.0,1.0001748922152307
14912.0,8263.0,1.0009028580405297
14912.0,6180.0,1.001266740721324
14765.0,18001.0,1.0004432975609576
14582.0,28446.0,1.0
14582.0,7209.0,1.0010951280727345
14582.0,23964.0,1.0017379039974548
14582.0,28907.0,1.0012076790663758
14582.0,31055.0,1.0012451641546132
14582.0,32720.0,1.0015206898699651
14582.0,34598.0,1.000126780793033
14582.0,27965.0,1.000248062759526
14582.0,27801.0,1.0008164782870637
14582.0,25123.0,1.0002755226525986
14467.0,7287.0,1.0
14508.0,13720.0,1.0002573371048868
14740.0,17921.0,1.0007579275553313
14740.0,19845.0,1.0032588899167088
14749.0,17156.0,1.0021471473974553
14736.0,13976.0,1.0006234837213492
14622.0,36099.0,1.0011636611034767
14651.0,19679.0,1.0014914284307415
14696.0,42318.0,1.0021029852095336
18544.0,21969.0,1.0041081984733766
18604.0,22073.0,1.0014154752964053
18604.0,39193.0,1.0015490745854672
18604.0,26964.0,1.0030348334591592
18604.0,3435.0,1.0025408153178295
18604.0,22452.0,1.0004489004336854
18604.0,22258.0,1.0015884841454037
18604.0,9193.0,1.0026840150221068
18604.0,21905.0,1.0012607489946304
18604.0,22086.0,1.0035706031293925
18604.0,22224.0,1.0008684759378184
21289.0,40697.0,1.002781004780268
21289.0,47977.0,1.001225421206118
21289.0,50302.0,1.002282488784623
21289.0,50324.0,1.0
21289.0,50460.0,1.0
21289.0,50724.0,1.0017802879813587
21289.0,49877.0,1.0010081421642631
21289.0,24055.0,1.0013240403781263
21289.0,49805.0,1.0037141426760716
21224.0,19668.0,1.0009346049463248
21262.0,22463.0,1.0038714346449065
21297.0,48450.0,1.0046419208831094
21297.0,3348.0,1.003837791702103
21297.0,19771.0,1.0018602811445196
21297.0,28424.0,1.0019396743752005
21297.0,48333.0,1.0045899706009833
21433.0,30753.0,1.0041472877413904
21433.0,30264.0,1.0040170953478094
21433.0,30231.0,1.0036483830915264
21433.0,26913.0,1.002530455045947
21441.0,22412.0,1.00165638634675
21463.0,22632.0,1.0029433323518593
21494.0,22684.0,1.0027676544762456
21533.0,30983.0,1.0006345671002599
21331.0,22663.0,1.001395816863901
20749.0,26782.0,1.0011947177689966
20749.0,28314.0,1.0016513082669223
20749.0,30659.0,1.000918925878847
20749.0,31041.0,1.0005020421937896
20749.0,31156.0,1.0012510757095097
20749.0,27612.0,1.001587043449891
20749.0,27822.0,1.0014197794878055
20749.0,27882.0,1.0019143724352106
20749.0,27934.0,1.0
20749.0,28135.0,1.0002384042511951
20749.0,29951.0,1.0017567771806055
20749.0,27536.0,1.0006740816400386
20749.0,6738.0,1.0014876018635372
20749.0,8135.0,1.0011235431522172
20749.0,27040.0,1.0018632870066733
20749.0,27123.0,1.0021974013034092
20749.0,27291.0,1.000438112618874
20749.0,27033.0,1.0022341357604339
20749.0,22345.0,1.0
20749.0,27019.0,1.0021096838530954
20749.0,22525.0,1.0
20749.0,22555.0,1.0001106893499982
20749.0,22630.0,1.0008549029065836
20749.0,22735.0,1.0010413013377102
20749.0,22958.0,1.0017419686753564
20776.0,20389.0,1.0
20816.0,5057.0,1.0024091258205565
20874.0,22489.0,1.0
21537.0,22732.0,1.0015764072079447
21074.0,22020.0,1.0040161158528669
21118.0,22606.0,1.0018213811919296
21135.0,22347.0,1.0017806874611204
21196.0,2153.0,1.0000532017916959
21196.0,26450.0,1.0027579320256386
21208.0,17409.0,1.00087041218664
21027.0,22607.0,1.001607185417528
20901.0,22091.0,1.0041353323006073
20991.0,22890.0,1.002260087422119
20991.0,23072.0,1.0030847085721535
21016.0,22411.0,1.0044660389977442
21016.0,22464.0,1.0004084423549122
21542.0,26918.0,1.0036451666734019
21543.0,25222.0,1.0031877880692945
22247.0,8367.0,1.003376353791533
22247.0,49811.0,1.0018759769051773
22247.0,44313.0,1.0025005649576493
22247.0,44354.0,1.0020165255850415
22288.0,5480.0,1.0013703369817648
22324.0,50544.0,1.0023221259974484
22324.0,52234.0,1.0006156040219163
22364.0,22476.0,1.00098059825499
22224.0,15573.0,1.0014023115987218
21826.0,37520.0,1.00258127237583
21862.0,22785.0,1.003984287785463
21903.0,28667.0,1.0000861500720488
21907.0,38434.0,1.0025796748373044
21916.0,23004.0,1.0012793087015939
21930.0,47251.0,1.0028096446781527
21768.0,23078.0,1.0028121188835728
21570.0,22730.0,1.0025457593691733
21614.0,40098.0,1.003454997812123
21714.0,26372.0,1.0027623437812934
21963.0,36950.0,1.0024499256277442
21963.0,49844.0,1.0021150788903679
21963.0,32555.0,1.002830845753798
21963.0,39300.0,1.0021472220535292
21963.0,35729.0,1.002494847189035
21963.0,36456.0,1.002335953885042
21963.0,36883.0,1.0018390211015278
21963.0,38107.0,1.002657779475223
21976.0,31481.0,1.0017805726430842
22010.0,23095.0,1.0014728004185447
22031.0,23111.0,1.0009376626224606
22157.0,3257.0,1.0027920586123653
22157.0,4217.0,1.0020574048368636
22188.0,32474.0,1.002453354683091
19250.0,1304.0,1.0
19250.0,16765.0,1.000343001470998
19250.0,7942.0,1.0
19250.0,8742.0,1.0
19250.0,13535.0,1.0
19250.0,14654.0,1.0002318884840329
19250.0,16743.0,1.0
19250.0,17400.0,1.0
19250.0,2970.0,1.0022327512912237
19250.0,22384.0,1.0004223323569321
19250.0,20523.0,1.0019588875119227
19250.0,20767.0,1.0001166673089215
19250.0,22017.0,1.0
19250.0,22029.0,1.0016709144848643
19114.0,23408.0,1.002980471177826
19169.0,20459.0,1.0013574391294977
19183.0,31989.0,1.0010660814981012
19183.0,23354.0,1.00224087497616
19338.0,20649.0,1.0002444736087217
19346.0,33135.0,1.0008612938947572
19346.0,5109.0,1.0014313676939826
19346.0,20831.0,1.0010138940124742
19346.0,27769.0,1.0017111892302617
19346.0,32174.0,1.0
19346.0,52063.0,1.0008598350589109
19085.0,20459.0,1.0025094730236686
19086.0,36704.0,1.0012379268637805
18646.0,52023.0,1.003684946654773
18646.0,44652.0,1.0050386193051402
18880.0,20304.0,1.0015125337541075
18882.0,1319.0,1.002540514079964
19054.0,20645.0,1.0017699073051445
18784.0,20276.0,1.0
18755.0,22395.0,1.0049015728814987
18704.0,20124.0,1.0023934612400194
18704.0,14028.0,1.002804055417794
18708.0,20216.0,1.0034869674985545
20701.0,37557.0,1.000881224519778
20701.0,35451.0,1.0
20701.0,37381.0,1.0020912930180867
20701.0,40117.0,1.0013413955267416
20701.0,43736.0,1.0014838187825552
20701.0,14147.0,1.0028984208541536
19631.0,45130.0,1.0022781976332051
20688.0,39998.0,1.0032813542840022
20688.0,40585.0,1.0038685260755356
20695.0,27723.0,1.0023235058798907
20695.0,35028.0,1.0017150186267607
20695.0,38031.0,1.0006066748439193
19407.0,20767.0,1.0019618489735724
19407.0,22394.0,1.0019168663215359
19407.0,26656.0,1.000223655925729
19441.0,19762.0,1.0015427129725656
19393.0,14556.0,1.0002033782467605
19504.0,20716.0,1.002729174572167
19552.0,19744.0,1.002085115985969
19552.0,9268.0,1.0013793884989304
19552.0,22145.0,1.0023579284833122
19552.0,20885.0,1.001899587563302
19552.0,22034.0,1.000379629502699
19552.0,22303.0,1.0007255048968795
19552.0,22557.0,1.0026475511857538
19552.0,20588.0,1.0018420236777534
19552.0,19169.0,1.0021843823007597
19552.0,20632.0,1.0020434359408887
19548.0,16784.0,1.0031632921220708
11771.0,16022.0,1.0
41728.0,47917.0,1.0012767242878506
41728.0,41773.0,1.000799489589469
41728.0,19044.0,1.001835194649763
41728.0,45380.0,1.0016281851501425
41728.0,51916.0,1.0003502157919435
41728.0,40677.0,1.0013985657493598
41728.0,45463.0,1.001480357035113
41728.0,45808.0,1.0015296850834827
41728.0,46097.0,1.0014153481909767
41728.0,46098.0,1.0014907025599684
41728.0,47184.0,1.0021036125520537
41728.0,47282.0,1.0012306139933702
41728.0,47453.0,1.0007750359390222
41728.0,44039.0,1.000580790177116
41728.0,44267.0,1.0004122939235176
41728.0,47716.0,1.0
41728.0,48530.0,1.0006891008224328
41728.0,48586.0,1.0000730167339293
41728.0,50025.0,1.0023058631745532
41728.0,50044.0,1.0010913932959464
41728.0,50047.0,1.0011122267793509
41728.0,35082.0,1.0
41728.0,35132.0,1.0005950628916307
41728.0,40346.0,1.0014463295129301
41728.0,13551.0,1.002036736847117
41728.0,17718.0,1.0006270306857856
41728.0,40444.0,1.0007150767368855
41728.0,42255.0,1.0
41728.0,42705.0,1.001609868499424
41728.0,43018.0,1.0
41728.0,40629.0,1.000331064102296
41728.0,41372.0,1.0014415891455255
41728.0,45479.0,1.0019904022277457
41812.0,39398.0,1.0039114903999922
41815.0,5611.0,1.0025614073450906
41815.0,14581.0,1.0024377589366142
41815.0,47505.0,1.0021352450760026
41455.0,45298.0,1.0036181878785115
41486.0,19836.0,1.0009939410257636
41577.0,47854.0,1.0037960861840665
41577.0,44230.0,1.00385020504453
41587.0,39235.0,1.0
43527.0,45264.0,1.0145675409720283
43563.0,41562.0,1.002766924319073
43563.0,47560.0,1.0018230383142261
43603.0,47305.0,1.0020372160650062
43603.0,42268.0,1.0012299214480609
43603.0,40881.0,1.0026402277095625
43603.0,43779.0,1.000057960363459
43603.0,40898.0,1.0012894600491664
43603.0,40983.0,1.0025930147614863
43603.0,41066.0,1.0042116802487686
43603.0,41214.0,1.0042025231786702
43603.0,41401.0,1.0015445043795344
43603.0,41422.0,1.0018131155452568
43603.0,44977.0,1.0
43512.0,40431.0,1.0021563788940018
43509.0,3486.0,1.0034778165488663
43242.0,35190.0,1.0015013255865557
43242.0,38629.0,1.0009191657196772
43268.0,42600.0,1.0014180611868033
43293.0,40270.0,1.000650225726508
43852.0,42132.0,1.0038132307720786
43898.0,20347.0,1.004982909495039
41916.0,49969.0,1.002272111721673
41916.0,50591.0,1.0017494402176088
41916.0,15609.0,1.0010202015912122
41916.0,40107.0,1.0031824689516837
41965.0,39437.0,1.003992176271004
41985.0,39495.0,1.0041382446352765
42326.0,39630.0,1.001944962384208
42348.0,765.0,1.0
42448.0,39752.0,1.0019599216584505
41882.0,52234.0,1.0021683219986397
43058.0,40096.0,1.0023312066821406
43133.0,38529.0,1.0031876497029422
43182.0,35883.0,1.0020732381199287
42661.0,27662.0,1.00213761380173
42706.0,42515.0,1.001753871685847
42780.0,39016.0,1.0017441461478354
39204.0,37566.0,1.003062690976514
39225.0,37613.0,1.0016360984718704
39309.0,40397.0,1.0049448042303228
39185.0,30147.0,1.001064152611756
39375.0,39138.0,1.0012397807200597
39402.0,36038.0,1.0006606189701945
39100.0,43057.0,1.001133220568592
38979.0,41870.0,1.0020533766944728
38979.0,26988.0,1.0018234491146187
39009.0,46016.0,1.001433788275208
39408.0,38088.0,1.0034124529938757
39592.0,52229.0,1.0037656912618986
39663.0,39149.0,1.0023889035143063
38970.0,37388.0,1.0023433569610392
39459.0,42515.0,1.0020832594421234
39459.0,42169.0,1.002396896642851
39479.0,37796.0,1.0014423253809208
38429.0,34370.0,1.0004453044628632
38429.0,40672.0,1.0004437375699775
38429.0,39288.0,1.0
38429.0,39822.0,1.0
38429.0,40947.0,1.0007483748955475
38429.0,38871.0,1.0001987223362327
38429.0,40970.0,1.0004832093117988
38429.0,25207.0,1.0
38429.0,38008.0,1.0000012611151663
38429.0,38196.0,1.001687379110047
38429.0,38425.0,1.0009931894956967
38429.0,38501.0,1.000331379533548
38429.0,38670.0,1.0001495364749016
38429.0,41512.0,1.0004942010360671
38429.0,42354.0,1.0004442409898682
38429.0,43587.0,1.0011081646617144
38429.0,43688.0,1.0015371464385647
38403.0,50364.0,1.0
39683.0,43198.0,1.0021695607957357
38771.0,35977.0,1.0027047912340714
38786.0,37269.0,1.003376273337529
38511.0,19022.0,1.0023687011985107
40542.0,38520.0,1.0015467565910439
40775.0,38645.0,1.0010711749978893
40806.0,38951.0,1.000492246869636
40287.0,3246.0,1.0022136177223806
40121.0,38191.0,1.0038339937217464
40122.0,47821.0,1.0027262913186499
40122.0,47176.0,1.0005810680930791
40122.0,45631.0,1.0018757065720898
40235.0,32926.0,1.0054593083561285
40846.0,39053.0,1.0008121002867698
40846.0,4146.0,1.0027938635408256
40846.0,41524.0,1.0026174670013974
41053.0,41434.0,1.0026253004028058
41194.0,14255.0,1.0012499744694137
40963.0,38423.0,1.0034048030777862
40963.0,13896.0,1.0015214420380958
40916.0,42653.0,1.0018526719277376
40916.0,48031.0,1.0013170090036076
40916.0,44941.0,1.0025658581850123
39975.0,38088.0,1.0046449408166578
39774.0,42495.0,1.0001004293471725
39774.0,47395.0,1.000357959130908
39774.0,47405.0,1.0026170227528384
39774.0,37989.0,1.0
39774.0,38080.0,1.0026616274644773
39774.0,41285.0,1.0011903227274306
39774.0,48399.0,1.0010465111903408
39774.0,47487.0,1.000129013532519
39774.0,47640.0,1.0014387764270933
39774.0,48245.0,1.0012031132560961
39844.0,39028.0,1.004019783312533
39853.0,38716.0,1.0017043684722178
39853.0,47605.0,1.0022792953788118
52399.0,48378.0,1.002757365116732
52399.0,45838.0,1.0039309173587292
52410.0,45249.0,1.0016938685033596
52413.0,50364.0,1.0001832198297897
52482.0,45329.0,1.0023099867912397
52503.0,45353.0,1.0023633790121198
52183.0,47927.0,1.0117062299783102
52183.0,45603.0,1.0101107933791298
53272.0,52134.0,1.0007938270826457
53415.0,28010.0,1.000588026738819
52703.0,45668.0,1.0021506020352464
53054.0,50728.0,1.0029491355148619
53054.0,51852.0,1.0043801318293089
53054.0,51864.0,1.0023155646371993
52086.0,47505.0,1.0011096036433786
50189.0,1851.0,1.0010280248702632
50277.0,44684.0,1.0031269427145153
50315.0,44245.0,1.0032196934545268
50315.0,44551.0,1.0026693972855816
50566.0,39189.0,1.0038073688543718
48453.0,40084.0,1.0015232220287187
48566.0,43742.0,1.003259116553388
48703.0,43805.0,1.0048434267436153
48813.0,22970.0,1.0032666722784223
49874.0,45993.0,1.0
50602.0,45426.0,1.0
50794.0,43910.0,1.0033741123206474
50830.0,231.0,1.002222400947364
50875.0,9144.0,1.0023910400730514
50615.0,44525.0,1.0018453222791663
50680.0,14134.0,1.002365994563751
50765.0,44687.0,1.002697254785166
58219.0,45878.0,1.0012919295437632
58664.0,51998.0,1.0005957947161817
58675.0,15253.0,1.004905807984323
58675.0,50551.0,1.0046169338949462
58675.0,35185.0,1.004283379187548
58675.0,50500.0,1.004566239357768
57213.0,48517.0,1.0025514519433878
57213.0,28770.0,1.0021377753111371
57250.0,48530.0,1.0023475045592134
57538.0,50385.0,1.001473112160662
57647.0,49782.0,1.0003147714435592
59737.0,52232.0,1.0033370075872725
59921.0,51973.0,1.0014071755858782
60062.0,4996.0,1.0021289784967307
60082.0,35204.0,1.0027113508542824
60322.0,52177.0,1.0051178643096674
59625.0,3571.0,1.0015149863700428
59559.0,45808.0,1.0027808024935065
58856.0,12494.0,1.0032664896701637
59026.0,42638.0,1.0025651139396985
59131.0,42641.0,1.0002725248761162
59550.0,52058.0,1.002920160996088
57202.0,51934.0,1.0044684426175035
57202.0,52036.0,1.002567712089519
57202.0,51910.0,1.0028651415822578
57202.0,49823.0,1.0019247152266988
57202.0,50070.0,1.0045739883949587
55457.0,48409.0,1.0031708932449637
55495.0,47475.0,1.001099144873845
55499.0,46056.0,1.0016545719554084
55499.0,46129.0,1.0020817251848557
55598.0,48409.0,1.001918639033272
55806.0,47453.0,1.0005326455603967
55839.0,47627.0,1.0024846309720048
55215.0,47294.0,1.0022783959329316
53506.0,38915.0,1.002961798741617
53771.0,10625.0,1.00048545607644
53859.0,46083.0,1.0003444686835459
56765.0,48204.0,1.0002564358314776
56809.0,44719.0,1.0040099970988636
56885.0,10875.0,1.0023742801984086
56936.0,40347.0,1.0021051971379031
57017.0,48397.0,1.0018225365204765
57055.0,50445.0,1.0
56104.0,47809.0,1.003719457022373
56156.0,50713.0,1.0038473449409544
56297.0,47933.0,1.0025398609008216
45957.0,41945.0,1.0019822351255956
46077.0,15951.0,1.0005597050316672
46077.0,7334.0,1.0014982672578818
46077.0,42414.0,1.0019020592879844
46077.0,43399.0,1.0007312950023617
45501.0,47873.0,1.0021816641709946
45661.0,43482.0,1.002712190103501
45719.0,44142.0,1.0
46142.0,42050.0,1.0000185228027547
46152.0,42063.0,1.0017933228620854
46182.0,42268.0,1.0013520481569056
46182.0,45833.0,1.0
46223.0,43917.0,1.0011769589202508
46288.0,50373.0,1.0020196775457497
46124.0,43878.0,1.003050150025683
46093.0,45717.0,1.0030148944477675
46093.0,48509.0,1.0016722679378665
44268.0,40950.0,1.0024341129626622
44268.0,42733.0,1.0024860913640032
44268.0,36901.0,1.0035227904776525
44274.0,40943.0,1.0014872735974631
44609.0,41040.0,1.0036307692726594
44705.0,41093.0,1.0034004074047151
44206.0,42627.0,1.0030483635265943
43981.0,40716.0,1.0045204370830978
43981.0,41833.0,1.0031236098212002
44152.0,51852.0,1.0029673642615546
44152.0,42077.0,1.0010825882377057
44152.0,48348.0,1.0011398655017902
44155.0,40790.0,1.0026029265783074
45112.0,41361.0,1.0022546451509498
45121.0,46023.0,1.0014936871065507
45173.0,41361.0,1.001090986178548
45178.0,41245.0,1.0028267987224189
45281.0,44376.0,1.00385890781151
45049.0,7494.0,1.0019013308017075
44762.0,41824.0,1.0
44787.0,18080.0,1.0020837596565697
44999.0,41271.0,1.0019450527713443
45037.0,41292.0,1.0023809709042795
46320.0,40681.0,1.000638151128678
48036.0,50732.0,1.0018953661921897
48234.0,43482.0,1.0041819050864451
48266.0,43993.0,1.0108657974647421
48266.0,52003.0,1.012236479964603
48266.0,8407.0,1.0111641828820583
48266.0,28210.0,1.0092315768513174
48266.0,34773.0,1.011660692795162
48266.0,41559.0,1.0111313236709543
48266.0,44071.0,1.0106652926389301
47435.0,51876.0,1.0012918286826704
47445.0,50629.0,1.00257414308339
47189.0,6010.0,1.0031532370719267
46498.0,42436.0,1.0018407163201926
46498.0,42588.0,1.0029281582447833
46756.0,38290.0,1.0004814523312122
46385.0,41234.0,1.0
46389.0,28696.0,1.0012578725913237
46433.0,9081.0,1.000463319326342
46433.0,48559.0,1.000110481554273
46435.0,19914.0,1.000526819944266
47045.0,42749.0,1.0013530987658235
47069.0,45738.0,1.0
47018.0,37352.0,1.000397292206105
46917.0,50364.0,1.0016480440119255
46796.0,44903.0,1.002220953296354
46796.0,42630.0,1.0025981373704016
46796.0,43955.0,1.0014381075128378
46856.0,5537.0,1.0030908735953838
46867.0,10707.0,1.0031304406525723
46916.0,42660.0,1.00103641668715
30536.0,31333.0,1.001392908542139
30596.0,43914.0,1.00216023141545
30596.0,39276.0,1.001267032141228
30596.0,36710.0,1.0005951130919437
30596.0,40687.0,1.001010962201265
30596.0,44499.0,1.0009262581423701
30596.0,38696.0,1.0028856804221198
30596.0,15344.0,1.0
30596.0,34403.0,1.0015695207146698
30596.0,34516.0,1.0023210378134575
30596.0,35234.0,1.0004047073221434
30596.0,43550.0,1.001323737787243
30596.0,40936.0,1.002049902507642
30596.0,40481.0,1.0016140548333985
30596.0,36658.0,1.0007444484516246
30596.0,37428.0,1.0026698441199626
30307.0,23395.0,1.002322620484893
30307.0,42662.0,1.0020575062641586
30307.0,40438.0,1.0018158149341967
30350.0,50105.0,1.0025702568344301
29579.0,48557.0,1.0
29579.0,7340.0,1.000028638482524
29579.0,45770.0,1.0000434020005649
29579.0,41065.0,1.0
29579.0,47227.0,1.0
29579.0,41089.0,1.0020806934258548
29579.0,40156.0,1.0007060995317036
29579.0,45715.0,1.0002006207921552
29579.0,46056.0,1.0001882456053595
29579.0,43592.0,1.0002972790415818
29579.0,50023.0,1.0
29579.0,27590.0,1.0
29579.0,43736.0,1.0004176247898293
29579.0,14181.0,1.0
29579.0,47238.0,1.0004716116628416
29579.0,39752.0,1.0007539035507067
29579.0,31822.0,1.0001246940537163
29579.0,47220.0,1.0
29579.0,50092.0,1.0018881893333622
29579.0,40079.0,1.0
29579.0,40113.0,1.0
29579.0,47758.0,1.0013027748411625
29579.0,51973.0,1.0
29579.0,43910.0,1.0004463919053683
29579.0,46023.0,1.0
29579.0,45759.0,1.0019196060632396
29579.0,47355.0,1.0004049272520954
29579.0,43973.0,1.0
29579.0,52168.0,1.000043420586183
29579.0,50231.0,1.0
29579.0,50326.0,1.001384315832229
29579.0,50380.0,1.001032094762076
29579.0,51830.0,1.0
29579.0,41595.0,1.0006265699003505
29579.0,41959.0,1.0001951636608284
29579.0,8790.0,1.0008568967174762
29579.0,39711.0,1.0006283329702794
29579.0,46112.0,1.0
29579.0,47201.0,1.0
29579.0,45343.0,1.0
29579.0,48611.0,1.0007767756333419
29579.0,49655.0,1.0006172325382376
29579.0,47632.0,1.0
29579.0,47681.0,1.0001281641761024
29579.0,50112.0,1.0004346941779536
29579.0,41080.0,1.0
29579.0,40460.0,1.0
29579.0,39922.0,1.0
29579.0,40146.0,1.0005951118497878
29579.0,40152.0,1.001753296458513
29579.0,40168.0,1.0003987770955065
29579.0,40367.0,1.000164877552355
29579.0,40443.0,1.0007059011127268
29579.0,43747.0,1.0
29579.0,44681.0,1.0
29579.0,41659.0,1.0
29579.0,41741.0,1.0003971888643273
29579.0,41860.0,1.0005918479458382
29921.0,16568.0,1.0038240477741802
30066.0,32092.0,1.0027482424020886
30092.0,30953.0,1.0017812202200045
30705.0,31349.0,1.0008442911796767
31941.0,32283.0,1.0015371677319984
31982.0,26907.0,1.004815469171118
31988.0,38533.0,1.0019793375504313
31988.0,48521.0,1.0013038884601742
31988.0,37230.0,1.0000220924406797
31988.0,43525.0,1.0
31721.0,35390.0,1.0032271240239126
31316.0,32250.0,1.0011519329110068
31416.0,31831.0,1.0042520379028785
31570.0,19373.0,1.000621308114568
32040.0,32358.0,1.0034425643746256
32064.0,39600.0,1.0097457530816059
32064.0,38126.0,1.006935172271878
32064.0,38386.0,1.0105858936186622
32064.0,44703.0,1.0081850117635425
32064.0,45162.0,1.0080336953400022
32064.0,47815.0,1.0093264231110715
32064.0,47951.0,1.0083488438652157
32064.0,51866.0,1.0101180913716319
32064.0,45321.0,1.0098172042719924
32007.0,28422.0,1.001530860166071
31229.0,51936.0,1.0127567274933895
30819.0,42662.0,1.0023583782202763
30819.0,32326.0,1.0014240663121912
30819.0,35764.0,1.0002331721054754
30819.0,42192.0,1.000937455603699
30819.0,20003.0,1.003004879875912
30819.0,31534.0,1.001614265578609
30819.0,41640.0,1.001595601087381
30819.0,10707.0,1.0014943094913629
30819.0,32247.0,1.003721888230875
30819.0,34714.0,1.0016830370923486
30819.0,39397.0,1.0009653616185195
30819.0,2330.0,1.0
30819.0,49752.0,1.0021982902603273
30819.0,44933.0,1.0022306500582105
30819.0,45290.0,1.0029874683815867
30819.0,48219.0,1.0026936280731575
30736.0,4309.0,1.002130956679225
30759.0,36837.0,1.002619571828525
30759.0,35955.0,1.0001847152194365
31004.0,33110.0,1.0031933548761627
31004.0,34982.0,1.0030474704570944
31029.0,39258.0,1.0027233246150622
31124.0,31602.0,1.0012866132496365
31155.0,31665.0,1.0030578711919842
31186.0,27536.0,1.002166424759412
30909.0,31521.0,1.002313487828121
29059.0,35576.0,1.0019058903481792
28929.0,44609.0,1.0027813914250725
28929.0,26784.0,1.0038638624124678
28929.0,30013.0,1.0035346393395221
29073.0,50518.0,1.00194490969913
28618.0,18161.0,1.0011288010792387
28658.0,28850.0,1.0037326709689796
28658.0,40844.0,1.003446359134105
28602.0,30400.0,1.0046360133474588
29536.0,30788.0,1.0041951559246056
29536.0,30925.0,1.0020900063832616
29536.0,30759.0,1.003691063117243
29276.0,30339.0,1.0036318745313582
29398.0,37132.0,1.0012475266400254
26721.0,3093.0,1.0017357002059828
26789.0,38421.0,1.0
26875.0,36557.0,1.0032429236113096
26662.0,28153.0,1.0026144782798412
27284.0,40900.0,1.0017217132137062
27366.0,28596.0,1.0037240427838852
28495.0,39800.0,1.0039121187140254
28497.0,37198.0,1.003450474663143
28555.0,33127.0,1.002761829387176
26931.0,24044.0,1.0025772493080054
26944.0,42268.0,1.0021611695133161
27004.0,28406.0,1.0038930600332334
36893.0,35977.0,1.002052609650989
37186.0,36196.0,1.0002309792884838
37236.0,50772.0,1.0002176741546458
37236.0,39295.0,1.0017696090276673
37236.0,44039.0,1.00043375805183
37236.0,44117.0,1.0015490381421621
37236.0,43588.0,1.0
37236.0,42248.0,1.0013976710603276
37236.0,42053.0,1.0007794840834352
37236.0,42343.0,1.0010237599755183
37236.0,40837.0,1.000380096494204
37236.0,35054.0,1.0008348665034255
37236.0,36683.0,1.0011465948249538
37236.0,42640.0,1.0005524160849921
37236.0,42783.0,1.002066149721774
37236.0,50201.0,1.000111296276584
37236.0,51821.0,1.0
37236.0,43171.0,1.0014264396036734
37236.0,47867.0,1.0
36637.0,37632.0,1.003820385167796
36637.0,40808.0,1.0032239678326687
36637.0,45448.0,1.0024749716583887
36637.0,51980.0,1.0043953343992855
36637.0,42940.0,1.0041239090564578
36637.0,9418.0,1.0053437019198923
36637.0,10092.0,1.0047747737246646
36823.0,38227.0,1.001064118043943
36840.0,35912.0,1.0005021367202682
36211.0,35466.0,1.0026103131417707
36257.0,40712.0,1.0014451158034305
36308.0,37503.0,1.0026544460032298
36308.0,39429.0,1.0021946045817627
36308.0,40098.0,1.0012868425255328
36308.0,40256.0,1.0
36308.0,40383.0,1.0028709795416069
36308.0,36907.0,1.0009984747986578
36308.0,37069.0,1.0014915164237093
36308.0,38818.0,1.001175808564636
36308.0,39459.0,1.0021163102526478
36308.0,39967.0,1.0015523445616514
36129.0,22722.0,1.0029592860851064
36129.0,35482.0,1.0034428709799277
35925.0,36178.0,1.0012203288695258
35987.0,35288.0,1.0038934317511392
36411.0,38346.0,1.0008279195454672
36415.0,40567.0,1.0047372028689991
36485.0,35464.0,1.0026750332512167
37937.0,38024.0,1.0004255955057122
37939.0,43742.0,1.001586320347681
37939.0,47272.0,1.0012004867890008
37939.0,40168.0,1.0014578218114132
37939.0,8761.0,1.0
37939.0,20180.0,1.0015402748297049
37939.0,38300.0,1.001817545176638
37939.0,39039.0,1.0020706141425422
37766.0,38921.0,1.0028364922381026
37766.0,39216.0,1.0025104479039615
37766.0,47347.0,1.003651961453154
38256.0,10022.0,1.0035280911486966
38335.0,36965.0,1.0027558356238495
38337.0,48409.0,1.003260195567748
38338.0,23618.0,1.0025113865987332
38251.0,40624.0,1.0022126800381759
38044.0,37198.0,1.0037328187270225
38044.0,38750.0,1.0035390676750713
38063.0,36812.0,1.0003237746302114
38150.0,36836.0,1.0019190523441248
37591.0,37780.0,1.0017766087553732
37277.0,35096.0,1.0042102623866984
37295.0,50518.0,1.001599348270144
37325.0,40191.0,1.0010114781743722
37325.0,45000.0,1.0
37325.0,44056.0,1.0015851942799225
37325.0,42389.0,1.0007136171678375
37325.0,39707.0,1.0011371497791512
37325.0,40737.0,1.001317377447036
37405.0,141.0,1.0
37447.0,2094.0,1.0013095731518529
37541.0,36461.0,1.000559495248892
37582.0,46145.0,1.0018012969059482
37582.0,49772.0,1.0
35826.0,35171.0,1.0010302196148162
32459.0,39042.0,1.002596648050745
32459.0,30860.0,1.0037482667170947
32459.0,35502.0,1.0026497164446277
32459.0,35506.0,1.0028827673343694
32459.0,36697.0,1.0027089082269687
32299.0,40925.0,1.0009918804936369
32299.0,50166.0,1.0034753764308826
32299.0,42086.0,1.0013806206786937
32299.0,43111.0,1.0030633367204063
32299.0,43130.0,1.0030915614917102
32299.0,41987.0,1.003272059234675
32299.0,5205.0,1.0028929545460947
32299.0,7449.0,1.0028418498844252
32299.0,17324.0,1.0015627247761998
32299.0,18871.0,1.0011259128136933
32306.0,43039.0,1.0010957734503794
32630.0,41945.0,1.0017446638382757
32670.0,10327.0,1.0
32731.0,32836.0,1.005727782241147
32789.0,48440.0,1.001693076572482
32491.0,37566.0,1.0022658894050127
32497.0,43427.0,1.001369581923228
32214.0,32929.0,1.0035196830944684
32262.0,34433.0,1.0036453304228414
32262.0,36312.0,1.0035433680920833
32201.0,15609.0,1.0
32172.0,32509.0,1.0000226134795613
32126.0,32474.0,1.0012992567577401
32132.0,32384.0,1.002424230679856
35397.0,39352.0,1.0035407974294905
35633.0,36652.0,1.0023115915536087
35123.0,23682.0,1.0019310123948986
35144.0,18434.0,1.0023850796127065
35319.0,16223.0,1.0005995450510587
35386.0,38227.0,1.0024779568672937
35731.0,42084.0,1.001822217344013
35731.0,37663.0,1.0015825083118393
35731.0,35317.0,1.0020248161293843
35731.0,36317.0,1.0
35017.0,44150.0,1.0028018502159943
34385.0,35596.0,1.000016120949135
34385.0,35060.0,1.0022023910750608
34424.0,50182.0,1.00150020347819
34476.0,2904.0,1.0032001498448613
34550.0,38191.0,1.003525672432446
33169.0,40348.0,1.0041024370402547
34588.0,52258.0,1.001545418050454
34705.0,38764.0,1.0027347844800996
34600.0,20660.0,1.0
34611.0,44098.0,1.0043238315794645
11702.0,15165.0,1.0036773488127515
11686.0,38976.0,1.001525047725671
11686.0,39032.0,1.0022309941079701
11686.0,42169.0,1.0011580968650122
11686.0,38228.0,1.0005695919619277
454.0,1319.0,1.0
454.0,1059.0,1.0004683964180219
454.0,1118.0,1.0001241268564514
454.0,1920.0,1.0004134866159793
454.0,2439.0,1.000750043015357
454.0,4580.0,1.0
454.0,5256.0,1.0004971141682608
454.0,5701.0,1.0000744036977738
454.0,6466.0,1.0
454.0,6474.0,1.0
454.0,6479.0,1.0
454.0,6595.0,1.0000376665845256
454.0,2982.0,1.0010806599685842
454.0,3253.0,1.0001000840611491
454.0,10801.0,1.0010887775207786
454.0,13898.0,1.0
454.0,10366.0,1.0008212390118831
454.0,7885.0,1.0015998682415428
454.0,7912.0,1.0008216258807836
454.0,8001.0,1.0008846913196117
454.0,8380.0,1.0
454.0,8881.0,1.000982641019377
454.0,9220.0,1.0000749195105536
454.0,9973.0,1.0
454.0,1653.0,1.0007394434629664
454.0,1805.0,1.0002310742579943
454.0,2314.0,1.0001744896605829
454.0,2342.0,1.0025537641266655
454.0,2485.0,1.0006478558230654
454.0,2495.0,1.0007564603835641
454.0,1652.0,1.0013138222759173
454.0,1566.0,1.0011115071518384
466.0,1744.0,1.000742689324244
482.0,6389.0,1.0005397345982354
396.0,447.0,1.002805762488422
412.0,733.0,1.0006160520272673
417.0,2938.0,1.0036464341721383
427.0,5385.0,1.0038760080173597
427.0,11035.0,1.0031818193121944
432.0,598.0,1.003025679493804
432.0,57.0,1.0028600397884648
386.0,2968.0,1.0001410579931835
386.0,13606.0,1.0013704047063543
386.0,1669.0,1.0009605708759548
386.0,377.0,1.0
386.0,10702.0,1.0024166582119916
386.0,9621.0,1.0
386.0,6187.0,1.0
386.0,9266.0,1.0
386.0,9004.0,1.0009078015481847
386.0,2799.0,1.0
386.0,717.0,1.0005930847658426
386.0,743.0,1.002277439305714
386.0,796.0,1.0008666248707665
386.0,979.0,1.0013079297738983
386.0,4271.0,1.0017286472914078
386.0,6555.0,1.001841171568769
386.0,6562.0,1.0009949080758351
386.0,7589.0,1.0
386.0,7722.0,1.0
386.0,7998.0,1.0016769210734475
386.0,6139.0,1.0006721279321733
386.0,5881.0,1.0003454636767763
386.0,617.0,1.0
486.0,569.0,1.0029283917375171
486.0,3451.0,1.001673993173719
486.0,1374.0,1.0026980954862397
486.0,1438.0,1.0039669176155532
486.0,2417.0,1.0012278598153104
619.0,5133.0,1.0
619.0,5321.0,1.0015406489173124
619.0,9030.0,1.0010881560597602
619.0,10996.0,1.0
619.0,14129.0,1.000071416280099
619.0,15052.0,1.0000940756620655
619.0,2829.0,1.001402091960056
604.0,10974.0,1.0025781406238103
612.0,4135.0,1.0022909182419448
612.0,2314.0,1.0019092677365353
637.0,19521.0,1.001256300813863
641.0,2934.0,1.0026851081299597
646.0,13777.0,1.0029365740564329
657.0,2231.0,1.003805108004903
657.0,2523.0,1.0014086211332762
631.0,598.0,1.00160813232311
631.0,1613.0,1.0030377126304812
631.0,2334.0,1.0017633341118646
631.0,7121.0,1.0015322621353373
627.0,4681.0,1.0022072304046448
599.0,1246.0,1.00156639896272
496.0,2578.0,1.0032054104340467
525.0,34409.0,1.0030615083367815
525.0,45591.0,1.0023150913946381
525.0,19914.0,1.0027130417399608
525.0,46107.0,1.0029918635021757
553.0,40718.0,1.0018712749645609
553.0,19408.0,1.0019689421896298
553.0,3544.0,1.0020132439819769
530.0,575.0,1.003943623715551
530.0,1038.0,1.005646188290723
530.0,1508.0,1.0049395287299399
549.0,3748.0,1.0028255744109138
212.0,1499.0,1.0035819728744304
212.0,944.0,1.0032917771639587
238.0,2667.0,1.0047871114393752
238.0,5993.0,1.0026396349898177
238.0,6035.0,1.0014657513193987
238.0,9045.0,1.0034609281216764
246.0,2150.0,1.0046216440666975
249.0,1311.0,1.0034270039060382
249.0,4574.0,1.0019775040072685
249.0,6828.0,1.0023127285988054
263.0,1384.0,1.0003906835686975
263.0,546.0,1.0
263.0,51878.0,1.0018453932684426
263.0,3316.0,1.0097819639238643
263.0,7739.0,1.0
196.0,10041.0,1.001383781478019
196.0,17047.0,1.0008231851655904
196.0,24100.0,1.0005470003560442
196.0,31338.0,1.0
196.0,34902.0,1.000849742913863
196.0,51841.0,1.001382997934288
196.0,136.0,1.001495339815172
196.0,23667.0,1.0013821761271864
196.0,6218.0,1.0001411767331108
196.0,6647.0,1.0002978746542572
196.0,9792.0,1.0018955731561292
196.0,12463.0,1.0014119661310026
196.0,4265.0,1.0007925167950986
196.0,504.0,1.000057142945494
196.0,2322.0,1.0015291363062857
196.0,2458.0,1.0010455718605917
273.0,4165.0,1.0018445576907105
279.0,6386.0,1.0035358104907532
293.0,136.0,1.0016638732446275
294.0,1244.0,1.0043689771724298
300.0,4156.0,1.0028811476452886
188.0,453.0,1.0033772648087544
188.0,1039.0,1.002057558192343
188.0,88.0,1.0004525206520272
190.0,460.0,1.0
165.0,27056.0,1.0000650318669906
165.0,32622.0,1.000180720412666
165.0,44903.0,1.0008859284759062
165.0,40602.0,1.0
165.0,36609.0,1.0001985454804865
165.0,8905.0,1.0008259862935402
165.0,20318.0,1.0014666369127911
165.0,37554.0,1.001994624495705
165.0,8017.0,1.0016764251890302
165.0,48523.0,1.0
165.0,50037.0,1.0
165.0,50511.0,1.0000956514172756
165.0,4740.0,1.0085077412289638
165.0,10555.0,1.001208733235408
165.0,16194.0,1.001506310449459
165.0,17684.0,1.0026000960322983
165.0,19693.0,1.000017828097579
165.0,20621.0,1.0024342060688016
165.0,27877.0,1.0
165.0,37967.0,1.0016541648392507
165.0,43189.0,1.0
165.0,28560.0,1.0009262253918496
165.0,30868.0,1.0007478241434726
165.0,31078.0,1.0009578013315696
165.0,31103.0,1.0021420278029787
165.0,32023.0,1.0015081739372624
165.0,32808.0,1.0
165.0,4139.0,1.0
165.0,8472.0,1.0
165.0,8936.0,1.000438809417574
165.0,6375.0,1.0012073578849991
185.0,361.0,1.0029606076899027
187.0,399.0,1.0045523491111115
342.0,450.0,1.0023060320766046
342.0,1783.0,1.002728982873378
342.0,16104.0,1.0017240493280504
349.0,570.0,1.00053385538028
349.0,7060.0,1.0011360166656258
349.0,7285.0,1.0022534797531775
349.0,7454.0,1.0020380683433554
373.0,981.0,1.000009662858057
374.0,4124.0,1.0011529695307881
374.0,5575.0,1.000043893125751
374.0,8902.0,1.001796395284589
374.0,10619.0,1.0
374.0,5519.0,1.0018453699766796
374.0,3411.0,1.001179398273128
374.0,3798.0,1.0
374.0,4081.0,1.0013993072994702
374.0,4133.0,1.000586385655996
334.0,1852.0,1.0002427113189567
328.0,1624.0,1.0119449410114745
328.0,1384.0,1.0016375493183791
328.0,1255.0,1.0027894983692953
328.0,3364.0,1.0015648574304596
661.0,2644.0,1.001919846184966
661.0,2203.0,1.0026417625083943
1081.0,1569.0,1.0032136117819574
1094.0,4561.0,1.0011138409116827
1110.0,1444.0,1.0013458309050107
1110.0,1338.0,1.0
1110.0,1417.0,1.0014257807898823
1111.0,38770.0,1.0014599048087676
1073.0,8329.0,1.0033499326378916
1063.0,5415.0,1.0018274582546316
1063.0,4890.0,1.0014952087372724
1063.0,2047.0,1.0026998508197753
1132.0,16414.0,1.0036925035533537
1183.0,3049.0,1.000878764891868
1183.0,6271.0,1.002916897792736
1183.0,3082.0,1.0025497484008605
1183.0,2021.0,1.0016357434377303
1183.0,2167.0,1.0017470300056528
1205.0,1829.0,1.0003156421101462
1134.0,7648.0,1.0014230029173845
1150.0,34687.0,1.0001420321478813
1044.0,36304.0,1.001456290703639
1044.0,38907.0,1.0013997496360691
1044.0,25217.0,1.001771748136303
1044.0,36158.0,1.0014245496589627
1044.0,42364.0,1.0017291416113228
1044.0,38802.0,1.002429111029204
1044.0,36457.0,1.0010365050228331
1044.0,5514.0,1.0008734319112393
1044.0,1499.0,1.001422818043532
1044.0,3364.0,1.0011460864309145
1044.0,1392.0,1.0
1044.0,30874.0,1.0
1044.0,36482.0,1.0010451721917066
1044.0,14533.0,1.0044140121211849
1044.0,14569.0,1.0020818868822663
1044.0,14832.0,1.0006379665380127
1044.0,22864.0,1.001402625261227
1044.0,23374.0,1.0016044439825136
1044.0,2802.0,1.0004939985229773
1044.0,3327.0,1.0002556546320858
1044.0,5499.0,1.0024198004326006
1044.0,6438.0,1.0007120307980688
1044.0,6633.0,1.000010327550225
1044.0,7055.0,1.0011551343610345
1044.0,3691.0,1.002236691209012
1061.0,2199.0,1.0032526784769251
1061.0,2241.0,1.0027987826418314
1061.0,4639.0,1.0027126107914257
1049.0,1449.0,1.0050068275016957
1049.0,43894.0,1.0043891918485917
1208.0,2311.0,1.0013579758273405
1580.0,4724.0,1.0023866671078643
1580.0,23537.0,1.00542331489277
1618.0,1976.0,1.002049584620092
1624.0,1059.0,1.0014700033323527
1626.0,4508.0,1.00093220475163
1626.0,2867.0,1.001062376652567
1403.0,7188.0,1.0009572161182156
1408.0,15005.0,1.0032546508704099
1409.0,301.0,1.003153515571835
1409.0,1670.0,1.0020970890533587
1398.0,3506.0,1.003067034961071
1398.0,2117.0,1.0021492253843716
1398.0,2175.0,1.0034952696424444
1398.0,2910.0,1.000815135917661
1690.0,5849.0,1.0027704131629698
1690.0,4203.0,1.004010053015237
1690.0,4692.0,1.0020954769652124
1703.0,2211.0,1.0026781036518035
1708.0,2167.0,1.0023035851351403
1735.0,2064.0,1.002035807881054
1735.0,4098.0,1.0000758211488552
1735.0,6381.0,1.0029262966196262
1679.0,1896.0,1.0014799206072122
1337.0,2938.0,1.0015771673830594
1337.0,22534.0,1.001376392705741
1337.0,2330.0,1.0
1337.0,1825.0,1.0028023696532207
1337.0,4607.0,1.002399588172047
1305.0,8370.0,1.002761497984801
1305.0,7407.0,1.0031987222859415
1283.0,6921.0,1.004388472209362
1299.0,23317.0,1.0021259977989796
1299.0,40922.0,1.0015190195394523
1300.0,5141.0,1.0027875496583263
1343.0,2039.0,1.0
1343.0,2350.0,1.0
1343.0,2104.0,1.0006219126288254
1343.0,2236.0,1.0018752773759576
1343.0,1745.0,1.000546223892712
914.0,2001.0,1.0016120037829694
914.0,18812.0,1.0
878.0,3433.0,1.0028217571935516
880.0,890.0,1.0
949.0,45631.0,1.0017689319529235
949.0,9727.0,1.0009101016745137
949.0,35751.0,1.001810309741216
949.0,2150.0,1.0011683438272614
949.0,5459.0,1.001368440818994
949.0,1895.0,1.0017989371646379
949.0,2304.0,1.0012423712424052
949.0,3188.0,1.0014167162587255
949.0,8920.0,1.002157893434144
949.0,9420.0,1.000306993313679
949.0,10710.0,1.0006986886952955
949.0,10932.0,1.000331868284625
949.0,12472.0,1.0016891702261048
949.0,18767.0,1.0
949.0,6489.0,1.0009898528511558
949.0,7239.0,1.0008546368171602
949.0,7327.0,1.0024954118202873
949.0,20251.0,1.001028040248909
949.0,47914.0,1.0023823383787498
949.0,43132.0,1.0
949.0,22825.0,1.0007579964298474
949.0,34756.0,1.001428472442757
949.0,39180.0,1.0
949.0,39845.0,1.0017105066956056
919.0,4549.0,1.0011571753742072
919.0,5300.0,1.0
922.0,1266.0,1.0029608867371038
929.0,1164.0,1.0025637556369213
932.0,9604.0,1.0008719630118659
867.0,4873.0,1.0022276440398368
867.0,2103.0,1.0025115421430972
867.0,5026.0,1.001474652855177
867.0,5155.0,1.0006675121434667
867.0,5159.0,1.0020824679743816
710.0,1169.0,1.003912457735239
742.0,2458.0,1.0025461998853813
782.0,5537.0,1.0027390819540576
782.0,7896.0,1.0019894944163128
782.0,9409.0,1.00156202182482
800.0,1508.0,1.0039534411906337
800.0,1074.0,1.0042941412340973
805.0,40639.0,1.001697198336262
805.0,44376.0,1.0022563238095945
683.0,141.0,1.0009909141997688
669.0,3274.0,1.0013699897416557
681.0,1243.0,1.0000931397707713
826.0,3515.0,1.00151566533109
826.0,19662.0,1.0
826.0,1800.0,1.0
860.0,1118.0,1.0030057391637515
810.0,1825.0,1.003454157136677
824.0,14766.0,1.0034680505919582
1039.0,15728.0,1.0017212541185168
1039.0,2621.0,1.0032779373328302
1039.0,3327.0,1.0012988072453042
1039.0,3360.0,1.0018178605353882
1039.0,7527.0,1.0011383722484035
1011.0,4707.0,1.0035366998390851
971.0,2167.0,1.0029984615671144
982.0,19786.0,1.0019770169268452
1007.0,3665.0,1.0017938418617993
23.0,6805.0,1.001532353420564
23.0,34322.0,1.0028330957345166
23.0,28589.0,1.0006866472507003
23.0,41787.0,1.0024602294439473
23.0,14178.0,1.001069170879004
23.0,35927.0,1.0023936748061746
23.0,36310.0,1.000496460316332
23.0,42363.0,1.001726170243409
23.0,4159.0,1.0016544006357437
23.0,19593.0,1.0016920865209036
23.0,10977.0,1.0031791912035488
23.0,18700.0,1.002469986876516
23.0,4873.0,1.0015830097222371
23.0,43441.0,1.0002813813538343
23.0,3486.0,1.002554219114721
23.0,39918.0,1.0010395932473592
23.0,42534.0,1.001943776849549
23.0,44984.0,1.000281778642559
23.0,42724.0,1.0016109077793987
23.0,31526.0,1.0026226551771809
23.0,50401.0,1.0030609253943437
23.0,47488.0,1.002710694895843
23.0,47551.0,1.0018803648731207
23.0,40288.0,1.0032813859539715
23.0,9661.0,1.0024396138377067
23.0,475.0,1.0039226481918044
23.0,2150.0,1.0019708626394195
23.0,7904.0,1.001908284595211
23.0,19447.0,1.002611066574763
23.0,7035.0,1.0015706117436756
23.0,5575.0,1.0005958597232139
23.0,4192.0,1.0028675893957202
23.0,4607.0,1.0027370360255903
23.0,2802.0,1.0010114653240256
23.0,19786.0,1.001174182923824
23.0,26799.0,1.0038004015484014
23.0,27442.0,1.0019021959640557
23.0,27574.0,1.0021135160421442
23.0,27717.0,1.002404516680005
23.0,27675.0,1.0026073663281179
23.0,22234.0,1.000510876837964
23.0,23142.0,1.0023540034641605
23.0,23848.0,1.0013901403093173
23.0,23913.0,1.0014377249018005
23.0,35779.0,1.0024959368754618
23.0,31862.0,1.0017450981126717
23.0,28844.0,1.0033962759524624
23.0,30337.0,1.0020309633880333
23.0,31084.0,1.002597878548973
23.0,31848.0,1.0032301381644764
23.0,15314.0,1.00161567418366
23.0,15734.0,1.0016405021132078
23.0,15903.0,1.0012807172119504
23.0,15911.0,1.0020486187027928
23.0,15928.0,1.0002043603178266
23.0,16007.0,1.002220290210341
23.0,14097.0,1.0014771968817509
23.0,14107.0,1.0005304843133325
23.0,14280.0,1.0031956131578634
23.0,14325.0,1.002665213343519
23.0,14367.0,1.002923942147185
23.0,14381.0,1.001877896794907
23.0,35981.0,1.0
23.0,19236.0,1.00194841754527
23.0,19924.0,1.0024333874760976
23.0,20255.0,1.001845628161543
23.0,16270.0,1.001216662786132
23.0,17932.0,1.0014325494591847
23.0,18489.0,1.0020360314525623
23.0,18543.0,1.0028774437081673
23.0,18916.0,1.0027944426062942
23.0,47786.0,1.0019303096822005
23.0,49702.0,1.0016823399821062
23.0,49771.0,1.0008252010497054
23.0,50040.0,1.0011410064531279
23.0,4448.0,1.0024781690697475
23.0,47675.0,1.0017950578261516
23.0,39717.0,1.0023963113781267
23.0,39980.0,1.0007669395332348
23.0,42489.0,1.0014299744639579
23.0,44884.0,1.0025505092058609
23.0,44800.0,1.0005951292601878
23.0,44592.0,1.0029444655174424
23.0,42920.0,1.0028679748756897
23.0,43087.0,1.0007073326844704
23.0,2694.0,1.0025566092030052
23.0,3465.0,1.0021328922378547
23.0,3542.0,1.0005346680792075
23.0,2402.0,1.0034485862848612
23.0,4787.0,1.0015577461327667
23.0,4978.0,1.002971951399581
23.0,5238.0,1.0008355576111672
23.0,4582.0,1.0013613944356847
23.0,4566.0,1.0029124992950371
23.0,4502.0,1.0012569909991698
23.0,5343.0,1.0016779992076559
23.0,9504.0,1.002475704357558
23.0,9981.0,1.0001230828910888
23.0,8471.0,1.001843427344528
23.0,8493.0,1.0025028008285721
23.0,8501.0,1.002145333761707
23.0,8614.0,1.003115409864216
23.0,8686.0,1.001985176818503
23.0,10038.0,1.0012782030035534
23.0,10915.0,1.0017602356024164
23.0,11054.0,1.001926400780373
23.0,12507.0,1.0020135984412242
23.0,13900.0,1.0019160549380743
23.0,13915.0,1.0018094920704652
23.0,10080.0,1.003115604238681
23.0,10154.0,1.002327223300427
23.0,10211.0,1.002146222087452
23.0,10435.0,1.0014369634210178
23.0,8217.0,1.0039502253107442
23.0,6493.0,1.0015386189342697
23.0,6553.0,1.002211211594484
23.0,6561.0,1.0022136259282302
23.0,6643.0,1.0023305062190446
23.0,6648.0,1.0007211814612644
23.0,6723.0,1.0017159039914523
23.0,6745.0,1.000895790988446
23.0,6769.0,1.0011279143036849
23.0,6847.0,1.002422149992023
23.0,5711.0,1.0023826607026929
23.0,5912.0,1.0018976056764242
23.0,6024.0,1.0012055905545683
23.0,6208.0,1.0
23.0,6275.0,1.0049484419347774
23.0,7857.0,1.0017411207625422
23.0,7044.0,1.0008400056829352
23.0,7092.0,1.001919245427258
23.0,2693.0,1.0015098004599803
24.0,18.0,1.011673683588356
24.0,1678.0,1.010898124476721
24.0,956.0,1.0112711261673495
24.0,5373.0,1.0093279322384419
24.0,643.0,1.0101106361391778
34.0,4398.0,1.0033705948182567
34.0,475.0,1.0041326714999637
34.0,1255.0,1.0030976877163287
34.0,32.0,1.0018828504318773
34.0,950.0,1.000309303942076
34.0,12.0,1.0040964752512642
34.0,210.0,1.001191546682749
34.0,297.0,1.0015019036937898
34.0,514.0,1.001414765248702
34.0,1540.0,1.0
35.0,9830.0,1.0017079083007645
35.0,17313.0,1.002002911843173
35.0,18392.0,1.0016132573989274
15.0,361.0,1.004725211519279
11.0,6377.0,1.003021631705977
5.0,50205.0,1.0012039525880405
5.0,6664.0,1.0008291350591418
5.0,44947.0,1.0006571410461955
5.0,40107.0,1.0013382453309565
5.0,231.0,1.0004389923238735
5.0,2667.0,1.0030258153848997
5.0,256.0,1.0015767088062484
5.0,1700.0,1.0009060064917799
5.0,1355.0,1.0
5.0,1276.0,1.0
5.0,6095.0,1.0015522322786141
5.0,278.0,1.0
5.0,2922.0,1.000353582130469
5.0,434.0,1.000786579360573
5.0,218.0,1.0005295978345867
5.0,14110.0,1.0
5.0,14988.0,1.0
5.0,15819.0,1.0001623324580213
5.0,19151.0,1.0
10.0,3748.0,1.0037613201462114
10.0,262.0,1.0044412220734156
104.0,2761.0,1.010334126285971
104.0,30796.0,1.0085569087473394
104.0,3506.0,1.0091314733478824
104.0,18420.0,1.0078593189759373
104.0,2069.0,1.0081293985260236
104.0,2262.0,1.0088615305098882
104.0,23060.0,1.0093084940919037
104.0,40348.0,1.0085637631017939
104.0,30862.0,1.0094823995612523
104.0,30907.0,1.0075427398156889
104.0,32028.0,1.0077648293665282
104.0,33114.0,1.0086456797865706
104.0,36421.0,1.0100185195309108
104.0,16213.0,1.0083270427038982
104.0,20698.0,1.0072584738216028
104.0,26574.0,1.0096823702359787
104.0,27364.0,1.0074207661516628
104.0,38657.0,1.009341310883411
104.0,39432.0,1.0084958063649747
104.0,10574.0,1.007505847192976
104.0,41779.0,1.0080359221946495
123.0,487.0,1.0029295602661208
123.0,535.0,1.0019115225575619
123.0,243.0,1.0013576312022618
141.0,227.0,1.0014119107836343
143.0,1801.0,1.0030625056208917
143.0,2975.0,1.0007025374878453
143.0,32025.0,1.0012717109603932
143.0,35263.0,1.001433890672073
114.0,260.0,1.0015588537268618
106.0,41274.0,1.0014267645701074
110.0,100.0,1.0006445714507692
113.0,1091.0,1.0033975237819797
96.0,10606.0,1.0087737996244417
96.0,34322.0,1.009013798443836
96.0,154.0,1.0074517348446757
96.0,9193.0,1.0090102228199058
96.0,7450.0,1.0075807207742546
96.0,36064.0,1.0071853740529328
96.0,956.0,1.0088078209559639
96.0,2587.0,1.0070208667923213
96.0,2417.0,1.0066052535922092
96.0,2540.0,1.0088357195150843
96.0,34756.0,1.0084096682735915
96.0,262.0,1.0081671846300355
96.0,25173.0,1.009245967004134
96.0,28536.0,1.008763169372565
96.0,39742.0,1.0078694721596646
96.0,2466.0,1.007172323885794
96.0,138.0,1.0072131874017722
96.0,8490.0,1.007308874877717
96.0,8807.0,1.0070979736708403
96.0,9149.0,1.009117624889338
96.0,8286.0,1.0064178819806393
96.0,7315.0,1.0102223647947584
96.0,7413.0,1.0083845514121414
96.0,7489.0,1.0098267523300608
96.0,7272.0,1.00865748941681
96.0,19177.0,1.0088834369432866
96.0,19312.0,1.0077460316470628
96.0,19395.0,1.0069668559962022
96.0,13772.0,1.0081301237457443
96.0,18415.0,1.0085984988212815
96.0,1782.0,1.0073889100428208
96.0,1960.0,1.0050916930355802
96.0,1994.0,1.0077926605490224
96.0,552.0,1.0098915256837289
96.0,6016.0,1.0090466767378805
96.0,6325.0,1.0064221509513573
96.0,2612.0,1.009407368643835
96.0,2629.0,1.0080384969233445
96.0,2649.0,1.0092505238966696
96.0,5283.0,1.0074471930254576
100.0,250.0,1.001949233057429
100.0,269.0,1.0041532973333922
100.0,303.0,1.0037720456052626
100.0,3345.0,1.0034465691395624
100.0,225.0,1.002040923551464
98.0,57.0,1.0003514145494294
155.0,8067.0,1.0016657860669245
80.0,4886.0,1.0026261777224823
80.0,101.0,1.0016831521410934
80.0,5366.0,1.0000394989771082
80.0,2243.0,1.0024980807677397
80.0,3612.0,1.0020148591722648
82.0,41.0,1.0000341549289637
82.0,453.0,1.0019327209093085
82.0,3635.0,1.0010887093287513
82.0,2839.0,1.0
82.0,1101.0,1.0012536035667754
82.0,1604.0,1.0004111871145562
82.0,1746.0,1.0012786540941545
82.0,2178.0,1.0015133300587262
82.0,6355.0,1.0
82.0,5323.0,1.0008114746997716
83.0,74.0,1.0013583365680454
83.0,377.0,1.0002474354172652
83.0,100.0,1.0005861153178164
83.0,275.0,1.0001123201894473
83.0,23896.0,1.001454248747168
85.0,68.0,1.0026832942402026
90.0,570.0,1.0018515488648747
79.0,15336.0,1.0026209098899856
79.0,15886.0,1.0039588898664806
79.0,162.0,1.0032637432462739
79.0,4630.0,1.0024896141635877
79.0,5021.0,1.0031532329954393
79.0,8929.0,1.0033427021954415
39.0,1238.0,1.001932901732935
39.0,1366.0,1.0011070088348037
39.0,6001.0,1.0004094342709537
43.0,2862.0,1.003154059586391
45.0,369.0,1.0002777018338727
45.0,297.0,1.0023688406313558
45.0,4840.0,1.0032238123439765
45.0,7783.0,1.0011391020678375
45.0,7953.0,1.0035121018096105
78.0,315.0,1.0028321268948732
64.0,22529.0,1.0017291040702092
64.0,1976.0,1.001176380997454
64.0,156.0,1.0021579938435479
64.0,6888.0,1.0026051591675038
48.0,59.0,1.0010815116358915
49.0,976.0,1.0028672525697917
49.0,30094.0,1.0040837373665823
6656.0,18173.0,1.008284879308549
6656.0,19974.0,1.0089849366376347
6656.0,10625.0,1.0068216903989449
6656.0,9377.0,1.0077276805091604
6656.0,8157.0,1.0070881071157833
6656.0,22002.0,1.007260455018007
6656.0,8699.0,1.0085339714172914
6656.0,9466.0,1.0089016931707575
6656.0,8377.0,1.0078524613592557
6656.0,11071.0,1.0094093844085148
6656.0,19281.0,1.008778119094859
6656.0,23404.0,1.0085104331235994
6656.0,19027.0,1.0070910462321203
6656.0,18732.0,1.0063043505204816
6656.0,16369.0,1.008181180685156
6656.0,16400.0,1.0086116348838552
6629.0,27223.0,1.0
6629.0,9920.0,1.0012229306770384
6629.0,15745.0,1.0013513331930757
6629.0,16829.0,1.001334162220565
6629.0,22395.0,1.0013920285867848
6629.0,17519.0,1.0000138694683336
6629.0,21907.0,1.0011772407256627
6629.0,20115.0,1.0014564874651397
6629.0,18338.0,1.0008239174149411
6629.0,2141.0,1.0011650734806652
6629.0,26730.0,1.0005485524859208
6629.0,30975.0,1.0016767079699547
6629.0,44348.0,1.0018829102549573
6629.0,17483.0,1.0003714035473472
6629.0,17966.0,1.002292880772606
6652.0,10469.0,1.0016201579477466
6444.0,20880.0,1.0
6507.0,43193.0,1.0023390709102529
6533.0,9029.0,1.0021421961853088
6933.0,14232.0,1.000010489216948
6933.0,9099.0,1.0
6933.0,2168.0,1.001591617593537
6933.0,10566.0,1.0005258098294636
6956.0,20073.0,1.003947026263562
7000.0,9184.0,1.0031825811868023
7040.0,4771.0,1.004133467642775
7052.0,6191.0,1.001171414817497
6862.0,9019.0,1.0124807192486214
6862.0,10768.0,1.0115277364603996
6876.0,2600.0,1.0024888144305377
6876.0,9019.0,1.002374112541124
6876.0,9704.0,1.0016800475432504
7188.0,10906.0,1.0039961799525443
7188.0,19577.0,1.003114569846484
7188.0,15768.0,1.0037863750878344
7188.0,10462.0,1.0043181754391144
7189.0,4456.0,1.0043610422535958
7202.0,14028.0,1.0021805352930995
7202.0,14848.0,1.0
7211.0,9543.0,1.0014865737902157
7280.0,8731.0,1.0010927507452207
7280.0,23213.0,1.0010674825415335
7152.0,44245.0,1.003675100419385
7164.0,10049.0,1.003071617946423
6710.0,37081.0,1.0004924893327547
6710.0,20502.0,1.003897791168766
6710.0,36162.0,1.0000468669756477
6710.0,47679.0,1.004086025564382
6673.0,9220.0,1.0045676707978601
6815.0,9971.0,1.003138525849603
6844.0,47906.0,1.002738350151223
6844.0,15416.0,1.0021438810352827
6794.0,8933.0,1.0020915250187779
6397.0,18566.0,1.0
5337.0,18329.0,1.0021592634122087
5337.0,43742.0,1.0013106125982165
5337.0,38351.0,1.002264690447202
5337.0,2215.0,1.0022303379729296
5337.0,13612.0,1.000270166978532
5337.0,19126.0,1.0028880609282158
5337.0,34813.0,1.0004931343586456
5326.0,10410.0,1.003804572988072
5186.0,28403.0,1.000051301958437
5186.0,8682.0,1.0
5272.0,3420.0,1.0034163545428325
5278.0,25316.0,1.0069119005370515
5510.0,23814.0,1.0036726211620237
5580.0,3371.0,1.002688238760998
5617.0,7353.0,1.0035082857772548
5686.0,7486.0,1.003683401772524
5696.0,8049.0,1.0038403616017333
5487.0,10680.0,1.00301731853472
5487.0,17547.0,1.0036479472955608
5487.0,37960.0,1.0039940242934913
5388.0,7093.0,1.0025421124403735
5422.0,7882.0,1.0
5462.0,7160.0,1.0025343609376722
5120.0,8615.0,1.0008909458788302
5121.0,6704.0,1.0043941784968844
5125.0,50642.0,1.0036800959815184
5125.0,49979.0,1.0054242742831907
5139.0,5268.0,1.0013521801441623
5142.0,12276.0,1.0016806331964032
5079.0,16175.0,1.0005637033009362
5079.0,26478.0,1.0014582910559795
5079.0,34972.0,1.0016164565485521
5167.0,49932.0,1.0006636141721104
5167.0,35318.0,1.0006375854241416
5167.0,35904.0,1.001071090698722
5167.0,9884.0,1.0017018433910114
5167.0,27103.0,1.0012011420960456
5167.0,32252.0,1.0009502204061176
6236.0,17775.0,1.0004593434591285
6254.0,49708.0,1.0029938269509382
6254.0,18668.0,1.0037523230941943
6256.0,8650.0,1.0018435113514728
6263.0,16665.0,1.0011305046139338
6268.0,8057.0,1.0040994210993777
6272.0,2112.0,1.0024368329379667
6272.0,399.0,1.0037335959899785
6308.0,41647.0,1.002144735522704
6308.0,22709.0,1.002242440740024
6308.0,48351.0,1.0008421869585786
6308.0,37922.0,1.0020090940302993
6308.0,38637.0,1.0012660421606305
6308.0,41004.0,1.0005568951897152
6321.0,6839.0,1.0008358112488505
6285.0,8146.0,1.0023573653408504
5844.0,36638.0,1.0022944056651746
5850.0,7680.0,1.0031146793835173
5877.0,10204.0,1.0033458340585253
5885.0,7931.0,1.004120095223579
5898.0,7668.0,1.0001230480529253
5961.0,14772.0,1.004431510725699
5961.0,18381.0,1.0040543813915266
5973.0,8056.0,1.0019567760603687
5973.0,9759.0,1.0023847852638028
5827.0,23136.0,1.0003878971759805
5811.0,7666.0,1.001783273225832
5730.0,41636.0,1.0014381606615494
5775.0,7267.0,1.0024163203170944
5775.0,9502.0,1.001116870929088
5775.0,9554.0,1.002210979748883
5775.0,13801.0,1.00151892254493
6181.0,8516.0,1.0011830865205027
6185.0,5332.0,1.0015166225007448
6190.0,8055.0,1.0045822651684213
6228.0,17481.0,1.000873343753806
6042.0,7589.0,1.0005580646650336
5027.0,20700.0,1.0
5027.0,23145.0,1.0
9094.0,51914.0,1.001808291827492
9113.0,12472.0,1.003337274315566
10208.0,13581.0,1.0009646827390533
10232.0,548.0,1.0011285600950552
10240.0,13578.0,1.0040022274089033
8980.0,8757.0,1.003087242157498
8980.0,13814.0,1.0030593480050318
9039.0,37119.0,1.0016988185561402
9085.0,12469.0,1.0025241228949267
10622.0,14524.0,1.001198595086353
10630.0,9938.0,1.0013333704900311
10611.0,18727.0,1.0006964971076633
10516.0,11249.0,1.0034282359497884
10570.0,13907.0,1.001939999932622
8755.0,12438.0,1.0
8755.0,22815.0,1.0003287041553766
8755.0,14263.0,1.0009272218035807
8755.0,28122.0,1.0018314461546105
8755.0,15483.0,1.0006975207210191
8755.0,14280.0,1.0017765905215172
8755.0,7353.0,1.0008512659808342
8755.0,16228.0,1.0003646489263778
8755.0,14680.0,1.0
8755.0,32613.0,1.0
8755.0,20211.0,1.0
8755.0,23304.0,1.0006040663520077
8755.0,26841.0,1.0
8755.0,13874.0,1.0021793073941778
8755.0,14343.0,1.0001338824834602
8755.0,14454.0,1.000265631991196
8755.0,11207.0,1.0
8755.0,13785.0,1.0003032768056754
8755.0,13807.0,1.0
8755.0,14026.0,1.000594095631195
8755.0,17189.0,1.0
8755.0,17392.0,1.0025132738170495
8755.0,18660.0,1.0
8755.0,11075.0,1.0012790982972342
8858.0,11187.0,1.0026485916993013
8865.0,40096.0,1.0036215744576735
8865.0,46056.0,1.0020015272633538
8865.0,39295.0,1.0031449267711938
8865.0,18338.0,1.0019924042978163
8865.0,39830.0,1.0026866742748488
8883.0,49721.0,1.0017249634081595
8930.0,19994.0,1.0030743233770139
11387.0,19092.0,1.0006025859901764
11387.0,28376.0,1.0003278516654068
11400.0,11187.0,1.0
11430.0,15086.0,1.0032437414175466
11430.0,16265.0,1.001903659979282
11374.0,14881.0,1.0010562568783365
11209.0,30469.0,1.0013763665922268
11209.0,641.0,1.0024519804334844
11209.0,22544.0,1.00050603497833
11209.0,38909.0,1.0021461460879373
11209.0,15167.0,1.0026814166340439
11209.0,16010.0,1.0028792534009796
11209.0,18246.0,1.0037465510119434
11209.0,14639.0,1.0011497664862323
11209.0,6577.0,1.000741971322427
11313.0,14837.0,1.0009603858497098
11384.0,3737.0,1.002410994211564
11643.0,1059.0,1.0027364384791675
11643.0,40967.0,1.0019868050394047
11643.0,31908.0,1.0011871831344659
11657.0,7341.0,1.0013400901707104
11515.0,1586.0,1.0036881468141399
11551.0,14983.0,1.0023576399329697
11577.0,15055.0,1.0
11591.0,41240.0,1.0016279141985658
11616.0,50551.0,1.0026725490682864
10784.0,9228.0,1.0015965564693556
10966.0,23750.0,1.000971709993772
10996.0,9316.0,1.0009747954235102
10996.0,17229.0,1.0025176080485667
11077.0,14562.0,1.001540230708985
11084.0,907.0,1.003456309317465
11089.0,14301.0,1.0032267611798884
11136.0,10540.0,1.0031783280811435
11147.0,14645.0,1.0032778169594372
11169.0,6686.0,1.0043825553825365
8163.0,10909.0,1.0007605465562888
8163.0,2282.0,1.0026844254024132
8163.0,10737.0,1.0016811741423053
8163.0,3465.0,1.0019397363095082
8188.0,17446.0,1.0
8188.0,34220.0,1.0007830444058987
8188.0,15235.0,1.0020848725128322
8188.0,14983.0,1.0
8188.0,19212.0,1.0005852758647145
8188.0,23877.0,1.001046654397292
8081.0,22173.0,1.003400062018988
8076.0,7531.0,1.0013989676756956
7922.0,8630.0,1.002670822860524
7927.0,8630.0,1.0026190036321019
7992.0,10274.0,1.001553746827318
7998.0,14958.0,1.0034368025551637
7998.0,15838.0,1.0017709420967107
7998.0,18012.0,1.0022449962416287
8014.0,2.0,1.0032493627096692
8040.0,10302.0,1.0022617129932951
8256.0,48201.0,1.0020985904476727
8380.0,15034.0,1.0015961229871175
8380.0,7011.0,1.0011182424350737
8380.0,10692.0,1.001089066977859
8211.0,10408.0,1.0008461521693042
8192.0,36965.0,1.0043987807390875
8192.0,36480.0,1.003528399317311
7450.0,10159.0,1.0027020234347648
7450.0,6166.0,1.0029919850384794
7496.0,9849.0,1.003968979687518
7505.0,4290.0,1.001051441562872
7550.0,9832.0,1.0
7569.0,9981.0,1.0017616844033774
7569.0,10425.0,1.0036996540142165
7569.0,12491.0,1.002649540507148
7569.0,16416.0,1.003714651444267
7395.0,9788.0,1.0
7395.0,10003.0,1.0004580059211936
7302.0,9585.0,1.003837238609175
7329.0,9139.0,1.002933572309992
7336.0,805.0,1.0035134518757587
7336.0,8373.0,1.0039733283582135
7336.0,9609.0,1.0020293825349345
7387.0,18950.0,1.0030187957704828
7387.0,9422.0,1.0036583954957197
7387.0,19211.0,1.0031945969954061
7772.0,9956.0,1.001963629686813
7646.0,15351.0,1.0012958654032826
7654.0,402.0,1.001103376326216
7654.0,23479.0,1.002629830476771
8436.0,50094.0,1.0003158240938546
8436.0,11255.0,1.002181517167595
8436.0,17655.0,1.0011012484440196
8497.0,11024.0,1.00162871090321
8385.0,7083.0,1.0042575791469655
8691.0,19830.0,1.001468102382506
8691.0,13652.0,1.0006898938315065
8691.0,14247.0,1.0016360116612475
8691.0,13972.0,1.000543311318181
8725.0,8420.0,1.0027379575788142
8532.0,17057.0,1.0019425609897559
8532.0,2215.0,1.0028434619383928
8532.0,15361.0,1.0013932797145146
8690.0,11034.0,1.0019453676903625
8690.0,14540.0,1.0019174568760276
5005.0,8771.0,1.0013163645109984
2703.0,1456.0,1.0092663141373932
2703.0,17811.0,1.0110656576958277
2703.0,36178.0,1.0105963999166152
2703.0,16742.0,1.0119701217205295
2703.0,16920.0,1.012239483685888
2703.0,6572.0,1.010748443598149
2703.0,16414.0,1.0108034877844538
2703.0,17451.0,1.009230812577872
2703.0,10301.0,1.011312110933277
2703.0,22809.0,1.0107411826035861
2703.0,26627.0,1.0102790524466982
2703.0,41562.0,1.0106142438146457
2703.0,38520.0,1.0110341476889049
2703.0,27329.0,1.0109420240309819
2703.0,4320.0,1.0111075266854486
2703.0,3616.0,1.0109931738899351
2703.0,17723.0,1.0093801971373004
2703.0,4421.0,1.0108713689894422
2703.0,4796.0,1.0109907526886655
2703.0,23877.0,1.0114857643196506
2703.0,14984.0,1.0091311146639386
2703.0,18708.0,1.0096963032714121
2703.0,18824.0,1.012137817509425
2703.0,18833.0,1.0090884878358977
2703.0,22015.0,1.009771849556461
2703.0,18280.0,1.0102261487052753
2703.0,17572.0,1.0101300959660735
2703.0,17610.0,1.014217073914524
2703.0,18004.0,1.010102232987276
2703.0,18199.0,1.0119464356283583
2703.0,23731.0,1.0099073275554131
2703.0,24005.0,1.0091378597708287
2703.0,24050.0,1.0115270411950177
2703.0,22862.0,1.0090586015866918
2703.0,23083.0,1.0106856805864397
2703.0,23108.0,1.0125760531213932
2703.0,23216.0,1.0110763258499582
2703.0,23326.0,1.0099735873947189
2703.0,23358.0,1.0118811554807952
2703.0,17501.0,1.0122695629971905
2703.0,17461.0,1.0100283558618137
2703.0,3201.0,1.0103913756468372
2703.0,12513.0,1.0104978709023051
2703.0,14626.0,1.010375664223408
2703.0,15252.0,1.0121287925819338
2703.0,4434.0,1.0125506030875109
2703.0,8306.0,1.0109693880944544
2703.0,35364.0,1.010580851305341
2703.0,26724.0,1.0084956838806485
2703.0,26968.0,1.0108935680200442
2703.0,17881.0,1.0097035956360056
2603.0,7188.0,1.0015762936115729
2603.0,9609.0,1.0018827823355183
2603.0,17054.0,1.0024539309638123
2603.0,9273.0,1.0001342475079689
2603.0,10985.0,1.0018496708105888
2637.0,5719.0,1.0041809161235797
2697.0,3821.0,1.0028956444652721
2995.0,3433.0,1.000969982385281
3068.0,5691.0,1.0
3068.0,3550.0,1.0010891809351437
2974.0,4221.0,1.0001360857116601
2857.0,3348.0,1.0046551372989578
2867.0,3371.0,1.0020136435103733
2893.0,3383.0,1.0026681723263826
2944.0,3433.0,1.0018182967725546
2954.0,3433.0,1.0034958253780337
2958.0,3000.0,1.0025288008162176
3126.0,8146.0,1.0021423115155637
3126.0,10579.0,1.001820310353744
3126.0,7765.0,1.0033771665542692
3126.0,8154.0,1.0030008508531285
3126.0,5337.0,1.0022505955897947
3126.0,10183.0,1.0030543008754733
3126.0,3058.0,1.0035118454495413
3114.0,4845.0,1.0016533528681089
3114.0,4597.0,1.0013663872204361
3114.0,3070.0,1.0
2722.0,3150.0,1.0087028196587395
2722.0,1570.0,1.010341141946695
2722.0,3235.0,1.01099515108081
2722.0,4087.0,1.0100725532765666
2828.0,35536.0,1.0026871927392886
2828.0,48450.0,1.0043823416258977
2828.0,27634.0,1.001060804382644
2828.0,34403.0,1.0024389848409179
2033.0,19298.0,1.0007902915073763
2033.0,27394.0,1.0024013767731899
2033.0,8771.0,1.0024364172992382
2033.0,8467.0,1.0019450883888312
2033.0,9937.0,1.0021045201858814
2033.0,14299.0,1.0028683727925833
2033.0,23358.0,1.003405102916023
2033.0,10224.0,1.001089829064578
2033.0,23306.0,1.0031110706139372
2033.0,14504.0,1.0033622085732012
2027.0,5264.0,1.0041061940061282
2027.0,4816.0,1.0030881410341
2027.0,19665.0,1.0031444401352438
2067.0,1056.0,1.0019432116740032
2080.0,42662.0,1.0016463672395466
2087.0,3049.0,1.0
2111.0,2507.0,1.0
2114.0,8560.0,1.0010270744902323
2011.0,2314.0,1.0018953445537198
1993.0,16414.0,1.0029009263386457
1791.0,1507.0,1.0012915677083045
1792.0,598.0,1.0017554208250479
1792.0,3117.0,1.0027983686050823
1762.0,2361.0,1.0
1781.0,4828.0,1.004063316318048
1781.0,6134.0,1.0040166975061073
1898.0,2074.0,1.0038249428323898
1941.0,1823.0,1.004060470500423
1941.0,2456.0,1.0011264442979426
1808.0,2024.0,1.0014871429346952
1835.0,2561.0,1.0011619255584894
1835.0,15809.0,1.0001170787151452
2158.0,10696.0,1.0027354175170657
2158.0,3111.0,1.0014555283012916
2158.0,5421.0,1.0038048641013035
2158.0,9470.0,1.0017221433219818
2158.0,10132.0,1.0029800828972582
2433.0,4709.0,1.0
2440.0,2929.0,1.0
2459.0,4381.0,1.0012677478886687
2459.0,4551.0,1.0017758987187428
2459.0,5199.0,1.0025277060901565
2459.0,2482.0,1.0014307879654492
2459.0,4484.0,1.0019282727326322
2417.0,16071.0,1.0050406285043598
2382.0,5210.0,1.001952992501845
2382.0,4989.0,1.0019789945984203
2383.0,8242.0,1.0033318884935527
2408.0,4245.0,1.0002114138972389
2411.0,39573.0,1.0019745139270557
2411.0,40107.0,1.0025462847522089
2465.0,1915.0,1.00451165905798
2464.0,5431.0,1.0016903967822068
2209.0,5998.0,1.0007286800112576
2224.0,6080.0,1.002074060193375
2280.0,8067.0,1.0018537436067534
2280.0,3058.0,1.0026430607909314
2280.0,2796.0,1.0
2280.0,2886.0,1.001996436402412
2280.0,3016.0,1.0020113820062952
2280.0,20654.0,1.0
2280.0,25330.0,1.0019844073764976
2280.0,10618.0,1.0019053067511252
2280.0,3603.0,1.0
2280.0,9984.0,1.0023936905703956
2192.0,9044.0,1.001682333104039
2177.0,3498.0,1.0010512413544579
2287.0,2799.0,1.003345681239602
2356.0,2779.0,1.0035339222126796
3943.0,14123.0,1.0
3943.0,10041.0,1.001523711415074
3943.0,6574.0,1.0
3943.0,42163.0,1.0017851567247886
3943.0,7556.0,1.0
3943.0,32400.0,1.0
3943.0,2241.0,1.0010071747990266
3943.0,3665.0,1.0011713086987868
3943.0,7782.0,1.0
3943.0,8197.0,1.0017847370286868
3943.0,8440.0,1.0031271456177466
3943.0,6996.0,1.001920576316519
3943.0,6620.0,1.0004110221207871
3943.0,20159.0,1.0008481086793637
3943.0,20703.0,1.0
3943.0,10112.0,1.0009011562768253
3943.0,12327.0,1.0019895734276532
3943.0,8107.0,1.0005401890902423
3943.0,6673.0,1.0024783293373514
3943.0,4838.0,1.004146243173741
3943.0,5951.0,1.0009062184639173
3943.0,6434.0,1.0024214629062598
4020.0,20180.0,1.002221935248072
4020.0,6828.0,1.0019142271261123
4020.0,20753.0,1.001954409610177
4020.0,34542.0,1.0010504204156971
4020.0,3487.0,1.0019683761825127
4020.0,9214.0,1.00349331062621
4020.0,9700.0,1.0027066194268441
4047.0,3429.0,1.0
4060.0,8912.0,1.0032469263188328
4082.0,4847.0,1.0007716199776289
3926.0,3389.0,1.0
3926.0,5523.0,1.0014078470464312
3835.0,41361.0,1.000163116988107
3835.0,50771.0,1.0030279565690523
3835.0,15278.0,1.0018829707248889
3835.0,15386.0,1.0014626748047037
3835.0,38520.0,1.0018150078170152
3835.0,805.0,1.0024818229720076
3835.0,27785.0,1.0033202354313455
3835.0,31751.0,1.000461952279943
3835.0,44387.0,1.0009503558096589
3838.0,4886.0,1.0039916239746973
3840.0,4845.0,1.003786132369538
4092.0,510.0,1.0029587611102249
4092.0,5722.0,1.004161597781409
4092.0,7247.0,1.0040609597830372
4092.0,12450.0,1.0005873162445362
4092.0,13604.0,1.002817386578785
4092.0,5756.0,1.0022361908169852
4092.0,4120.0,1.0008288823808036
4092.0,10919.0,1.001954989637054
4092.0,23721.0,1.0027731549364411
4670.0,10664.0,1.003329740985964
4795.0,18423.0,1.0033557181287005
4795.0,31325.0,1.0019417124392171
4795.0,5916.0,1.002087115167443
4795.0,16093.0,1.0020435179200538
4795.0,17497.0,1.0029661537246501
4795.0,18137.0,1.001356010694444
4566.0,14886.0,1.0005006342301574
4566.0,15402.0,1.0016532523659987
4566.0,5871.0,1.000539670320619
4573.0,5865.0,1.0021898942515992
4616.0,6029.0,1.0030853031309073
4859.0,6264.0,1.0026119125166937
4873.0,6272.0,1.0003893796885297
4887.0,16672.0,1.0029214514262486
4889.0,6297.0,1.003492350765445
4903.0,4765.0,1.0043492454537977
4910.0,8535.0,1.002701815749157
4910.0,8442.0,1.0029413637481597
4930.0,6363.0,1.0032080935664598
4855.0,8380.0,1.0011875484342652
4527.0,5465.0,1.0004345887935198
4146.0,17209.0,1.0016385435317128
4146.0,22329.0,1.0002435002870584
4199.0,5426.0,1.0036228488225902
4226.0,5461.0,1.0015294717759926
4263.0,5499.0,1.003406759914914
4278.0,5861.0,1.000796320011633
4278.0,5504.0,1.0
4129.0,5413.0,1.003185226702821
4301.0,23889.0,1.0011520831713991
3451.0,37851.0,1.0003215241810983
3451.0,5920.0,1.0
3451.0,16401.0,1.0
3451.0,8437.0,1.0
3458.0,35888.0,1.0
3458.0,34482.0,1.000974811765253
3337.0,4263.0,1.0027671072743651
3343.0,13584.0,1.0025181359105464
3398.0,52110.0,1.0001629236098861
3575.0,41685.0,1.0
3575.0,42787.0,1.0003447548128197
3606.0,3122.0,1.0023012118570056
3606.0,9267.0,1.00181792531992
3480.0,8316.0,1.0031455357949837
3499.0,4105.0,1.002591528903141
3508.0,5300.0,1.0012340918394365
3178.0,44883.0,1.0030922475133706
3178.0,49844.0,1.0033119973580717
3178.0,40562.0,1.0037565195380138
3178.0,50647.0,1.0033155842679395
3178.0,41191.0,1.0041798922452991
3178.0,43096.0,1.002533001756145
3178.0,44331.0,1.004454740651832
3178.0,44925.0,1.0055210431836417
3181.0,3637.0,1.001361160297778
3194.0,4265.0,1.0016413949920384
3194.0,3235.0,1.0023990241002334
3194.0,3831.0,1.0019782360775893
3206.0,3777.0,1.0040153806433987
3211.0,6905.0,1.002773114215116
3312.0,2560.0,1.003630574959158
3312.0,1091.0,1.0027992985145446
3312.0,4037.0,1.0016936915049197
3252.0,1955.0,1.0011398052799811
3288.0,3074.0,1.0004451339624318
3790.0,15791.0,1.0000869045742682
3790.0,4501.0,1.0016992786565941
3790.0,22002.0,1.0008957908621883
3790.0,9971.0,1.0009121261361063
3790.0,30094.0,1.0029869340316313
3790.0,8635.0,1.0003286055216127
3790.0,7680.0,1.0018187895772241
3790.0,17572.0,1.0005516245570327
3790.0,9278.0,1.002532178284233
3790.0,5226.0,1.0004944582344972
3790.0,10183.0,1.0022117258601515
3790.0,5622.0,1.0018877697550816
3790.0,14856.0,1.000406215571263
3790.0,10587.0,1.0010925580430874
3790.0,22579.0,1.0014758298848085
3790.0,26876.0,1.0003350898451564
3790.0,4753.0,1.0007267931671688
3790.0,5274.0,1.0020052312879952
3790.0,7797.0,1.0028276604708244
3790.0,6353.0,1.0026627994855224
3668.0,20304.0,1.0
3789.0,4740.0,1.0082037793493144
3677.0,45431.0,1.0014826560481325
3704.0,7670.0,1.0008952107264184
3727.0,4681.0,1.0026782639696883
3768.0,3360.0,1.0001713998417467
3776.0,965.0,1.000844676059858
10939.0,1244.0,1.0047271894803018
26157.0,27352.0,1.0000820417830791
