4.0,96.0,1.0022875840277854
4.0,2560.0,1.0030429239907783
25579.0,5003.0,1.0183768206177397
25579.0,7652.0,1.0196694824410997
25579.0,8841.0,1.0209934564851348
25579.0,8904.0,1.018861603356227
25579.0,9158.0,1.019361887907352
25579.0,4398.0,1.0216940790532012
25579.0,773.0,1.0207464322481776
25579.0,1367.0,1.0185305295347724
25579.0,2093.0,1.020029221023867
25579.0,2274.0,1.0212969249609762
25579.0,2968.0,1.0199114656145216
25579.0,3803.0,1.0189280175938795
25579.0,9964.0,1.0219846241272124
25579.0,12342.0,1.0208240343000725
25579.0,12373.0,1.0188746413511283
25579.0,13822.0,1.0208973664059247
25579.0,14841.0,1.019978751495046
25579.0,32076.0,1.021045192493806
25579.0,32323.0,1.0201981580777069
25579.0,31567.0,1.0218157206833791
25579.0,31608.0,1.0186263996071485
25579.0,31708.0,1.0204615864165516
25579.0,31967.0,1.0197891066698686
25579.0,32015.0,1.0201089954044786
25579.0,31485.0,1.0210571525892582
25579.0,32694.0,1.0195869035506875
25579.0,34693.0,1.0190062466589627
25579.0,34704.0,1.0195383633999897
25579.0,34743.0,1.0202108810848793
25579.0,34749.0,1.0198188114979039
25579.0,35190.0,1.0201807532903642
25579.0,35334.0,1.0198514528814397
25579.0,35365.0,1.0192599807283897
25579.0,35424.0,1.022241469617244
25579.0,34644.0,1.0193200681338188
25579.0,34322.0,1.0207600442922014
25579.0,27530.0,1.0183827832737062
25579.0,27779.0,1.0207242761113633
25579.0,27794.0,1.022102858697382
25579.0,27982.0,1.019582214264577
25579.0,27082.0,1.0193304458483259
25579.0,22208.0,1.0187140484085944
25579.0,23395.0,1.019482232013583
25579.0,23757.0,1.0207165665927787
25579.0,23868.0,1.0210300242065324
25579.0,26712.0,1.0206640387939874
25579.0,31402.0,1.0191882420818978
25579.0,30816.0,1.0211072319218037
25579.0,30873.0,1.0197569548662457
25579.0,30929.0,1.0184574977631413
25579.0,31026.0,1.0200000074086115
25579.0,31206.0,1.0190265852680345
25579.0,30078.0,1.0191763139588437
25579.0,30031.0,1.019937806259329
25579.0,28927.0,1.0192865146276793
25579.0,28350.0,1.0209735322949396
25579.0,28382.0,1.0210174521932547
25579.0,28710.0,1.0188569605283924
25579.0,28858.0,1.020392560098866
25579.0,35569.0,1.0197759973814715
25579.0,40820.0,1.0203302746014697
25579.0,35637.0,1.019805035786222
25579.0,37524.0,1.0213134843853928
25579.0,37709.0,1.0214847589924207
25579.0,36224.0,1.0195934415433214
25579.0,36251.0,1.018276340419583
25579.0,37276.0,1.0193578386370528
25579.0,38749.0,1.0191656813374028
25579.0,39512.0,1.0192291907568436
25579.0,35624.0,1.0209068997299866
25579.0,37757.0,1.0218159434894993
25579.0,37811.0,1.020324817589696
25579.0,37916.0,1.0200912931039872
25579.0,38460.0,1.0206214179994546
25579.0,38606.0,1.0188548919632983
25579.0,38283.0,1.0203056443828353
25579.0,37198.0,1.01902094777808
25579.0,37286.0,1.0214056303507906
25579.0,37440.0,1.0195372725351735
25579.0,37603.0,1.0201864295149974
25579.0,37666.0,1.0196637980600456
25579.0,39648.0,1.020875560450837
25579.0,39770.0,1.020613503866899
25579.0,39420.0,1.02043665229547
25579.0,38775.0,1.0211364420311697
25579.0,38921.0,1.0191542530371298
25579.0,39025.0,1.018138177443807
25579.0,39063.0,1.0195225356852422
25579.0,39075.0,1.0203416574784339
25579.0,39429.0,1.020990632534661
25579.0,37179.0,1.02070803396388
25579.0,36074.0,1.0206418471518366
25579.0,36170.0,1.0175531085972842
25579.0,35968.0,1.0200533864949903
25579.0,35711.0,1.019074300509506
25579.0,35791.0,1.019132594615557
25579.0,35800.0,1.0184668161605324
25579.0,35848.0,1.0210429168591137
25579.0,35930.0,1.0200231250852092
25579.0,36282.0,1.0199164457120506
25579.0,36837.0,1.0196857162746535
25579.0,36957.0,1.0194870205757158
25579.0,37068.0,1.01831975618535
25579.0,37108.0,1.0219891937214234
25579.0,37129.0,1.021145088767387
25579.0,36327.0,1.0181323579127357
25579.0,36355.0,1.0198756892870728
25579.0,36453.0,1.0211920152970615
25579.0,36513.0,1.02104383375056
25579.0,36548.0,1.019644440364631
25579.0,36635.0,1.0212514742711238
25579.0,49875.0,1.0211737352930943
25579.0,50540.0,1.0190077792939827
25579.0,48063.0,1.02139848983186
25579.0,45622.0,1.0210094504995364
25579.0,45834.0,1.0190086218495475
25579.0,45977.0,1.019879397604195
25579.0,47202.0,1.018273890309739
25579.0,47374.0,1.0212443736476404
25579.0,47805.0,1.0204437580141048
25579.0,45317.0,1.020546626856856
25579.0,42192.0,1.019968939506292
25579.0,42259.0,1.0204219161788466
25579.0,42352.0,1.0199423852928524
25579.0,42363.0,1.0205453205562887
25579.0,42416.0,1.0199216775596236
25579.0,41832.0,1.0195054407061683
25579.0,41763.0,1.020855081146427
25579.0,40602.0,1.0197291590821107
25579.0,40725.0,1.0207287272420233
25579.0,40875.0,1.0196654203502757
25579.0,40881.0,1.019733379839506
25579.0,40925.0,1.0201413617986193
25579.0,41014.0,1.0190569077919311
25579.0,41494.0,1.0191447580036084
25579.0,41736.0,1.0192988320196983
25579.0,42440.0,1.0215677064508017
25579.0,43672.0,1.0199902305439075
25579.0,44154.0,1.0210434544200733
25579.0,44365.0,1.0209320425946806
25579.0,44901.0,1.0205192036967023
25579.0,45002.0,1.0194275620999236
25579.0,42997.0,1.0196525752532457
25579.0,43036.0,1.0193298323323188
25579.0,43274.0,1.0214517893115334
25579.0,45363.0,1.0199623233266142
25375.0,41968.0,1.0015881283802814
25394.0,26590.0,1.0019135746581325
25398.0,48525.0,1.0013833066632398
25415.0,4956.0,1.0007641568542862
25415.0,6923.0,1.0014310535868443
25415.0,36176.0,1.0016246257017882
25415.0,44255.0,1.0033473233995627
25415.0,44319.0,1.0017261698374835
25415.0,45694.0,1.0020738120787975
25415.0,45929.0,1.0030190656515996
25415.0,43496.0,1.0015952447087066
25415.0,37593.0,1.0031762062150633
25415.0,38250.0,1.001621053656459
25415.0,39334.0,1.0023822014775212
25415.0,39437.0,1.002177416839446
25415.0,41842.0,1.0018900089077805
25120.0,27223.0,1.0040827759633484
25153.0,26486.0,1.002506795512617
25206.0,40275.0,1.0015127037501625
25220.0,32418.0,1.0038732177220409
25281.0,26918.0,1.0014212505674303
25359.0,28279.0,1.0015510719375074
25425.0,16419.0,1.0
22400.0,23681.0,1.0031215159976152
22400.0,23449.0,1.0023169862480852
22504.0,18951.0,1.0024918251573383
22504.0,32951.0,1.0017826419493308
22504.0,32957.0,1.003109081410945
22504.0,45589.0,1.0030540685374256
22385.0,43150.0,1.0039332417015507
22385.0,32719.0,1.001830406926991
22367.0,16234.0,1.0
22367.0,14090.0,1.0
22367.0,50294.0,1.0013249839772826
22367.0,52191.0,1.0
22367.0,48395.0,1.0006261089801265
22367.0,36029.0,1.000696942306964
22367.0,36594.0,1.0
22367.0,37266.0,1.0
22367.0,38290.0,1.0005137986823043
22367.0,38491.0,1.0003353811589146
22367.0,39802.0,1.0022565295010346
22367.0,35783.0,1.0007139687663011
22367.0,35608.0,1.0019097728717556
22367.0,34236.0,1.0024612909254471
22367.0,34262.0,1.0040146426397196
22367.0,34825.0,1.0009274067194913
22367.0,34846.0,1.0013441910704395
22367.0,35153.0,1.0010515033037926
22367.0,35431.0,1.00057040891278
22367.0,35739.0,1.0003952557773619
22367.0,46029.0,1.0017578696363671
22367.0,47186.0,1.001791857484559
22367.0,47821.0,1.0013946102542082
22367.0,47966.0,1.0
22367.0,44662.0,1.0008969944787587
22367.0,40494.0,1.0032765528981067
22367.0,40665.0,1.001699175123811
22367.0,40716.0,1.0
22367.0,41000.0,1.0
22367.0,41250.0,1.0006602503827324
22367.0,32357.0,1.0022756762973735
22367.0,32298.0,1.0003103862714484
22367.0,4923.0,1.002171090883281
22367.0,27758.0,1.0012764807503765
22367.0,27918.0,1.0019812074840897
22367.0,31319.0,1.0005309354229273
22367.0,31414.0,1.0042489870912885
22367.0,31949.0,1.001369654855648
22367.0,26535.0,1.0007978320736188
22367.0,26366.0,1.003221174587654
22367.0,7626.0,1.003458049813958
22367.0,16122.0,1.001653987154916
22367.0,20420.0,1.0021993122418307
22682.0,40820.0,1.0026718032418511
22682.0,44051.0,1.0016169621175013
22733.0,23743.0,1.0025516766279354
22733.0,24099.0,1.002112124920367
22784.0,12476.0,1.0030047049539084
22806.0,26460.0,1.0010267831538067
22522.0,36926.0,1.001370796976727
22522.0,40535.0,1.0023709646774728
22522.0,40900.0,1.0037607572524114
22545.0,26370.0,1.0
22624.0,23619.0,1.000678444863553
22879.0,44245.0,1.001114368889329
23274.0,25262.0,1.002656284368793
23293.0,8520.0,1.004656748296305
23481.0,47350.0,1.0029668055121352
23506.0,44100.0,1.0032328799360104
23506.0,45993.0,1.0020908328696132
23506.0,51944.0,1.002242490342246
23149.0,52155.0,1.0029109731484418
23149.0,45017.0,1.0016752350914973
23149.0,32459.0,1.002019156407442
23149.0,44175.0,1.0032462499890238
23188.0,1333.0,1.0009939157419117
23188.0,44935.0,1.0
23188.0,47933.0,1.0035903948242613
23203.0,36204.0,1.0009049742132197
23254.0,20860.0,1.0022135369428575
24765.0,26416.0,1.0019731182950153
24937.0,25181.0,1.0014181009930267
24966.0,23943.0,1.0011555961490903
24987.0,26671.0,1.0022749806372429
24991.0,26664.0,1.0006277932817809
23523.0,2080.0,1.0043998885146221
23554.0,39276.0,1.0013850092359906
23580.0,9701.0,1.0000967847993796
24599.0,35152.0,1.0030951577934377
24645.0,43371.0,1.001436290858482
24698.0,3430.0,1.0027657525642795
23087.0,27572.0,1.0009990259926946
23087.0,28505.0,1.0017451892057332
23087.0,30234.0,1.0004186693572743
23087.0,34481.0,1.0020591437433561
23087.0,14232.0,1.0
23087.0,15416.0,1.0011892852332693
23087.0,44318.0,1.001267726555379
23087.0,35472.0,1.0012991420036987
23087.0,40561.0,1.0020397089827142
23087.0,41804.0,1.0
23087.0,41989.0,1.0009925734426701
22916.0,7013.0,1.0025100331909573
22922.0,23849.0,1.0033698638598694
22976.0,26494.0,1.0026165422780582
22976.0,27158.0,1.0025779660749883
23035.0,31388.0,1.003257103780156
23059.0,25167.0,1.0025831038522683
23067.0,23967.0,1.0024994305019321
26143.0,74.0,1.0014773003819775
26297.0,10490.0,1.0016142649133273
26120.0,16763.0,1.0038125817927022
26088.0,31385.0,1.0014312062362933
26046.0,23175.0,1.0014602684922942
25619.0,27726.0,1.004060936559261
25659.0,29994.0,1.002626510249596
25723.0,27861.0,1.0010276918048902
25847.0,20313.0,1.0056083019304092
25868.0,27392.0,1.0051679290581261
26476.0,27940.0,1.0005664423770393
26648.0,30929.0,1.0
26648.0,31231.0,1.0000280318146324
26648.0,25326.0,1.0005058394346933
26648.0,8376.0,1.0011194111008037
26648.0,8886.0,1.0008817603169076
26648.0,9907.0,1.0006065922406067
26648.0,11220.0,1.0
26648.0,8048.0,1.0025542482697634
26648.0,13945.0,1.0001078085886161
26648.0,30972.0,1.0020243125642154
26648.0,31365.0,1.0008428781180219
26648.0,30361.0,1.0002699207038568
26648.0,30389.0,1.0
26648.0,30469.0,1.0007224615272858
26648.0,30501.0,1.000071244976326
26648.0,30507.0,1.0014734648740393
26648.0,30522.0,1.0009922964873283
26648.0,30796.0,1.0
26648.0,34463.0,1.0020125081036648
26648.0,34494.0,1.0023643730894298
26648.0,34513.0,1.0015431274703828
26648.0,35168.0,1.0
26648.0,35178.0,1.0
26648.0,35991.0,1.0006466418973383
26648.0,36017.0,1.0008131758647836
26648.0,32706.0,1.000507861794362
26648.0,31896.0,1.0021621340372342
26648.0,32209.0,1.0
26648.0,32423.0,1.0
26648.0,32469.0,1.0014146509449666
26648.0,19495.0,1.0012832867060064
26648.0,19804.0,1.0011810543048503
26648.0,21937.0,1.0003632709111465
26648.0,23560.0,1.0
26648.0,23799.0,1.001615471883983
26648.0,18586.0,1.0000590900076738
26648.0,14178.0,1.0012789077728625
26648.0,14556.0,1.0013713234164532
26648.0,18432.0,1.0006222293871614
26648.0,28787.0,1.0008058178976653
26648.0,28865.0,1.0
26648.0,28909.0,1.0018702678548632
26648.0,29984.0,1.0007063232912479
26648.0,30093.0,1.00045889011386
26648.0,30133.0,1.0
26648.0,28749.0,1.0
26648.0,27202.0,1.0000855992536954
26648.0,27814.0,1.0011770019077904
26648.0,28179.0,1.0008377502957364
26648.0,28415.0,1.0019658858110412
26648.0,28601.0,1.0
26648.0,37265.0,1.0021643286212711
26648.0,42905.0,1.0027668397675744
26536.0,38416.0,1.003085745954976
26587.0,37284.0,1.002588407464449
25597.0,35889.0,1.000569464488914
25597.0,38760.0,1.0
25597.0,39009.0,1.0013443828162305
25597.0,39049.0,1.00064051525134
25597.0,39456.0,1.0008525743103251
25597.0,39512.0,1.0
25597.0,37459.0,1.0020727501316349
25597.0,37557.0,1.000306816740343
25597.0,37651.0,1.0007122962004822
25597.0,37802.0,1.0008241945540002
25597.0,38015.0,1.000927042073387
25597.0,46171.0,1.002382074097227
25597.0,47722.0,1.000044772910603
25597.0,47752.0,1.0020151757725229
25597.0,47839.0,1.0015077719562537
25597.0,48450.0,1.0
25597.0,45576.0,1.0009160305461293
25597.0,45462.0,1.0002963620377392
25597.0,40312.0,1.0008294745697588
25597.0,41270.0,1.0008146667634406
25597.0,41908.0,1.0010533894156115
25597.0,42946.0,1.0008118635450791
25597.0,37385.0,1.0
25597.0,37309.0,1.0
25597.0,36535.0,1.0001048878880971
25597.0,14190.0,1.0014721066209689
25597.0,31328.0,1.0003433560760608
25597.0,31972.0,1.0022604577255483
25597.0,32149.0,1.0007127319422735
25597.0,34361.0,1.0009969991185481
25597.0,36288.0,1.0
25597.0,36330.0,1.0007199964080797
25597.0,36746.0,1.0026224335683211
25597.0,36797.0,1.0019185277645886
25597.0,37221.0,1.001311904459752
25597.0,32805.0,1.0005191505236344
25597.0,34863.0,1.0
25597.0,35336.0,1.0
25597.0,35680.0,1.0005492889626617
25597.0,37329.0,1.0000544432563745
16777.0,47243.0,1.0021503005252244
16778.0,1367.0,1.0015914109548318
16852.0,22456.0,1.0022595947180652
16878.0,13910.0,1.001699773298985
16889.0,7119.0,1.0017387041800756
16894.0,28897.0,1.0038965268686537
16952.0,18943.0,1.00083024338482
16959.0,47449.0,1.0
16965.0,6788.0,1.0033185968836784
16965.0,18950.0,1.004647401483317
16419.0,20473.0,1.0029167352038264
16577.0,10461.0,1.000554291274217
16672.0,14886.0,1.0022897550191563
16700.0,19915.0,1.0017577850400496
16700.0,22489.0,1.0011065583643957
16711.0,18628.0,1.0039363682809201
17218.0,19223.0,1.0021797412865963
17355.0,22068.0,1.0026131989351428
17358.0,7087.0,1.0031966315926133
17358.0,19477.0,1.000000393976971
16968.0,13554.0,1.0009485322922693
16968.0,17608.0,1.0021819847315958
17044.0,18635.0,1.002350426291363
17062.0,19042.0,1.0037329318966137
17062.0,19044.0,1.0032344978489307
17070.0,9089.0,1.0024937955441702
15636.0,15538.0,1.0020232047375768
15649.0,8739.0,1.0026504778417458
15936.0,16920.0,1.0011727244814708
15949.0,18173.0,1.0021161408810342
15288.0,45893.0,1.0035026593766736
15288.0,44879.0,1.0015054248351758
15288.0,34888.0,1.0021336496774351
15288.0,41755.0,1.0
15288.0,42400.0,1.0
15288.0,4762.0,1.0009886217682826
15288.0,17530.0,1.000507842933056
15288.0,18573.0,1.000882165445772
15288.0,19625.0,1.0033687465358962
15288.0,19784.0,1.0
15288.0,23504.0,1.0031387198943378
15288.0,44876.0,1.0018254096113548
15483.0,8420.0,1.004883934031489
15574.0,17695.0,1.0016949867689522
15961.0,35213.0,1.00391683096364
15977.0,28672.0,1.0041815685931998
15977.0,52027.0,1.0030856463527895
16282.0,20006.0,1.0045617432397766
16201.0,38383.0,1.0017697532252863
16194.0,14683.0,1.002821134398591
16003.0,5268.0,1.0007933911816718
16003.0,19813.0,1.0020273812973821
17394.0,19298.0,1.000770780389573
17494.0,19362.0,1.0029428955932267
18322.0,5986.0,1.0060515772733136
18331.0,9663.0,1.001421021488327
18335.0,18420.0,1.0001934954619616
18335.0,22170.0,1.0029658557980046
18335.0,34272.0,1.0010244686942191
18008.0,25280.0,1.0
18008.0,46071.0,1.0
18008.0,19943.0,1.0
18012.0,26947.0,1.0026962693158614
18381.0,45514.0,1.0019054048726146
18404.0,15282.0,1.0019748423779462
18414.0,20001.0,1.00176217016404
18450.0,20092.0,1.0
18519.0,6114.0,1.0
17572.0,28230.0,1.0020226567217367
17572.0,415.0,1.002347696964549
17572.0,16490.0,1.0013766772111312
17575.0,40278.0,1.0029792586871105
17590.0,19353.0,1.0033905124664388
17748.0,19974.0,1.002848971649281
17811.0,44214.0,1.0027246270037846
17526.0,39327.0,1.0034584114067602
17546.0,20003.0,1.00400721267737
17834.0,40207.0,1.0021116909869439
17834.0,43009.0,1.0029263057868107
17948.0,20835.0,1.0031668728593903
17960.0,19776.0,1.0
17986.0,47525.0,1.0034886167543937
17914.0,41380.0,1.001456413654377
13949.0,16313.0,1.0015556077591545
13967.0,16864.0,1.0014614692402315
13967.0,27390.0,1.0029958791752438
13521.0,16198.0,1.0021379868540208
13630.0,4972.0,1.0023508020659453
13995.0,34205.0,1.0004678470877264
14160.0,16313.0,1.002504487361926
14205.0,15004.0,1.0033203541339533
14436.0,16825.0,1.0021159778252458
14071.0,1959.0,1.002469215829707
14002.0,8095.0,1.0019377903347646
14002.0,22241.0,1.001782164096938
14002.0,22770.0,1.0023806351052305
14008.0,16277.0,1.001764934255082
14018.0,16479.0,1.001066300953156
14064.0,10864.0,1.0031523133258697
14114.0,6798.0,1.0027515321600668
11957.0,25249.0,1.0029980985108182
11957.0,15238.0,1.0029411228134346
11993.0,8080.0,1.0002625655111517
12033.0,15460.0,1.0020199130220029
12034.0,16096.0,1.001208453819519
13133.0,1990.0,1.0032187914470807
11905.0,13652.0,1.0031715963174543
11777.0,1770.0,1.0035757480383898
11795.0,14707.0,1.0035151501814055
11798.0,1367.0,1.0010918631297507
11849.0,13798.0,1.001979615243417
11870.0,15445.0,1.0018288546662772
13187.0,23513.0,1.001567486880206
13418.0,18168.0,1.0010404758029585
13464.0,23964.0,1.0031455314000937
13464.0,26764.0,1.0039348376685764
13190.0,4409.0,1.0
13333.0,15278.0,1.00317948007653
13388.0,10674.0,1.0001821307660406
15099.0,17422.0,1.0035913722072785
15118.0,8531.0,1.0038686799779444
15184.0,7477.0,1.0002787103570951
15184.0,50080.0,1.000180757857283
15249.0,14745.0,1.0022225179612172
15272.0,17584.0,1.0027435608760633
15040.0,16414.0,1.0031021464747876
14819.0,23757.0,1.0035260863998556
14911.0,2839.0,1.0026910723329026
14912.0,8263.0,1.0019996152398727
14912.0,6180.0,1.003010484076189
14765.0,18001.0,1.003083198166201
14582.0,28446.0,1.0028259706287517
14582.0,7209.0,1.0044273505184569
14582.0,23964.0,1.0025366348662355
14582.0,28907.0,1.0040751810970574
14582.0,31055.0,1.0027066486373313
14582.0,32720.0,1.0017841672745382
14582.0,34598.0,1.0030232964737724
14582.0,27965.0,1.0029144188874133
14582.0,27801.0,1.0034420097650043
14582.0,25123.0,1.0025445402749447
14467.0,7287.0,1.0029947339017213
14508.0,13720.0,1.0005128261735532
14740.0,17921.0,1.0034257996598697
14740.0,19845.0,1.0034498677884083
14749.0,17156.0,1.0046100109167997
14736.0,13976.0,1.0018465034387218
14622.0,36099.0,1.0049326269747718
14651.0,19679.0,1.0021867487027185
14696.0,42318.0,1.0028872144462937
18544.0,21969.0,1.0
18604.0,22073.0,1.0029664461231362
18604.0,39193.0,1.004264786710149
18604.0,26964.0,1.0012436210899742
18604.0,3435.0,1.0036787057632393
18604.0,22452.0,1.0006024173623855
18604.0,22258.0,1.0027553623301564
18604.0,9193.0,1.0024696610060677
18604.0,21905.0,1.0008451036755515
18604.0,22086.0,1.0021826629638224
18604.0,22224.0,1.000815536222974
21289.0,40697.0,1.0021436855719983
21289.0,47977.0,1.002594099497219
21289.0,50302.0,1.001521928733748
21289.0,50324.0,1.000814453855876
21289.0,50460.0,1.0017368280285626
21289.0,50724.0,1.002056293157735
21289.0,49877.0,1.0
21289.0,24055.0,1.0026487430318562
21289.0,49805.0,1.0036376874275275
21224.0,19668.0,1.0019693757986317
21262.0,22463.0,1.0012516781492966
21297.0,48450.0,1.0015935087839194
21297.0,3348.0,1.0010165100076687
21297.0,19771.0,1.0026426965451944
21297.0,28424.0,1.0019426733207015
21297.0,48333.0,1.0026762073022732
21433.0,30753.0,1.0019586726548118
21433.0,30264.0,1.002343900936152
21433.0,30231.0,1.0014043915250614
21433.0,26913.0,1.001581712682941
21441.0,22412.0,1.001612118040367
21463.0,22632.0,1.0035974038487487
21494.0,22684.0,1.0032727719720784
21533.0,30983.0,1.004165570989141
21331.0,22663.0,1.0025532382801594
20749.0,26782.0,1.0
20749.0,28314.0,1.0003630146451323
20749.0,30659.0,1.0010721206445912
20749.0,31041.0,1.0001456926309964
20749.0,31156.0,1.001127480462648
20749.0,27612.0,1.001250257773867
20749.0,27822.0,1.0009647832719073
20749.0,27882.0,1.001075737143579
20749.0,27934.0,1.0025168674779859
20749.0,28135.0,1.0016402979165027
20749.0,29951.0,1.0
20749.0,27536.0,1.0002242452837538
20749.0,6738.0,1.0
20749.0,8135.0,1.0015339653433324
20749.0,27040.0,1.0
20749.0,27123.0,1.0002538738882425
20749.0,27291.0,1.0014872757997255
20749.0,27033.0,1.0029820570078838
20749.0,22345.0,1.0004833480558724
20749.0,27019.0,1.0
20749.0,22525.0,1.0014770734057625
20749.0,22555.0,1.0
20749.0,22630.0,1.0
20749.0,22735.0,1.0005489723507113
20749.0,22958.0,1.0003243145609868
20776.0,20389.0,1.0023882459902755
20816.0,5057.0,1.0031414029267713
20874.0,22489.0,1.0005085094856925
21537.0,22732.0,1.0005672296321302
21074.0,22020.0,1.0023115108551057
21118.0,22606.0,1.0015803457978292
21135.0,22347.0,1.0008840321055965
21196.0,2153.0,1.0014913292463805
21196.0,26450.0,1.0017483559337752
21208.0,17409.0,1.0003479750434139
21027.0,22607.0,1.0041589391199928
20901.0,22091.0,1.0
20991.0,22890.0,1.004194230282625
20991.0,23072.0,1.0033786069513775
21016.0,22411.0,1.0007101564453431
21016.0,22464.0,1.0020166197992861
21542.0,26918.0,1.0028280997409529
21543.0,25222.0,1.003391488313735
22247.0,8367.0,1.0
22247.0,49811.0,1.0016512945889242
22247.0,44313.0,1.0
22247.0,44354.0,1.0013257774255317
22288.0,5480.0,1.0025521785966163
22324.0,50544.0,1.000870158686621
22324.0,52234.0,1.0021305799054274
22364.0,22476.0,1.0022900643300916
22224.0,15573.0,1.0014551379304766
21826.0,37520.0,1.0007240782465812
21862.0,22785.0,1.0038707481281794
21903.0,28667.0,1.0
21907.0,38434.0,1.0023476096593706
21916.0,23004.0,1.002937241087485
21930.0,47251.0,1.0039835916524482
21768.0,23078.0,1.0038786428092725
21570.0,22730.0,1.0034515827184212
21614.0,40098.0,1.0011444307440203
21714.0,26372.0,1.0017137471423914
21963.0,36950.0,1.0003158053246106
21963.0,49844.0,1.0018697303943067
21963.0,32555.0,1.0007158884086913
21963.0,39300.0,1.0003796173752526
21963.0,35729.0,1.0016068196383612
21963.0,36456.0,1.0021710508865214
21963.0,36883.0,1.0009612096066698
21963.0,38107.0,1.0015742914670507
21976.0,31481.0,1.0007271703498402
22010.0,23095.0,1.002748039306819
22031.0,23111.0,1.0027528870294236
22157.0,3257.0,1.0017158886969149
22157.0,4217.0,1.0
22188.0,32474.0,1.0018150578024618
19250.0,1304.0,1.001703611912871
19250.0,16765.0,1.0003545492650627
19250.0,7942.0,1.0017945303165192
19250.0,8742.0,1.001730944747657
19250.0,13535.0,1.0
19250.0,14654.0,1.0004251561443802
19250.0,16743.0,1.0
19250.0,17400.0,1.0017643393950244
19250.0,2970.0,1.0010191558059163
19250.0,22384.0,1.0018057329403252
19250.0,20523.0,1.001171044313493
19250.0,20767.0,1.001105076733937
19250.0,22017.0,1.0020547769383263
19250.0,22029.0,1.0004218535660891
19114.0,23408.0,1.0012938195718246
19169.0,20459.0,1.0023479968449673
19183.0,31989.0,1.0014241403895723
19183.0,23354.0,1.0032226597645746
19338.0,20649.0,1.0017373777603396
19346.0,33135.0,1.0021449579952322
19346.0,5109.0,1.0014586029353265
19346.0,20831.0,1.002325529378385
19346.0,27769.0,1.0024852142223912
19346.0,32174.0,1.000645028163563
19346.0,52063.0,1.0032484028702002
19085.0,20459.0,1.0010940716292231
19086.0,36704.0,1.0039772653643724
18646.0,52023.0,1.0009710095251814
18646.0,44652.0,1.002760181059411
18880.0,20304.0,1.0001084021591917
18882.0,1319.0,1.0036539589289135
19054.0,20645.0,1.0
18784.0,20276.0,1.0032261518594423
18755.0,22395.0,1.0016368122339423
18704.0,20124.0,1.0045495257913366
18704.0,14028.0,1.0033899584573263
18708.0,20216.0,1.0027272027034004
20701.0,37557.0,1.0014159625139125
20701.0,35451.0,1.0
20701.0,37381.0,1.001308816014402
20701.0,40117.0,1.0024918217511236
20701.0,43736.0,1.0010641892610272
20701.0,14147.0,1.000979479102294
19631.0,45130.0,1.0
20688.0,39998.0,1.003134829174322
20688.0,40585.0,1.0040618179910503
20695.0,27723.0,1.0028621370792326
20695.0,35028.0,1.0023923182915109
20695.0,38031.0,1.001307502301009
19407.0,20767.0,1.002118440960099
19407.0,22394.0,1.0013264791085954
19407.0,26656.0,1.0044201708101717
19441.0,19762.0,1.001725338438432
19393.0,14556.0,1.0039739300202997
19504.0,20716.0,1.0015148186810217
19552.0,19744.0,1.0035714398311804
19552.0,9268.0,1.0
19552.0,22145.0,1.0018181665994406
19552.0,20885.0,1.0013162200105254
19552.0,22034.0,1.0007273965724441
19552.0,22303.0,1.0029054668437924
19552.0,22557.0,1.0008488173053303
19552.0,20588.0,1.0016560764206792
19552.0,19169.0,1.0014998964320383
19552.0,20632.0,1.0012544899542664
19548.0,16784.0,1.003268059146533
11771.0,16022.0,1.0031349803086966
41728.0,47917.0,1.0017937526500051
41728.0,41773.0,1.0012726539748475
41728.0,19044.0,1.0
41728.0,45380.0,1.0
41728.0,51916.0,1.0003417488603834
41728.0,40677.0,1.0009242262117648
41728.0,45463.0,1.0
41728.0,45808.0,1.0006700328079428
41728.0,46097.0,1.0
41728.0,46098.0,1.0003726266233726
41728.0,47184.0,1.0
41728.0,47282.0,1.0
41728.0,47453.0,1.0000949581974743
41728.0,44039.0,1.0
41728.0,44267.0,1.0
41728.0,47716.0,1.0
41728.0,48530.0,1.0012713494956214
41728.0,48586.0,1.0016714357694423
41728.0,50025.0,1.0011728887045193
41728.0,50044.0,1.00023894170467
41728.0,50047.0,1.0003486920573803
41728.0,35082.0,1.0
41728.0,35132.0,1.000055061715699
41728.0,40346.0,1.001194948519889
41728.0,13551.0,1.0001965745840924
41728.0,17718.0,1.0
41728.0,40444.0,1.0
41728.0,42255.0,1.0
41728.0,42705.0,1.0000668230452234
41728.0,43018.0,1.0001531589524595
41728.0,40629.0,1.0001046961112605
41728.0,41372.0,1.000908890017545
41728.0,45479.0,1.0
41812.0,39398.0,1.0041767221252889
41815.0,5611.0,1.0010958068305602
41815.0,14581.0,1.0005383889660897
41815.0,47505.0,1.001508784090095
41455.0,45298.0,1.002609133274978
41486.0,19836.0,1.0006606516643615
41577.0,47854.0,1.0005953249962793
41577.0,44230.0,1.0028548595628215
41587.0,39235.0,1.0022746959857758
43527.0,45264.0,1.010880008676212
43563.0,41562.0,1.0029550905822942
43563.0,47560.0,1.0033178911848757
43603.0,47305.0,1.0
43603.0,42268.0,1.0010019048799843
43603.0,40881.0,1.0005770088399024
43603.0,43779.0,1.0012787840221433
43603.0,40898.0,1.0015978611125291
43603.0,40983.0,1.001040838127731
43603.0,41066.0,1.0014311757658823
43603.0,41214.0,1.0
43603.0,41401.0,1.0
43603.0,41422.0,1.0022787650467229
43603.0,44977.0,1.000451134649908
43512.0,40431.0,1.0010721411748176
43509.0,3486.0,1.0053355076658372
43242.0,35190.0,1.0033825677833499
43242.0,38629.0,1.0044172841959844
43268.0,42600.0,1.0021832508299813
43293.0,40270.0,1.0064120015559408
43852.0,42132.0,1.0030630867934658
43898.0,20347.0,1.0034775539005234
41916.0,49969.0,1.0
41916.0,50591.0,1.0
41916.0,15609.0,1.000366764691926
41916.0,40107.0,1.0
41965.0,39437.0,1.0018966193367165
41985.0,39495.0,1.0000236004077245
42326.0,39630.0,1.0007707776100623
42348.0,765.0,1.0036673101893039
42448.0,39752.0,1.0021265963974437
41882.0,52234.0,1.0041383189556017
43058.0,40096.0,1.0028801527265665
43133.0,38529.0,1.0024782498952258
43182.0,35883.0,1.0029212323719334
42661.0,27662.0,1.0022289468552517
42706.0,42515.0,1.0056197033662087
42780.0,39016.0,1.0003376050788995
39204.0,37566.0,1.0023810987649882
39225.0,37613.0,1.0022013596847756
39309.0,40397.0,1.0020858628112326
39185.0,30147.0,1.003386702995087
39375.0,39138.0,1.001194428883613
39402.0,36038.0,1.0024184889656345
39100.0,43057.0,1.0020194102443751
38979.0,41870.0,1.0026076807556275
38979.0,26988.0,1.002698873943754
39009.0,46016.0,1.0026685779006554
39408.0,38088.0,1.0034824626782495
39592.0,52229.0,1.0
39663.0,39149.0,1.0011384226498916
38970.0,37388.0,1.0034021387544079
39459.0,42515.0,1.0057273476347521
39459.0,42169.0,1.0031532525522093
39479.0,37796.0,1.0008681275809463
38429.0,34370.0,1.0020187117824626
38429.0,40672.0,1.001318864602786
38429.0,39288.0,1.0012008211002816
38429.0,39822.0,1.000908086257574
38429.0,40947.0,1.001441078204141
38429.0,38871.0,1.0011812821902117
38429.0,40970.0,1.0019548345934453
38429.0,25207.0,1.0035148904388573
38429.0,38008.0,1.0039540213844174
38429.0,38196.0,1.0011078162308393
38429.0,38425.0,1.0026240423525297
38429.0,38501.0,1.0014183707359916
38429.0,38670.0,1.0026748181697318
38429.0,41512.0,1.0012461887210529
38429.0,42354.0,1.0030658593059951
38429.0,43587.0,1.0011641181707585
38429.0,43688.0,1.0020526058777703
38403.0,50364.0,1.0043812794581515
39683.0,43198.0,1.002164302238441
38771.0,35977.0,1.0027803025150832
38786.0,37269.0,1.002699799904631
38511.0,19022.0,1.002638330174579
40542.0,38520.0,1.0044860342859119
40775.0,38645.0,1.0073018774290663
40806.0,38951.0,1.0027710255808653
40287.0,3246.0,1.0019178258209525
40121.0,38191.0,1.0009397310916128
40122.0,47821.0,1.0032925536207176
40122.0,47176.0,1.004610185813717
40122.0,45631.0,1.0033760912608314
40235.0,32926.0,1.0
40846.0,39053.0,1.0014472297775425
40846.0,4146.0,1.0031439842243013
40846.0,41524.0,1.0033897575637412
41053.0,41434.0,1.0021309863358283
41194.0,14255.0,1.0015918804506407
40963.0,38423.0,1.001753824387028
40963.0,13896.0,1.0015039099744265
40916.0,42653.0,1.0010117825820857
40916.0,48031.0,1.003438920867085
40916.0,44941.0,1.0017115772547727
39975.0,38088.0,1.0039725877071306
39774.0,42495.0,1.0020340813105704
39774.0,47395.0,1.0012000728011645
39774.0,47405.0,1.0
39774.0,37989.0,1.0016395633940223
39774.0,38080.0,1.0027254448639675
39774.0,41285.0,1.0003207098480016
39774.0,48399.0,1.0017521899040407
39774.0,47487.0,1.0032440822974438
39774.0,47640.0,1.0008399721467636
39774.0,48245.0,1.0014233433011817
39844.0,39028.0,1.001704471974609
39853.0,38716.0,1.0054694154632888
39853.0,47605.0,1.003342166837867
52399.0,48378.0,1.0006577205204619
52399.0,45838.0,1.001630324746418
52410.0,45249.0,1.0028191661807206
52413.0,50364.0,1.0024570222045497
52482.0,45329.0,1.0030453355197824
52503.0,45353.0,1.0007289439493143
52183.0,47927.0,1.0107541807282876
52183.0,45603.0,1.0094909505389593
53272.0,52134.0,1.0
53415.0,28010.0,1.0018754540236314
52703.0,45668.0,1.0029687631261033
53054.0,50728.0,1.0030645094747643
53054.0,51852.0,1.0020329780797255
53054.0,51864.0,1.0025294279840091
52086.0,47505.0,1.0013630854125912
50189.0,1851.0,1.001651648569513
50277.0,44684.0,1.001321047979001
50315.0,44245.0,1.003581816463848
50315.0,44551.0,1.002201811512976
50566.0,39189.0,1.003776319608861
48453.0,40084.0,1.0018876946669444
48566.0,43742.0,1.0025331379262856
48703.0,43805.0,1.0024173885093461
48813.0,22970.0,1.0039234516601088
49874.0,45993.0,1.003559189929678
50602.0,45426.0,1.003428258292431
50794.0,43910.0,1.0024758856715594
50830.0,231.0,1.0032718199785424
50875.0,9144.0,1.0010035830357424
50615.0,44525.0,1.0023357515900486
50680.0,14134.0,1.0017872202783613
50765.0,44687.0,1.0031012491426197
58219.0,45878.0,1.0032457780400479
58664.0,51998.0,1.0040177314904426
58675.0,15253.0,1.0013246475407973
58675.0,50551.0,1.0037535703579892
58675.0,35185.0,1.001510971373243
58675.0,50500.0,1.0037867744682758
57213.0,48517.0,1.001713588864136
57213.0,28770.0,1.0016967651208493
57250.0,48530.0,1.0040770054510906
57538.0,50385.0,1.005401112978304
57647.0,49782.0,1.0030618323976035
59737.0,52232.0,1.002778863155975
59921.0,51973.0,1.0022425751972317
60062.0,4996.0,1.0018722351851979
60082.0,35204.0,1.0020414590845634
60322.0,52177.0,1.0028303031682966
59625.0,3571.0,1.0017666805105998
59559.0,45808.0,1.0045528587177708
58856.0,12494.0,1.0042669517588627
59026.0,42638.0,1.0030786620982841
59131.0,42641.0,1.0023343332007444
59550.0,52058.0,1.0041624579962654
57202.0,51934.0,1.0
57202.0,52036.0,1.0012328053976416
57202.0,51910.0,1.0039476893465205
57202.0,49823.0,1.0010519283614352
57202.0,50070.0,1.0016524802303262
55457.0,48409.0,1.0025472870519319
55495.0,47475.0,1.0030807219873086
55499.0,46056.0,1.0039276934821602
55499.0,46129.0,1.0026933782078884
55598.0,48409.0,1.0019381868181545
55806.0,47453.0,1.002534418437605
55839.0,47627.0,1.0050903470645631
55215.0,47294.0,1.0033519321034277
53506.0,38915.0,1.0025716683759682
53771.0,10625.0,1.0033863905441085
53859.0,46083.0,1.0004457789029717
56765.0,48204.0,1.003377137263429
56809.0,44719.0,1.0010376898738649
56885.0,10875.0,1.0030357816610556
56936.0,40347.0,1.0016336178560652
57017.0,48397.0,1.0021179052616227
57055.0,50445.0,1.0052934978915677
56104.0,47809.0,1.0019085130052405
56156.0,50713.0,1.00424716012633
56297.0,47933.0,1.003112788820843
45957.0,41945.0,1.0
46077.0,15951.0,1.0011259405300805
46077.0,7334.0,1.000866942258497
46077.0,42414.0,1.0014269686810833
46077.0,43399.0,1.0012925809312707
45501.0,47873.0,1.0000776563379268
45661.0,43482.0,1.0015298534374197
45719.0,44142.0,1.0051523418125061
46142.0,42050.0,1.001653739274382
46152.0,42063.0,1.0023065528969362
46182.0,42268.0,1.0011580214571554
46182.0,45833.0,1.0016544153602014
46223.0,43917.0,1.0029696469382643
46288.0,50373.0,1.0060899534218553
46124.0,43878.0,1.0018953935002057
46093.0,45717.0,1.0029527235943245
46093.0,48509.0,1.002821628379877
44268.0,40950.0,1.0017531120909045
44268.0,42733.0,1.0019881406947082
44268.0,36901.0,1.0039434734145407
44274.0,40943.0,1.0006579955916874
44609.0,41040.0,1.001073234084831
44705.0,41093.0,1.0024513825253925
44206.0,42627.0,1.0023587645458605
43981.0,40716.0,1.0010836095662081
43981.0,41833.0,1.0037723432602486
44152.0,51852.0,1.0017057035082264
44152.0,42077.0,1.0012589603238027
44152.0,48348.0,1.0012713692156268
44155.0,40790.0,1.0027417258212201
45112.0,41361.0,1.0
45121.0,46023.0,1.0029942953989368
45173.0,41361.0,1.0034497585340378
45178.0,41245.0,1.0017770202392136
45281.0,44376.0,1.0038197802205289
45049.0,7494.0,1.0019301441831343
44762.0,41824.0,1.0009670612242345
44787.0,18080.0,1.0027571358535758
44999.0,41271.0,1.002473290028079
45037.0,41292.0,1.0017618953886382
46320.0,40681.0,1.0027919368483975
48036.0,50732.0,1.0034897013339543
48234.0,43482.0,1.0009817464450974
48266.0,43993.0,1.0091238554939943
48266.0,52003.0,1.0086240979689631
48266.0,8407.0,1.0076932339121545
48266.0,28210.0,1.0072950849541278
48266.0,34773.0,1.0080372368854793
48266.0,41559.0,1.0069569469173003
48266.0,44071.0,1.0071393713560066
47435.0,51876.0,1.0
47445.0,50629.0,1.0048672315429419
47189.0,6010.0,1.0008481057769663
46498.0,42436.0,1.0021658960146058
46498.0,42588.0,1.0033007806190128
46756.0,38290.0,1.002909085247733
46385.0,41234.0,1.0003161306054589
46389.0,28696.0,1.0047367629897868
46433.0,9081.0,1.00415744072845
46433.0,48559.0,1.0050245003225946
46435.0,19914.0,1.0011827762472378
47045.0,42749.0,1.001627957429994
47069.0,45738.0,1.002400431381779
47018.0,37352.0,1.001360703422148
46917.0,50364.0,1.0034459745173725
46796.0,44903.0,1.0
46796.0,42630.0,1.0003780415350554
46796.0,43955.0,1.0004813829095487
46856.0,5537.0,1.0044960288397637
46867.0,10707.0,1.0029696989773846
46916.0,42660.0,1.0021474205255065
30536.0,31333.0,1.001693371544413
30596.0,43914.0,1.0002857895634352
30596.0,39276.0,1.0017211088461273
30596.0,36710.0,1.0024458617535021
30596.0,40687.0,1.001802186168796
30596.0,44499.0,1.0018509381985283
30596.0,38696.0,1.0011348429717426
30596.0,15344.0,1.0020044957104954
30596.0,34403.0,1.003950373494877
30596.0,34516.0,1.0035498040246318
30596.0,35234.0,1.001215179463367
30596.0,43550.0,1.0027878815083469
30596.0,40936.0,1.0004281552082093
30596.0,40481.0,1.002562857122839
30596.0,36658.0,1.0027239350809414
30596.0,37428.0,1.0020196187734425
30307.0,23395.0,1.0035923750167461
30307.0,42662.0,1.0046451581748173
30307.0,40438.0,1.0027230704171028
30350.0,50105.0,1.0
29579.0,48557.0,1.0000247436850394
29579.0,7340.0,1.0
29579.0,45770.0,1.0013638556581954
29579.0,41065.0,1.0012103642722543
29579.0,47227.0,1.000329413566749
29579.0,41089.0,1.0028894666599821
29579.0,40156.0,1.000361105329306
29579.0,45715.0,1.0
29579.0,46056.0,1.0006146716975375
29579.0,43592.0,1.0004885351158657
29579.0,50023.0,1.0002275913115033
29579.0,27590.0,1.000011595686013
29579.0,43736.0,1.0
29579.0,14181.0,1.0010417181751492
29579.0,47238.0,1.0
29579.0,39752.0,1.0009772378360506
29579.0,31822.0,1.0
29579.0,47220.0,1.0007403468403209
29579.0,50092.0,1.001296737625578
29579.0,40079.0,1.0004354596412934
29579.0,40113.0,1.0
29579.0,47758.0,1.0014714688819506
29579.0,51973.0,1.0014921967719892
29579.0,43910.0,1.0017488097415033
29579.0,46023.0,1.0017445288563764
29579.0,45759.0,1.0
29579.0,47355.0,1.0
29579.0,43973.0,1.0
29579.0,52168.0,1.0
29579.0,50231.0,1.0
29579.0,50326.0,1.0010436314729392
29579.0,50380.0,1.0
29579.0,51830.0,1.001951328673935
29579.0,41595.0,1.0009537079409618
29579.0,41959.0,1.0
29579.0,8790.0,1.0
29579.0,39711.0,1.0
29579.0,46112.0,1.0
29579.0,47201.0,1.0007235116194224
29579.0,45343.0,1.001046205199948
29579.0,48611.0,1.0
29579.0,49655.0,1.002227863279458
29579.0,47632.0,1.0000009995836792
29579.0,47681.0,1.0005833443112655
29579.0,50112.0,1.0004853932874265
29579.0,41080.0,1.0
29579.0,40460.0,1.000014937453014
29579.0,39922.0,1.0
29579.0,40146.0,1.0
29579.0,40152.0,1.0003087556279922
29579.0,40168.0,1.000307306369792
29579.0,40367.0,1.0
29579.0,40443.0,1.0
29579.0,43747.0,1.0
29579.0,44681.0,1.0005672206478138
29579.0,41659.0,1.0
29579.0,41741.0,1.000196905637749
29579.0,41860.0,1.0
29921.0,16568.0,1.0036464149987152
30066.0,32092.0,1.0055985223837225
30092.0,30953.0,1.0017330397248396
30705.0,31349.0,1.0061788548616648
31941.0,32283.0,1.0052762266103372
31982.0,26907.0,1.0019882262154445
31988.0,38533.0,1.000449476012803
31988.0,48521.0,1.0
31988.0,37230.0,1.0002940814172205
31988.0,43525.0,1.0005496879796054
31721.0,35390.0,1.0026584162804362
31316.0,32250.0,1.0012731483988486
31416.0,31831.0,1.0051619467642794
31570.0,19373.0,1.0008042681110267
32040.0,32358.0,1.0030170475211742
32064.0,39600.0,1.0059393563101235
32064.0,38126.0,1.0083169885392926
32064.0,38386.0,1.0075403537579708
32064.0,44703.0,1.0093106024953302
32064.0,45162.0,1.0075861161811306
32064.0,47815.0,1.007903965037978
32064.0,47951.0,1.007076780522899
32064.0,51866.0,1.0104458622634562
32064.0,45321.0,1.008905771017343
32007.0,28422.0,1.0000019962515785
31229.0,51936.0,1.011187563568239
30819.0,42662.0,1.0033497346696165
30819.0,32326.0,1.0005568685934372
30819.0,35764.0,1.0036944390025364
30819.0,42192.0,1.0027802554678413
30819.0,20003.0,1.003801976314045
30819.0,31534.0,1.0031385102129176
30819.0,41640.0,1.0029259120026819
30819.0,10707.0,1.0028152124595384
30819.0,32247.0,1.0028498510260484
30819.0,34714.0,1.0019376999952705
30819.0,39397.0,1.0028970957764145
30819.0,2330.0,1.0035077689395182
30819.0,49752.0,1.0024764208716346
30819.0,44933.0,1.0023421992505266
30819.0,45290.0,1.00324200224095
30819.0,48219.0,1.0027520947762778
30736.0,4309.0,1.003460661644147
30759.0,36837.0,1.0007741683542004
30759.0,35955.0,1.003485133631186
31004.0,33110.0,1.0028022797871194
31004.0,34982.0,1.002590137655138
31029.0,39258.0,1.0055119655933604
31124.0,31602.0,1.0026472886366422
31155.0,31665.0,1.001827362959958
31186.0,27536.0,1.0029941420282744
30909.0,31521.0,1.0044591532732028
29059.0,35576.0,1.0
28929.0,44609.0,1.0019150891989317
28929.0,26784.0,1.0008928466331277
28929.0,30013.0,1.0000201270142626
29073.0,50518.0,1.0012376715900024
28618.0,18161.0,1.000385478122064
28658.0,28850.0,1.0002430204117905
28658.0,40844.0,1.0020792669423897
28602.0,30400.0,1.0009417137040764
29536.0,30788.0,1.002701502266657
29536.0,30925.0,1.003591149063444
29536.0,30759.0,1.0012307841028913
29276.0,30339.0,1.0018378351585973
29398.0,37132.0,1.0018114234905846
26721.0,3093.0,1.0017196590779034
26789.0,38421.0,1.0024445864372877
26875.0,36557.0,1.001929118127427
26662.0,28153.0,1.0017078825972985
27284.0,40900.0,1.0044094033637085
27366.0,28596.0,1.0009911953824955
28495.0,39800.0,1.0010023983513647
28497.0,37198.0,1.0006540578568435
28555.0,33127.0,1.00092811068951
26931.0,24044.0,1.0040738950056238
26944.0,42268.0,1.0015202795348104
27004.0,28406.0,1.0024788460107767
36893.0,35977.0,1.0039240543396653
37186.0,36196.0,1.0018996092032901
37236.0,50772.0,1.0
37236.0,39295.0,1.0011103290679053
37236.0,44039.0,1.0
37236.0,44117.0,1.0010813146100346
37236.0,43588.0,1.001178113430911
37236.0,42248.0,1.0005951934090813
37236.0,42053.0,1.0010694731370025
37236.0,42343.0,1.0004790581901741
37236.0,40837.0,1.0012304515537709
37236.0,35054.0,1.0018173808033286
37236.0,36683.0,1.0
37236.0,42640.0,1.0001107641831872
37236.0,42783.0,1.002400676198743
37236.0,50201.0,1.0
37236.0,51821.0,1.001545204699611
37236.0,43171.0,1.0027317850743442
37236.0,47867.0,1.0013975856849564
36637.0,37632.0,1.0030350602960145
36637.0,40808.0,1.0018220491500522
36637.0,45448.0,1.0021132585013954
36637.0,51980.0,1.0026743014876884
36637.0,42940.0,1.0034037585275897
36637.0,9418.0,1.0021228595994758
36637.0,10092.0,1.0014166284708665
36823.0,38227.0,1.0025872864707792
36840.0,35912.0,1.0031700389052312
36211.0,35466.0,1.0
36257.0,40712.0,1.0029253621473395
36308.0,37503.0,1.0009580758089194
36308.0,39429.0,1.0017775707755794
36308.0,40098.0,1.00034281276508
36308.0,40256.0,1.000636580304541
36308.0,40383.0,1.000923773195139
36308.0,36907.0,1.000945698248636
36308.0,37069.0,1.0014950665311888
36308.0,38818.0,1.0006466869834623
36308.0,39459.0,1.0005630524072624
36308.0,39967.0,1.0
36129.0,22722.0,1.0023503843580883
36129.0,35482.0,1.0023595064981858
35925.0,36178.0,1.0
35987.0,35288.0,1.0017540018943163
36411.0,38346.0,1.0041746876921351
36415.0,40567.0,1.0030258225796371
36485.0,35464.0,1.0020002848176828
37937.0,38024.0,1.0049935622480837
37939.0,43742.0,1.0010055650174936
37939.0,47272.0,1.0016989637197353
37939.0,40168.0,1.0016322115663747
37939.0,8761.0,1.0019741921318865
37939.0,20180.0,1.0023665617695114
37939.0,38300.0,1.0024706464580335
37939.0,39039.0,1.0011147513360255
37766.0,38921.0,1.0011138942679747
37766.0,39216.0,1.0015622149120593
37766.0,47347.0,1.0015540118516026
38256.0,10022.0,1.0042512934426178
38335.0,36965.0,1.0046183478382285
38337.0,48409.0,1.0025182759065645
38338.0,23618.0,1.0006617566323337
38251.0,40624.0,1.0028984879746723
38044.0,37198.0,1.0012843849654223
38044.0,38750.0,1.001613990508793
38063.0,36812.0,1.0028507181919288
38150.0,36836.0,1.0000211210736984
37591.0,37780.0,1.0003952108541045
37277.0,35096.0,1.0015905243252163
37295.0,50518.0,1.0015383979349006
37325.0,40191.0,1.0019048597585225
37325.0,45000.0,1.004098014116636
37325.0,44056.0,1.0022300833855002
37325.0,42389.0,1.005622391749806
37325.0,39707.0,1.0025561154335079
37325.0,40737.0,1.0025814325273
37405.0,141.0,1.001407645501655
37447.0,2094.0,1.0021998013231563
37541.0,36461.0,1.002778892613814
37582.0,46145.0,1.0007962168551392
37582.0,49772.0,1.002099033897793
35826.0,35171.0,1.0045859434303193
32459.0,39042.0,1.0014568099013343
32459.0,30860.0,1.0006806411301032
32459.0,35502.0,1.0014084590192172
32459.0,35506.0,1.0016770454592987
32459.0,36697.0,1.0011178750857388
32299.0,40925.0,1.0024104499703963
32299.0,50166.0,1.0021415197048555
32299.0,42086.0,1.0006743346178026
32299.0,43111.0,1.0035175667846143
32299.0,43130.0,1.0027971439129981
32299.0,41987.0,1.0026271986057724
32299.0,5205.0,1.0019190815598116
32299.0,7449.0,1.002072440755471
32299.0,17324.0,1.0037539944559444
32299.0,18871.0,1.001715953367741
32306.0,43039.0,1.0049106501332106
32630.0,41945.0,1.0012920367502038
32670.0,10327.0,1.003703347737189
32731.0,32836.0,1.0008438756864109
32789.0,48440.0,1.000802448139298
32491.0,37566.0,1.0029804082816598
32497.0,43427.0,1.0011922646471478
32214.0,32929.0,1.0043953182465344
32262.0,34433.0,1.0011532132464156
32262.0,36312.0,1.0025148217178503
32201.0,15609.0,1.0012008001626154
32172.0,32509.0,1.0017006676746376
32126.0,32474.0,1.0031146418153227
32132.0,32384.0,1.0016961633192047
35397.0,39352.0,1.0042090097238907
35633.0,36652.0,1.0026952348652516
35123.0,23682.0,1.0036372467534866
35144.0,18434.0,1.0025526876247388
35319.0,16223.0,1.0004187696419424
35386.0,38227.0,1.0022315291592945
35731.0,42084.0,1.0012591825338428
35731.0,37663.0,1.0012268242893587
35731.0,35317.0,1.0
35731.0,36317.0,1.000257533046094
35017.0,44150.0,1.0017432873831214
34385.0,35596.0,1.0022237245344492
34385.0,35060.0,1.0005165671336171
34424.0,50182.0,1.0036243082256275
34476.0,2904.0,1.0020465536422682
34550.0,38191.0,1.0036027310376552
33169.0,40348.0,1.0014213220987276
34588.0,52258.0,1.0015885854024922
34705.0,38764.0,1.002054595977884
34600.0,20660.0,1.0006686524882846
34611.0,44098.0,1.0024064701345488
11702.0,15165.0,1.0001587654484785
11686.0,38976.0,1.002033416849997
11686.0,39032.0,1.0011587270557465
11686.0,42169.0,1.0015392057524295
11686.0,38228.0,1.0023226996074441
454.0,1319.0,1.001023176094184
454.0,1059.0,1.0
454.0,1118.0,1.0005780130384199
454.0,1920.0,1.0
454.0,2439.0,1.000885994101259
454.0,4580.0,1.000753364277876
454.0,5256.0,1.0
454.0,5701.0,1.0008326512475851
454.0,6466.0,1.0
454.0,6474.0,1.001605718098973
454.0,6479.0,1.0022042800259516
454.0,6595.0,1.0012472645252706
454.0,2982.0,1.0012066281266738
454.0,3253.0,1.0002355702754209
454.0,10801.0,1.0
454.0,13898.0,1.0002124459841972
454.0,10366.0,1.000716700710995
454.0,7885.0,1.0
454.0,7912.0,1.0000848546607217
454.0,8001.0,1.0006345850375005
454.0,8380.0,1.0003076877506425
454.0,8881.0,1.0001535455126955
454.0,9220.0,1.000055700106801
454.0,9973.0,1.0005126697531068
454.0,1653.0,1.0004863533244244
454.0,1805.0,1.0
454.0,2314.0,1.0007820135141559
454.0,2342.0,1.0
454.0,2485.0,1.0007681861808035
454.0,2495.0,1.0
454.0,1652.0,1.0005810457124458
454.0,1566.0,1.0
466.0,1744.0,1.0036253080469988
482.0,6389.0,1.0
396.0,447.0,1.0015080940380754
412.0,733.0,1.0014315975954409
417.0,2938.0,1.0025553821119124
427.0,5385.0,1.004205802460627
427.0,11035.0,1.0023214065019133
432.0,598.0,1.0025875425101303
432.0,57.0,1.003737023004671
386.0,2968.0,1.0007138487292015
386.0,13606.0,1.000822354000134
386.0,1669.0,1.0
386.0,377.0,1.00115310959692
386.0,10702.0,1.0016151262666255
386.0,9621.0,1.0008248590508315
386.0,6187.0,1.0
386.0,9266.0,1.000480029501124
386.0,9004.0,1.0009138743149844
386.0,2799.0,1.0
386.0,717.0,1.0
386.0,743.0,1.0013575586023735
386.0,796.0,1.0016969270441225
386.0,979.0,1.001813745931427
386.0,4271.0,1.0017297003345986
386.0,6555.0,1.0002602842019979
386.0,6562.0,1.0020587129081937
386.0,7589.0,1.0034524076860392
386.0,7722.0,1.0014980295913718
386.0,7998.0,1.000474875883604
386.0,6139.0,1.0
386.0,5881.0,1.001737258475617
386.0,617.0,1.001976945383419
486.0,569.0,1.0044874204670775
486.0,3451.0,1.0014188109804505
486.0,1374.0,1.001908920401081
486.0,1438.0,1.0036748679940348
486.0,2417.0,1.0045840466695106
619.0,5133.0,1.0010949926170012
619.0,5321.0,1.0012355507027029
619.0,9030.0,1.001381115458763
619.0,10996.0,1.0005374404803005
619.0,14129.0,1.003006998702133
619.0,15052.0,1.0034734792777305
619.0,2829.0,1.0036838434954993
604.0,10974.0,1.0027496295856213
612.0,4135.0,1.0033891227991296
612.0,2314.0,1.003740708380083
637.0,19521.0,1.0006460232867818
641.0,2934.0,1.0022851960058343
646.0,13777.0,1.0029213508750112
657.0,2231.0,1.0012488546332845
657.0,2523.0,1.0027529393580998
631.0,598.0,1.0034872896336406
631.0,1613.0,1.0038422670800933
631.0,2334.0,1.0029715143028075
631.0,7121.0,1.00201588738979
627.0,4681.0,1.0027155700871864
599.0,1246.0,1.0039341782846665
496.0,2578.0,1.0013247549380102
525.0,34409.0,1.0018958912367524
525.0,45591.0,1.0031042987513281
525.0,19914.0,1.0010578323012262
525.0,46107.0,1.000816114499014
553.0,40718.0,1.0013410221456813
553.0,19408.0,1.0033889465063373
553.0,3544.0,1.0030142284358676
530.0,575.0,1.0034127446080614
530.0,1038.0,1.0019150115795814
530.0,1508.0,1.003237653737096
549.0,3748.0,1.0019838791312194
212.0,1499.0,1.002213186859704
212.0,944.0,1.0019515188371726
238.0,2667.0,1.0
238.0,5993.0,1.0011272102931954
238.0,6035.0,1.000637671934327
238.0,9045.0,1.0
246.0,2150.0,1.0026080055867028
249.0,1311.0,1.0043004261049566
249.0,4574.0,1.0023063263188303
249.0,6828.0,1.004768868457419
263.0,1384.0,1.0042183856905333
263.0,546.0,1.004907634619071
263.0,51878.0,1.0018263365608586
263.0,3316.0,1.0142123998115764
263.0,7739.0,1.0042558338608638
196.0,10041.0,1.0013604882003886
196.0,17047.0,1.0006699730987523
196.0,24100.0,1.0007782623716899
196.0,31338.0,1.001421879138989
196.0,34902.0,1.0
196.0,51841.0,1.0011260880629023
196.0,136.0,1.0027088658595338
196.0,23667.0,1.0012140930682205
196.0,6218.0,1.0009265327540844
196.0,6647.0,1.0
196.0,9792.0,1.0005921943722695
196.0,12463.0,1.0014008680226842
196.0,4265.0,1.0015420986146166
196.0,504.0,1.0016634424259372
196.0,2322.0,1.0001489328957918
196.0,2458.0,1.0005872651303827
273.0,4165.0,1.001444321247319
279.0,6386.0,1.002984029765894
293.0,136.0,1.0049096698533353
294.0,1244.0,1.0041077856567298
300.0,4156.0,1.0006536704531415
188.0,453.0,1.0032384358342983
188.0,1039.0,1.0017459088106677
188.0,88.0,1.002615956051383
190.0,460.0,1.0026670970675378
165.0,27056.0,1.0012840349072927
165.0,32622.0,1.0007389824926802
165.0,44903.0,1.0
165.0,40602.0,1.0
165.0,36609.0,1.0014817795344688
165.0,8905.0,1.0005699119684277
165.0,20318.0,1.0006246018347558
165.0,37554.0,1.0
165.0,8017.0,1.0012200438849774
165.0,48523.0,1.0001615148700445
165.0,50037.0,1.0
165.0,50511.0,1.0
165.0,4740.0,1.0102036907403262
165.0,10555.0,1.0
165.0,16194.0,1.0
165.0,17684.0,1.0
165.0,19693.0,1.001579954898743
165.0,20621.0,1.0
165.0,27877.0,1.0
165.0,37967.0,1.0002106260262844
165.0,43189.0,1.0
165.0,28560.0,1.0
165.0,30868.0,1.0
165.0,31078.0,1.0004206968991918
165.0,31103.0,1.0006823833880876
165.0,32023.0,1.0016455314348356
165.0,32808.0,1.000960315749595
165.0,4139.0,1.0
165.0,8472.0,1.0003307177732015
165.0,8936.0,1.001002963615301
165.0,6375.0,1.001044162038546
185.0,361.0,1.0024000138883928
187.0,399.0,1.0033463394320865
342.0,450.0,1.004084763972314
342.0,1783.0,1.0029742152126913
342.0,16104.0,1.0014953162696387
349.0,570.0,1.0028963128803667
349.0,7060.0,1.000546753775636
349.0,7285.0,1.004100709232379
349.0,7454.0,1.0031426638163017
373.0,981.0,1.0020024680605317
374.0,4124.0,1.0005291835285188
374.0,5575.0,1.00074091055281
374.0,8902.0,1.0004226624095491
374.0,10619.0,1.001307650006291
374.0,5519.0,1.0003153271575957
374.0,3411.0,1.001739813892281
374.0,3798.0,1.0008165273085383
374.0,4081.0,1.0010026183514598
374.0,4133.0,1.0003920935377129
334.0,1852.0,1.0015941399502832
328.0,1624.0,1.0110070329610195
328.0,1384.0,1.0026633540635321
328.0,1255.0,1.0020975949991193
328.0,3364.0,1.0013368941268725
661.0,2644.0,1.0017015142411763
661.0,2203.0,1.0027342469033012
1081.0,1569.0,1.0011856697014956
1094.0,4561.0,1.0002413149025984
1110.0,1444.0,1.0047514124688324
1110.0,1338.0,1.0048105271860335
1110.0,1417.0,1.0047854891617372
1111.0,38770.0,1.002488435815071
1073.0,8329.0,1.0013475102741598
1063.0,5415.0,1.0007633882480582
1063.0,4890.0,1.0016996822781388
1063.0,2047.0,1.0029376078544396
1132.0,16414.0,1.0026020888708747
1183.0,3049.0,1.0019422560652111
1183.0,6271.0,1.0027578109375481
1183.0,3082.0,1.0015123977310476
1183.0,2021.0,1.0016056936089648
1183.0,2167.0,1.0010444694254683
1205.0,1829.0,1.001800515720144
1134.0,7648.0,1.002778118206946
1150.0,34687.0,1.0042925583294964
1044.0,36304.0,1.0
1044.0,38907.0,1.0012014667678988
1044.0,25217.0,1.0008145098064503
1044.0,36158.0,1.002614005965403
1044.0,42364.0,1.0006533538180136
1044.0,38802.0,1.0
1044.0,36457.0,1.001741849160565
1044.0,5514.0,1.000910720041396
1044.0,1499.0,1.0016227184265851
1044.0,3364.0,1.000624420218603
1044.0,1392.0,1.0016319951861676
1044.0,30874.0,1.0006578320749688
1044.0,36482.0,1.0008825813782722
1044.0,14533.0,1.0021502860998224
1044.0,14569.0,1.0
1044.0,14832.0,1.0
1044.0,22864.0,1.0
1044.0,23374.0,1.0
1044.0,2802.0,1.0029702432883454
1044.0,3327.0,1.0
1044.0,5499.0,1.0002332453526428
1044.0,6438.0,1.0016145409300183
1044.0,6633.0,1.0
1044.0,7055.0,1.000977940026365
1044.0,3691.0,1.0007784594713673
1061.0,2199.0,1.002669012749479
1061.0,2241.0,1.004091675386446
1061.0,4639.0,1.0036818777858718
1049.0,1449.0,1.0017469236786123
1049.0,43894.0,1.001755099598322
1208.0,2311.0,1.0021943293084983
1580.0,4724.0,1.0015486270940337
1580.0,23537.0,1.0030110174540834
1618.0,1976.0,1.0010841688838532
1624.0,1059.0,1.001468351682224
1626.0,4508.0,1.0010904794241307
1626.0,2867.0,1.0
1403.0,7188.0,1.0005499890184641
1408.0,15005.0,1.0030396308643337
1409.0,301.0,1.0008562722657888
1409.0,1670.0,1.000888456374149
1398.0,3506.0,1.0024549545342571
1398.0,2117.0,1.0010824977078314
1398.0,2175.0,1.0011897837847927
1398.0,2910.0,1.0030041976522177
1690.0,5849.0,1.0
1690.0,4203.0,1.001234371387724
1690.0,4692.0,1.001654293751039
1703.0,2211.0,1.0027944190505864
1708.0,2167.0,1.0039904546593996
1735.0,2064.0,1.0032262587180776
1735.0,4098.0,1.00301403071071
1735.0,6381.0,1.0025689730099714
1679.0,1896.0,1.0042741195236227
1337.0,2938.0,1.0021996149900871
1337.0,22534.0,1.0010160393426697
1337.0,2330.0,1.0012732571777063
1337.0,1825.0,1.0014472038794509
1337.0,4607.0,1.002526689081066
1305.0,8370.0,1.0
1305.0,7407.0,1.0004736993139935
1283.0,6921.0,1.0024358433851865
1299.0,23317.0,1.0041007513467928
1299.0,40922.0,1.0029634967062524
1300.0,5141.0,1.0
1343.0,2039.0,1.0034495788733206
1343.0,2350.0,1.001955815081168
1343.0,2104.0,1.002137281322924
1343.0,2236.0,1.0014195251325007
1343.0,1745.0,1.003044419974307
914.0,2001.0,1.0028030134229278
914.0,18812.0,1.0033703005815875
878.0,3433.0,1.0020976867105382
880.0,890.0,1.0019320676756347
949.0,45631.0,1.0016837897133435
949.0,9727.0,1.0008849361893042
949.0,35751.0,1.0015303190964564
949.0,2150.0,1.0022422204770554
949.0,5459.0,1.0006821755620146
949.0,1895.0,1.0017619107562334
949.0,2304.0,1.0000730849988806
949.0,3188.0,1.001219471796019
949.0,8920.0,1.002100801951511
949.0,9420.0,1.0
949.0,10710.0,1.0004222570817967
949.0,10932.0,1.0007939490941673
949.0,12472.0,1.0005042056191635
949.0,18767.0,1.0019737002193367
949.0,6489.0,1.0001852778468308
949.0,7239.0,1.0
949.0,7327.0,1.0
949.0,20251.0,1.0
949.0,47914.0,1.0030742519498164
949.0,43132.0,1.0013265781392735
949.0,22825.0,1.0008658826437065
949.0,34756.0,1.0
949.0,39180.0,1.0039898295252625
949.0,39845.0,1.0010716730467044
919.0,4549.0,1.0047862964618928
919.0,5300.0,1.0017146308991784
922.0,1266.0,1.003396742625165
929.0,1164.0,1.0005888647849437
932.0,9604.0,1.0022618837460984
867.0,4873.0,1.0015631534284222
867.0,2103.0,1.0019788884009238
867.0,5026.0,1.002919623819539
867.0,5155.0,1.0032360313099025
867.0,5159.0,1.0030745216520232
710.0,1169.0,1.0032141945500581
742.0,2458.0,1.0029632717341261
782.0,5537.0,1.0024119466960066
782.0,7896.0,1.0000223985778296
782.0,9409.0,1.0015930008441383
800.0,1508.0,1.0017966670579033
800.0,1074.0,1.0
805.0,40639.0,1.0030046207624883
805.0,44376.0,1.0030470413356343
683.0,141.0,1.0009650909876304
669.0,3274.0,1.0017752613091768
681.0,1243.0,1.0029201724105021
826.0,3515.0,1.0042276117312319
826.0,19662.0,1.0041650556464063
826.0,1800.0,1.0044836200023806
860.0,1118.0,1.002008065160838
810.0,1825.0,1.0023380951556893
824.0,14766.0,1.0
1039.0,15728.0,1.001239073376686
1039.0,2621.0,1.0012437747024021
1039.0,3327.0,1.0005426113409643
1039.0,3360.0,1.0018095423567712
1039.0,7527.0,1.0033896386994938
1011.0,4707.0,1.0027579107092328
971.0,2167.0,1.001742244233584
982.0,19786.0,1.0038285396563433
1007.0,3665.0,1.0033930296161184
23.0,6805.0,1.0023721154212029
23.0,34322.0,1.002401047476145
23.0,28589.0,1.0016957851801003
23.0,41787.0,1.0030229410168066
23.0,14178.0,1.0026932149605547
23.0,35927.0,1.001257427502918
23.0,36310.0,1.001831500402417
23.0,42363.0,1.0021852553706485
23.0,4159.0,1.0016273101355908
23.0,19593.0,1.0023077399593165
23.0,10977.0,1.0019248742647955
23.0,18700.0,1.0021791660348904
23.0,4873.0,1.0007168505491877
23.0,43441.0,1.0032402345261664
23.0,3486.0,1.003136310886648
23.0,39918.0,1.0017912923902
23.0,42534.0,1.0008363147511408
23.0,44984.0,1.0022444116390021
23.0,42724.0,1.0022252851236773
23.0,31526.0,1.0010395806342034
23.0,50401.0,1.001069987910369
23.0,47488.0,1.0021903119749127
23.0,47551.0,1.0011461817982135
23.0,40288.0,1.002662253867201
23.0,9661.0,1.0022914911771068
23.0,475.0,1.001633428258916
23.0,2150.0,1.0027865802729703
23.0,7904.0,1.0033123880335328
23.0,19447.0,1.00243832780845
23.0,7035.0,1.0025750013954606
23.0,5575.0,1.0013712351095718
23.0,4192.0,1.0017995153681654
23.0,4607.0,1.0035846597865787
23.0,2802.0,1.0038376410023888
23.0,19786.0,1.0022772362110817
23.0,26799.0,1.0027804111767789
23.0,27442.0,1.003671711509905
23.0,27574.0,1.0027804706769048
23.0,27717.0,1.001685955180645
23.0,27675.0,1.002718505650992
23.0,22234.0,1.0030654488382575
23.0,23142.0,1.0010427067919374
23.0,23848.0,1.0024824431109256
23.0,23913.0,1.0022798744042358
23.0,35779.0,1.0005542912175776
23.0,31862.0,1.0023814554546733
23.0,28844.0,1.0020456283484827
23.0,30337.0,1.0016589729821241
23.0,31084.0,1.0001679443747127
23.0,31848.0,1.0014204713343382
23.0,15314.0,1.00434025364401
23.0,15734.0,1.0010155905907954
23.0,15903.0,1.0008728263981663
23.0,15911.0,1.0028516208000129
23.0,15928.0,1.0040642590808597
23.0,16007.0,1.002398883116154
23.0,14097.0,1.002143017865195
23.0,14107.0,1.001378716511658
23.0,14280.0,1.0007535969265735
23.0,14325.0,1.0025800549769883
23.0,14367.0,1.000835606642923
23.0,14381.0,1.0010438941741813
23.0,35981.0,1.0028903713909052
23.0,19236.0,1.0009755942302143
23.0,19924.0,1.001556281754577
23.0,20255.0,1.0019829034338537
23.0,16270.0,1.003047205844607
23.0,17932.0,1.0019414175658439
23.0,18489.0,1.0027433905256304
23.0,18543.0,1.003251302462679
23.0,18916.0,1.0029996670873056
23.0,47786.0,1.0014809689685538
23.0,49702.0,1.0034141649857968
23.0,49771.0,1.0032726843656963
23.0,50040.0,1.0009959125435222
23.0,4448.0,1.000503353014527
23.0,47675.0,1.0028411771060903
23.0,39717.0,1.0033336834871032
23.0,39980.0,1.002436519242792
23.0,42489.0,1.0021008916003906
23.0,44884.0,1.0004509944574653
23.0,44800.0,1.0027385126188608
23.0,44592.0,1.0024074200227797
23.0,42920.0,1.0015789088170073
23.0,43087.0,1.0022324551250923
23.0,2694.0,1.0034462744459582
23.0,3465.0,1.0022484908504417
23.0,3542.0,1.0032716087840077
23.0,2402.0,1.0021469352597838
23.0,4787.0,1.0007870074628338
23.0,4978.0,1.0014200128939856
23.0,5238.0,1.0027321714186979
23.0,4582.0,1.0019180549768218
23.0,4566.0,1.003062325841069
23.0,4502.0,1.003511384186546
23.0,5343.0,1.0024464721651423
23.0,9504.0,1.0028961846283375
23.0,9981.0,1.0030016507229038
23.0,8471.0,1.002990102560731
23.0,8493.0,1.0016242174298495
23.0,8501.0,1.0022343298463856
23.0,8614.0,1.0023500257135756
23.0,8686.0,1.0
23.0,10038.0,1.0039548468154789
23.0,10915.0,1.0017909925141784
23.0,11054.0,1.002016805655783
23.0,12507.0,1.0020972336712344
23.0,13900.0,1.0008667757374612
23.0,13915.0,1.0030116800115874
23.0,10080.0,1.0020884483761034
23.0,10154.0,1.002913370692701
23.0,10211.0,1.0018871874760538
23.0,10435.0,1.001130652889409
23.0,8217.0,1.0021067223153204
23.0,6493.0,1.0003784567000436
23.0,6553.0,1.0016810724461012
23.0,6561.0,1.0021013309436155
23.0,6643.0,1.0018564127358585
23.0,6648.0,1.002435068005959
23.0,6723.0,1.0025072390248073
23.0,6745.0,1.0023775299310307
23.0,6769.0,1.0013280419644983
23.0,6847.0,1.0000569034990632
23.0,5711.0,1.0018228448177422
23.0,5912.0,1.0014742935126333
23.0,6024.0,1.0016509217594827
23.0,6208.0,1.0025001748969824
23.0,6275.0,1.0009939036261057
23.0,7857.0,1.0000843135522284
23.0,7044.0,1.0009681575514033
23.0,7092.0,1.0006479053908526
23.0,2693.0,1.0037129605956532
24.0,18.0,1.0109398995080965
24.0,1678.0,1.0117541565120822
24.0,956.0,1.0098522160852563
24.0,5373.0,1.0109537594083302
24.0,643.0,1.0119716161375247
34.0,4398.0,1.0028908936324625
34.0,475.0,1.0011972566480263
34.0,1255.0,1.001817904282713
34.0,32.0,1.0
34.0,950.0,1.0013932404900374
34.0,12.0,1.0007240423289212
34.0,210.0,1.0021339046672733
34.0,297.0,1.0010411648228659
34.0,514.0,1.0023498069280485
34.0,1540.0,1.0009620201913991
35.0,9830.0,1.0025622056590027
35.0,17313.0,1.001702697983712
35.0,18392.0,1.0004752642213735
15.0,361.0,1.0040289939440248
11.0,6377.0,1.0027300197811813
5.0,50205.0,1.0010335559852852
5.0,6664.0,1.001853312551333
5.0,44947.0,1.0032377832463617
5.0,40107.0,1.0
5.0,231.0,1.0006067162815218
5.0,2667.0,1.0
5.0,256.0,1.0024745155610526
5.0,1700.0,1.0010693943146576
5.0,1355.0,1.000836963785189
5.0,1276.0,1.0
5.0,6095.0,1.0013307662410407
5.0,278.0,1.0016169355860383
5.0,2922.0,1.0
5.0,434.0,1.00099985069283
5.0,218.0,1.0019975767951448
5.0,14110.0,1.0017649589477253
5.0,14988.0,1.0
5.0,15819.0,1.0015323523059325
5.0,19151.0,1.0014287253243377
10.0,3748.0,1.0025892833255547
10.0,262.0,1.0036695803120022
104.0,2761.0,1.0094721716365391
104.0,30796.0,1.007112040847849
104.0,3506.0,1.0094254895893526
104.0,18420.0,1.0083746368523707
104.0,2069.0,1.0095956820709928
104.0,2262.0,1.010134429979854
104.0,23060.0,1.0082576410191468
104.0,40348.0,1.0075512804289253
104.0,30862.0,1.0108731818800654
104.0,30907.0,1.0098708317887224
104.0,32028.0,1.01030524610421
104.0,33114.0,1.009443299966623
104.0,36421.0,1.0099528510509665
104.0,16213.0,1.0102742245332057
104.0,20698.0,1.0102254704801068
104.0,26574.0,1.0097836193679344
104.0,27364.0,1.0098033368969397
104.0,38657.0,1.009908562771776
104.0,39432.0,1.0100715208226905
104.0,10574.0,1.0093452099080782
104.0,41779.0,1.0102080764200523
123.0,487.0,1.001146091037404
123.0,535.0,1.002338886824362
123.0,243.0,1.002130075219543
141.0,227.0,1.002044429947423
143.0,1801.0,1.0021830286007307
143.0,2975.0,1.0033186095862907
143.0,32025.0,1.001701666608539
143.0,35263.0,1.0023134018163913
114.0,260.0,1.0011638530631637
106.0,41274.0,1.0004559847783898
110.0,100.0,1.0
113.0,1091.0,1.0032823945454683
96.0,10606.0,1.008392207762813
96.0,34322.0,1.0083040515692612
96.0,154.0,1.0086263862641243
96.0,9193.0,1.008366121361816
96.0,7450.0,1.00810759219011
96.0,36064.0,1.0076431525610965
96.0,956.0,1.0066989093890863
96.0,2587.0,1.0065605641028688
96.0,2417.0,1.0088671448366657
96.0,2540.0,1.0072801444515314
96.0,34756.0,1.0064033311152765
96.0,262.0,1.0087022575066429
96.0,25173.0,1.005588951089118
96.0,28536.0,1.008189144148918
96.0,39742.0,1.0083657662289562
96.0,2466.0,1.0074302058016604
96.0,138.0,1.006806377358142
96.0,8490.0,1.008667814015552
96.0,8807.0,1.0054286006088309
96.0,9149.0,1.009585761541071
96.0,8286.0,1.008557775398819
96.0,7315.0,1.0078730294075302
96.0,7413.0,1.0083175064235508
96.0,7489.0,1.0067993883573354
96.0,7272.0,1.0077847721513944
96.0,19177.0,1.0079035298605876
96.0,19312.0,1.0083162294738932
96.0,19395.0,1.0082722078507909
96.0,13772.0,1.006677984976831
96.0,18415.0,1.0088126370916264
96.0,1782.0,1.0073097778228182
96.0,1960.0,1.00729490117746
96.0,1994.0,1.0074512259024526
96.0,552.0,1.0075016560213659
96.0,6016.0,1.0067203099844881
96.0,6325.0,1.0076862792018866
96.0,2612.0,1.007279079148616
96.0,2629.0,1.0067618119327975
96.0,2649.0,1.0067942934062664
96.0,5283.0,1.0071164731485363
100.0,250.0,1.0020702331992397
100.0,269.0,1.0029026414604432
100.0,303.0,1.002117355904944
100.0,3345.0,1.0023376612797499
100.0,225.0,1.002642124068309
98.0,57.0,1.003934672241404
155.0,8067.0,1.0016789281516163
80.0,4886.0,1.0018878467095487
80.0,101.0,1.0013033765835728
80.0,5366.0,1.0023135288347274
80.0,2243.0,1.0
80.0,3612.0,1.0
82.0,41.0,1.0
82.0,453.0,1.0009372058206265
82.0,3635.0,1.000380374169296
82.0,2839.0,1.0017492493088893
82.0,1101.0,1.0003187669840483
82.0,1604.0,1.000340460098719
82.0,1746.0,1.0
82.0,2178.0,1.0006476740159933
82.0,6355.0,1.0
82.0,5323.0,1.0
83.0,74.0,1.000784401154608
83.0,377.0,1.0008072122335172
83.0,100.0,1.0
83.0,275.0,1.0011699715624676
83.0,23896.0,1.0
85.0,68.0,1.003699901031229
90.0,570.0,1.0026973690858396
79.0,15336.0,1.0019182369007484
79.0,15886.0,1.0025451270851893
79.0,162.0,1.0021048153430712
79.0,4630.0,1.0034192078058195
79.0,5021.0,1.0023521197493597
79.0,8929.0,1.0028233606746149
39.0,1238.0,1.001101885181369
39.0,1366.0,1.0015457043230462
39.0,6001.0,1.0018426799093318
43.0,2862.0,1.0018373779273457
45.0,369.0,1.0015912559402815
45.0,297.0,1.0029578934386476
45.0,4840.0,1.0029574877980345
45.0,7783.0,1.0044525869662269
45.0,7953.0,1.0051798177713
78.0,315.0,1.0011052966023817
64.0,22529.0,1.0002540327870715
64.0,1976.0,1.0009948383690912
64.0,156.0,1.0015282980434708
64.0,6888.0,1.001830433088728
48.0,59.0,1.002074672484835
49.0,976.0,1.0015144856774907
49.0,30094.0,1.0020730826265094
6656.0,18173.0,1.0069445279832778
6656.0,19974.0,1.0080435880479193
6656.0,10625.0,1.0078691426445419
6656.0,9377.0,1.0078422986605282
6656.0,8157.0,1.0070470288096443
6656.0,22002.0,1.006169225800879
6656.0,8699.0,1.0061590827638713
6656.0,9466.0,1.0053757570870194
6656.0,8377.0,1.0076821520372645
6656.0,11071.0,1.0061887854894058
6656.0,19281.0,1.0052229674433864
6656.0,23404.0,1.0075291224101504
6656.0,19027.0,1.0082207179807365
6656.0,18732.0,1.0096956833047424
6656.0,16369.0,1.0048731595531102
6656.0,16400.0,1.0064020532599662
6629.0,27223.0,1.0021959638328137
6629.0,9920.0,1.0
6629.0,15745.0,1.0018881960519124
6629.0,16829.0,1.002513896620207
6629.0,22395.0,1.0011196042667245
6629.0,17519.0,1.000689599228673
6629.0,21907.0,1.0000399626204601
6629.0,20115.0,1.000352469514485
6629.0,18338.0,1.0007506266276538
6629.0,2141.0,1.0003867285786554
6629.0,26730.0,1.0001032196749775
6629.0,30975.0,1.0004603336017437
6629.0,44348.0,1.0030796697421869
6629.0,17483.0,1.0013742635041158
6629.0,17966.0,1.0000867628019743
6652.0,10469.0,1.00219744661494
6444.0,20880.0,1.0032700110381052
6507.0,43193.0,1.0
6533.0,9029.0,1.000539649314585
6933.0,14232.0,1.0
6933.0,9099.0,1.000767246755827
6933.0,2168.0,1.0020946078440327
6933.0,10566.0,1.002491993471543
6956.0,20073.0,1.0042141234239794
7000.0,9184.0,1.0018197843388925
7040.0,4771.0,1.0
7052.0,6191.0,1.0023651368023117
6862.0,9019.0,1.008933333383253
6862.0,10768.0,1.0115997651310205
6876.0,2600.0,1.0034702396440274
6876.0,9019.0,1.0019250899365169
6876.0,9704.0,1.005392851488482
7188.0,10906.0,1.0015448276799614
7188.0,19577.0,1.0017153222841282
7188.0,15768.0,1.0034825865554409
7188.0,10462.0,1.00278200769165
7189.0,4456.0,1.001061147301212
7202.0,14028.0,1.0043593537002926
7202.0,14848.0,1.0055148126108573
7211.0,9543.0,1.002265953212913
7280.0,8731.0,1.0031345487867642
7280.0,23213.0,1.0044608739731014
7152.0,44245.0,1.0034010330618803
7164.0,10049.0,1.0022278531031399
6710.0,37081.0,1.0005268451249074
6710.0,20502.0,1.0012187091597653
6710.0,36162.0,1.0000685569316656
6710.0,47679.0,1.0
6673.0,9220.0,1.0006875605105543
6815.0,9971.0,1.0004953935091916
6844.0,47906.0,1.0018652254212765
6844.0,15416.0,1.0024782235863707
6794.0,8933.0,1.0018443382867568
6397.0,18566.0,1.0013075042433515
5337.0,18329.0,1.0018256286836476
5337.0,43742.0,1.0008779378428967
5337.0,38351.0,1.002295035618685
5337.0,2215.0,1.001710599427202
5337.0,13612.0,1.0027444432884862
5337.0,19126.0,1.0001400006406413
5337.0,34813.0,1.0024444967770605
5326.0,10410.0,1.0025574792871053
5186.0,28403.0,1.001482175505142
5186.0,8682.0,1.0010529296310573
5272.0,3420.0,1.0054981494601671
5278.0,25316.0,1.0032711431824959
5510.0,23814.0,1.004198418742892
5580.0,3371.0,1.0012651271563284
5617.0,7353.0,1.0036504783480882
5686.0,7486.0,1.0033744004565808
5696.0,8049.0,1.0008877009110642
5487.0,10680.0,1.001033525790644
5487.0,17547.0,1.0020808346357892
5487.0,37960.0,1.000673950751489
5388.0,7093.0,1.0032142850524044
5422.0,7882.0,1.0007823797414104
5462.0,7160.0,1.0012589682717938
5120.0,8615.0,1.0025667233069915
5121.0,6704.0,1.0015807453415997
5125.0,50642.0,1.0
5125.0,49979.0,1.0
5139.0,5268.0,1.0014343827364265
5142.0,12276.0,1.0021833702542067
5079.0,16175.0,1.0025382970096695
5079.0,26478.0,1.0015085135999595
5079.0,34972.0,1.001375893989594
5167.0,49932.0,1.0012109516337746
5167.0,35318.0,1.0030759593392304
5167.0,35904.0,1.002485546740705
5167.0,9884.0,1.0036300638922797
5167.0,27103.0,1.0021194352256517
5167.0,32252.0,1.003375124300715
6236.0,17775.0,1.002415190304735
6254.0,49708.0,1.0037542581735306
6254.0,18668.0,1.0032018332735082
6256.0,8650.0,1.0024056689855867
6263.0,16665.0,1.0000824157946122
6268.0,8057.0,1.0016530865580489
6272.0,2112.0,1.0015633246755755
6272.0,399.0,1.0021226364461997
6308.0,41647.0,1.0010030797383271
6308.0,22709.0,1.0006428905020643
6308.0,48351.0,1.0
6308.0,37922.0,1.0012439819225836
6308.0,38637.0,1.0015070179049887
6308.0,41004.0,1.0020162183956558
6321.0,6839.0,1.0019490361634709
6285.0,8146.0,1.0023080945458895
5844.0,36638.0,1.0004871349360671
5850.0,7680.0,1.003952062427716
5877.0,10204.0,1.0019666612816986
5885.0,7931.0,1.000047296564789
5898.0,7668.0,1.0030024441953385
5961.0,14772.0,1.002283728985712
5961.0,18381.0,1.0024945466234527
5973.0,8056.0,1.0022269311154224
5973.0,9759.0,1.0028041281190627
5827.0,23136.0,1.002055868530964
5811.0,7666.0,1.0028235200519762
5730.0,41636.0,1.0052363991530442
5775.0,7267.0,1.0016282716454692
5775.0,9502.0,1.001951803896626
5775.0,9554.0,1.003684663049723
5775.0,13801.0,1.0
6181.0,8516.0,1.0014385291446364
6185.0,5332.0,1.002784934926205
6190.0,8055.0,1.0011035123605967
6228.0,17481.0,1.0012336375523343
6042.0,7589.0,1.0034714011418198
5027.0,20700.0,1.0032721830941478
5027.0,23145.0,1.004486539653763
9094.0,51914.0,1.002235214722018
9113.0,12472.0,1.0017842506849992
10208.0,13581.0,1.0018870192242992
10232.0,548.0,1.0024521487991866
10240.0,13578.0,1.002989286701062
8980.0,8757.0,1.0038794919756733
8980.0,13814.0,1.0031625954529746
9039.0,37119.0,1.0029948193627065
9085.0,12469.0,1.0003650949786187
10622.0,14524.0,1.0028266578596767
10630.0,9938.0,1.002746360425409
10611.0,18727.0,1.0016138751004964
10516.0,11249.0,1.0026832347397443
10570.0,13907.0,1.0014215403566296
8755.0,12438.0,1.0000671569611967
8755.0,22815.0,1.000192038940502
8755.0,14263.0,1.0008552315981774
8755.0,28122.0,1.001150508255129
8755.0,15483.0,1.000970487188281
8755.0,14280.0,1.0
8755.0,7353.0,1.0019720253471127
8755.0,16228.0,1.0010706558746292
8755.0,14680.0,1.0
8755.0,32613.0,1.0009165993580185
8755.0,20211.0,1.0015878253939774
8755.0,23304.0,1.0011191909316224
8755.0,26841.0,1.0020349388863534
8755.0,13874.0,1.001496454244545
8755.0,14343.0,1.001951167846544
8755.0,14454.0,1.0
8755.0,11207.0,1.0008564165339957
8755.0,13785.0,1.0013686906309591
8755.0,13807.0,1.0025979392326962
8755.0,14026.0,1.0014970466168582
8755.0,17189.0,1.0009364810332833
8755.0,17392.0,1.0008806814263134
8755.0,18660.0,1.0012331611139995
8755.0,11075.0,1.0008105277985222
8858.0,11187.0,1.0027370417270467
8865.0,40096.0,1.0025428310123858
8865.0,46056.0,1.0028935960278338
8865.0,39295.0,1.0025266592677655
8865.0,18338.0,1.0019745015537067
8865.0,39830.0,1.0022510676711947
8883.0,49721.0,1.0041616126540776
8930.0,19994.0,1.0019401407573332
11387.0,19092.0,1.0015348683684875
11387.0,28376.0,1.0029320792296756
11400.0,11187.0,1.0022938908984693
11430.0,15086.0,1.0021518828036964
11430.0,16265.0,1.0021177397042835
11374.0,14881.0,1.0021978746882
11209.0,30469.0,1.0006085976085133
11209.0,641.0,1.0002700961382285
11209.0,22544.0,1.0
11209.0,38909.0,1.0000032571875308
11209.0,15167.0,1.0022233546380528
11209.0,16010.0,1.0
11209.0,18246.0,1.0006372193432547
11209.0,14639.0,1.0005612901299679
11209.0,6577.0,1.0
11313.0,14837.0,1.0018595209621417
11384.0,3737.0,1.002163203937027
11643.0,1059.0,1.001865768536065
11643.0,40967.0,1.0035407813685493
11643.0,31908.0,1.0011968512694764
11657.0,7341.0,1.0020237266849659
11515.0,1586.0,1.0006601182345105
11551.0,14983.0,1.0025896181861915
11577.0,15055.0,1.0023222963605558
11591.0,41240.0,1.001143814620715
11616.0,50551.0,1.0029728595048504
10784.0,9228.0,1.0026921871598242
10966.0,23750.0,1.0021201563607418
10996.0,9316.0,1.0
10996.0,17229.0,1.000125849043356
11077.0,14562.0,1.002195446296028
11084.0,907.0,1.0024271561025297
11089.0,14301.0,1.0057023258590172
11136.0,10540.0,1.0016549802727468
11147.0,14645.0,1.0024506811880316
11169.0,6686.0,1.0017342326115202
8163.0,10909.0,1.0009247589083439
8163.0,2282.0,1.0016839158708248
8163.0,10737.0,1.0012316067647782
8163.0,3465.0,1.0023010366177214
8188.0,17446.0,1.0003071253456086
8188.0,34220.0,1.000206915574872
8188.0,15235.0,1.0028130671457476
8188.0,14983.0,1.0013538002113083
8188.0,19212.0,1.0025327227459404
8188.0,23877.0,1.0
8081.0,22173.0,1.0036491447231888
8076.0,7531.0,1.0014216729934504
7922.0,8630.0,1.001932295150623
7927.0,8630.0,1.0010135456418465
7992.0,10274.0,1.0
7998.0,14958.0,1.0030731601874572
7998.0,15838.0,1.0008828919762944
7998.0,18012.0,1.002277468431107
8014.0,2.0,1.0008339942758846
8040.0,10302.0,1.0024665295510553
8256.0,48201.0,1.0048672132785983
8380.0,15034.0,1.0025782281380617
8380.0,7011.0,1.0004842556978075
8380.0,10692.0,1.0009258043417677
8211.0,10408.0,1.0002724981612026
8192.0,36965.0,1.0041124165778268
8192.0,36480.0,1.0024229542258016
7450.0,10159.0,1.0033473011976022
7450.0,6166.0,1.0012003209034503
7496.0,9849.0,1.0027078069984239
7505.0,4290.0,1.0033756425892064
7550.0,9832.0,1.0042290955344941
7569.0,9981.0,1.0050733729426748
7569.0,10425.0,1.0034324144378264
7569.0,12491.0,1.0038548030180199
7569.0,16416.0,1.0043179199095993
7395.0,9788.0,1.0021526698831196
7395.0,10003.0,1.003593548000152
7302.0,9585.0,1.0047970164445068
7329.0,9139.0,1.0046013460163414
7336.0,805.0,1.000202318934092
7336.0,8373.0,1.001332261388225
7336.0,9609.0,1.0006284278489586
7387.0,18950.0,1.0010364314572302
7387.0,9422.0,1.0023649023120713
7387.0,19211.0,1.0011351623044298
7772.0,9956.0,1.0045123581997388
7646.0,15351.0,1.0043063466884594
7654.0,402.0,1.002934452588691
7654.0,23479.0,1.0023015870164669
8436.0,50094.0,1.000676754345575
8436.0,11255.0,1.0012136907212628
8436.0,17655.0,1.002738683275877
8497.0,11024.0,1.0021420733738604
8385.0,7083.0,1.0004396700955565
8691.0,19830.0,1.0040398845905616
8691.0,13652.0,1.0026322874697713
8691.0,14247.0,1.0023223082400017
8691.0,13972.0,1.0011990177032704
8725.0,8420.0,1.0037103047348577
8532.0,17057.0,1.0051197204513143
8532.0,2215.0,1.0042867232112862
8532.0,15361.0,1.0041139755643511
8690.0,11034.0,1.0023961577995184
8690.0,14540.0,1.0012587273236615
5005.0,8771.0,1.0037171118920103
2703.0,1456.0,1.0103813435237607
2703.0,17811.0,1.0115816241965427
2703.0,36178.0,1.0107239966453745
2703.0,16742.0,1.0114129389495896
2703.0,16920.0,1.01072450875949
2703.0,6572.0,1.0110961383717547
2703.0,16414.0,1.0114600304925494
2703.0,17451.0,1.0124248495849624
2703.0,10301.0,1.0115639718986364
2703.0,22809.0,1.0099476409960222
2703.0,26627.0,1.0105603484716041
2703.0,41562.0,1.011077535119197
2703.0,38520.0,1.0120002126697174
2703.0,27329.0,1.0102997717910367
2703.0,4320.0,1.0121965732318525
2703.0,3616.0,1.011280636427892
2703.0,17723.0,1.0113573914268228
2703.0,4421.0,1.0110247279566504
2703.0,4796.0,1.0113597356416453
2703.0,23877.0,1.0094780843784428
2703.0,14984.0,1.0111486410544908
2703.0,18708.0,1.0112673009351032
2703.0,18824.0,1.0124899711645186
2703.0,18833.0,1.0112614253989096
2703.0,22015.0,1.010186727776865
2703.0,18280.0,1.0119652738345994
2703.0,17572.0,1.0109967485893088
2703.0,17610.0,1.0103094280239542
2703.0,18004.0,1.0119347244268604
2703.0,18199.0,1.01070053502484
2703.0,23731.0,1.011141266479899
2703.0,24005.0,1.0084102326060325
2703.0,24050.0,1.0101458737340736
2703.0,22862.0,1.0109577123084956
2703.0,23083.0,1.0097979391453995
2703.0,23108.0,1.011199896490045
2703.0,23216.0,1.010482866063642
2703.0,23326.0,1.0090588360562975
2703.0,23358.0,1.0116480984441951
2703.0,17501.0,1.0097694312794394
2703.0,17461.0,1.0105843578383573
2703.0,3201.0,1.010668663723539
2703.0,12513.0,1.011225760068473
2703.0,14626.0,1.0116241460110793
2703.0,15252.0,1.0132750459872921
2703.0,4434.0,1.011356654327402
2703.0,8306.0,1.0121470675605893
2703.0,35364.0,1.0112130346041972
2703.0,26724.0,1.011604718235059
2703.0,26968.0,1.0113527791039225
2703.0,17881.0,1.0107005139006753
2603.0,7188.0,1.0
2603.0,9609.0,1.0
2603.0,17054.0,1.0001595645812615
2603.0,9273.0,1.0
2603.0,10985.0,1.000268708014029
2637.0,5719.0,1.0029233830183273
2697.0,3821.0,1.002173411824526
2995.0,3433.0,1.0021036833192016
3068.0,5691.0,1.0011884865580254
3068.0,3550.0,1.002047218900548
2974.0,4221.0,1.0019981093833639
2857.0,3348.0,1.0007528195414577
2867.0,3371.0,1.0028834619561013
2893.0,3383.0,1.0012738442207745
2944.0,3433.0,1.0026786582174514
2954.0,3433.0,1.001155261513361
2958.0,3000.0,1.0007360728110086
3126.0,8146.0,1.0035858258634816
3126.0,10579.0,1.0012889378142962
3126.0,7765.0,1.0016749171497636
3126.0,8154.0,1.0018653260187826
3126.0,5337.0,1.0036369930024005
3126.0,10183.0,1.002485600479144
3126.0,3058.0,1.0025158433273842
3114.0,4845.0,1.0020819177026514
3114.0,4597.0,1.0017530812974809
3114.0,3070.0,1.0041605782268033
2722.0,3150.0,1.010945649323262
2722.0,1570.0,1.0114767428035938
2722.0,3235.0,1.0102480385738266
2722.0,4087.0,1.0113807576188967
2828.0,35536.0,1.001177138626366
2828.0,48450.0,1.0010467926877755
2828.0,27634.0,1.0035345633763393
2828.0,34403.0,1.0030134189973385
2033.0,19298.0,1.0
2033.0,27394.0,1.0024449689694603
2033.0,8771.0,1.0
2033.0,8467.0,1.0001674095606756
2033.0,9937.0,1.0005605748661035
2033.0,14299.0,1.0004601203342687
2033.0,23358.0,1.0003682465047776
2033.0,10224.0,1.0001233226943027
2033.0,23306.0,1.0003804504011768
2033.0,14504.0,1.0
2027.0,5264.0,1.0013566680256445
2027.0,4816.0,1.0000529728815222
2027.0,19665.0,1.0000674206521714
2067.0,1056.0,1.0024630498802483
2080.0,42662.0,1.0022113505684065
2087.0,3049.0,1.003738603538724
2111.0,2507.0,1.0040255433752707
2114.0,8560.0,1.0016926021261705
2011.0,2314.0,1.0004380766744563
1993.0,16414.0,1.001844937718831
1791.0,1507.0,1.0006984905418663
1792.0,598.0,1.0012838158280843
1792.0,3117.0,1.0
1762.0,2361.0,1.0
1781.0,4828.0,1.0008632853408344
1781.0,6134.0,1.0012484787357607
1898.0,2074.0,1.002403569077603
1941.0,1823.0,1.0015866074513506
1941.0,2456.0,1.0037299976217813
1808.0,2024.0,1.0038460980883457
1835.0,2561.0,1.0064509073586585
1835.0,15809.0,1.0058217801829348
2158.0,10696.0,1.0013534129491766
2158.0,3111.0,1.0021296981542198
2158.0,5421.0,1.0039252915547663
2158.0,9470.0,1.0028178790499305
2158.0,10132.0,1.00111122395057
2433.0,4709.0,1.003908336590529
2440.0,2929.0,1.00180101607333
2459.0,4381.0,1.0019666075482585
2459.0,4551.0,1.0020901364561663
2459.0,5199.0,1.0012305016574137
2459.0,2482.0,1.0003964207811493
2459.0,4484.0,1.0015561223919351
2417.0,16071.0,1.0018630880704589
2382.0,5210.0,1.0010017360664376
2382.0,4989.0,1.0
2383.0,8242.0,1.0026089127258688
2408.0,4245.0,1.0024088084225753
2411.0,39573.0,1.0023080570431697
2411.0,40107.0,1.0001438857169034
2465.0,1915.0,1.0014238900564096
2464.0,5431.0,1.0016653402489253
2209.0,5998.0,1.001815866565454
2224.0,6080.0,1.0015295462134763
2280.0,8067.0,1.0010867585113525
2280.0,3058.0,1.001667694663124
2280.0,2796.0,1.002034093742073
2280.0,2886.0,1.001769709607331
2280.0,3016.0,1.0018620530435054
2280.0,20654.0,1.0013856209515515
2280.0,25330.0,1.0
2280.0,10618.0,1.0007100315988442
2280.0,3603.0,1.001689756914846
2280.0,9984.0,1.0008873157007767
2192.0,9044.0,1.0
2177.0,3498.0,1.0020345763190888
2287.0,2799.0,1.0030687040527155
2356.0,2779.0,1.0025473849292017
3943.0,14123.0,1.0000949713301275
3943.0,10041.0,1.0012785530195591
3943.0,6574.0,1.0005202588880002
3943.0,42163.0,1.001703282534803
3943.0,7556.0,1.0010986189954563
3943.0,32400.0,1.0008394567918444
3943.0,2241.0,1.001996387639037
3943.0,3665.0,1.002688772725933
3943.0,7782.0,1.0
3943.0,8197.0,1.0
3943.0,8440.0,1.0
3943.0,6996.0,1.002128137281333
3943.0,6620.0,1.0018571704373924
3943.0,20159.0,1.0
3943.0,20703.0,1.0021891088944137
3943.0,10112.0,1.0006338500605194
3943.0,12327.0,1.0
3943.0,8107.0,1.0003613736483135
3943.0,6673.0,1.000895205328784
3943.0,4838.0,1.001617235479506
3943.0,5951.0,1.0017581568707705
3943.0,6434.0,1.0
4020.0,20180.0,1.0028701296736178
4020.0,6828.0,1.0029056941722418
4020.0,20753.0,1.004038524213648
4020.0,34542.0,1.0026043878809086
4020.0,3487.0,1.0011907811536265
4020.0,9214.0,1.0000165712743312
4020.0,9700.0,1.0023943552033623
4047.0,3429.0,1.0002888974877227
4060.0,8912.0,1.0025976481021248
4082.0,4847.0,1.000507971506485
3926.0,3389.0,1.0018289414432269
3926.0,5523.0,1.0005661855432433
3835.0,41361.0,1.001202138807268
3835.0,50771.0,1.0037073212363103
3835.0,15278.0,1.0015867705144614
3835.0,15386.0,1.001365828962744
3835.0,38520.0,1.0024745382008968
3835.0,805.0,1.0009239976245519
3835.0,27785.0,1.0029815030079852
3835.0,31751.0,1.003084860080875
3835.0,44387.0,1.0014757594973547
3838.0,4886.0,1.003664821377089
3840.0,4845.0,1.0035008359315125
4092.0,510.0,1.0040951076135345
4092.0,5722.0,1.004172151320489
4092.0,7247.0,1.001914821652917
4092.0,12450.0,1.0024692709684224
4092.0,13604.0,1.0021638828125303
4092.0,5756.0,1.0014606247597937
4092.0,4120.0,1.0036090026291329
4092.0,10919.0,1.0037796603847295
4092.0,23721.0,1.0037319496156656
4670.0,10664.0,1.0023419445769202
4795.0,18423.0,1.0001730756695701
4795.0,31325.0,1.0004352488197692
4795.0,5916.0,1.0012714428348959
4795.0,16093.0,1.0011038710299445
4795.0,17497.0,1.000754055127054
4795.0,18137.0,1.0003176798589026
4566.0,14886.0,1.0023707258798684
4566.0,15402.0,1.0011289600964572
4566.0,5871.0,1.0035067785067815
4573.0,5865.0,1.0003244445300294
4616.0,6029.0,1.0025677828260846
4859.0,6264.0,1.004205464757954
4873.0,6272.0,1.0008484882054165
4887.0,16672.0,1.002496092416047
4889.0,6297.0,1.004546246646241
4903.0,4765.0,1.0010621910828628
4910.0,8535.0,1.0048778730094143
4910.0,8442.0,1.0025174308014362
4930.0,6363.0,1.000792994649575
4855.0,8380.0,1.0002611782929056
4527.0,5465.0,1.002520497605315
4146.0,17209.0,1.0039176520506496
4146.0,22329.0,1.0046948833760287
4199.0,5426.0,1.0055902899512243
4226.0,5461.0,1.0009515124215647
4263.0,5499.0,1.00129742364919
4278.0,5861.0,1.0040516036580678
4278.0,5504.0,1.0046550353994896
4129.0,5413.0,1.003804337931162
4301.0,23889.0,1.0019505700803755
3451.0,37851.0,1.0011262440273725
3451.0,5920.0,1.001900595279671
3451.0,16401.0,1.0017179438311217
3451.0,8437.0,1.0017277588946267
3458.0,35888.0,1.000725929825931
3458.0,34482.0,1.001738661104397
3337.0,4263.0,1.0023359744680607
3343.0,13584.0,1.0
3398.0,52110.0,1.0037721546225304
3575.0,41685.0,1.0023508423887357
3575.0,42787.0,1.002388094793689
3606.0,3122.0,1.0017871698482885
3606.0,9267.0,1.0019136679369978
3480.0,8316.0,1.002608039692362
3499.0,4105.0,1.0028668409584682
3508.0,5300.0,1.0008967002376639
3178.0,44883.0,1.000266172364121
3178.0,49844.0,1.00226605773647
3178.0,40562.0,1.0022742652817556
3178.0,50647.0,1.0004557390785058
3178.0,41191.0,1.0016985909858365
3178.0,43096.0,1.0
3178.0,44331.0,1.0014027053552526
3178.0,44925.0,1.0002520671670672
3181.0,3637.0,1.0026306743656
3194.0,4265.0,1.002724259157558
3194.0,3235.0,1.0019770890070137
3194.0,3831.0,1.0021921317373101
3206.0,3777.0,1.0022093849814684
3211.0,6905.0,1.0011025130446454
3312.0,2560.0,1.0029523510508878
3312.0,1091.0,1.0035263211548062
3312.0,4037.0,1.0019485506856711
3252.0,1955.0,1.003274171725338
3288.0,3074.0,1.0012427685143066
3790.0,15791.0,1.001456295390725
3790.0,4501.0,1.0014193205913031
3790.0,22002.0,1.0
3790.0,9971.0,1.0019215882680474
3790.0,30094.0,1.0006512332252757
3790.0,8635.0,1.00043691408539
3790.0,7680.0,1.0026534485863348
3790.0,17572.0,1.0009849736289775
3790.0,9278.0,1.0025394469043798
3790.0,5226.0,1.0013297680502429
3790.0,10183.0,1.0016551944040626
3790.0,5622.0,1.0004281604034069
3790.0,14856.0,1.0017025997670832
3790.0,10587.0,1.0
3790.0,22579.0,1.0000943525312482
3790.0,26876.0,1.0015777114788813
3790.0,4753.0,1.0022585402241233
3790.0,5274.0,1.002697165711066
3790.0,7797.0,1.0000466206449723
3790.0,6353.0,1.0005774721075855
3668.0,20304.0,1.002299677194377
3789.0,4740.0,1.0115953869405905
3677.0,45431.0,1.0021890055849416
3704.0,7670.0,1.002584530436887
3727.0,4681.0,1.0024357050076627
3768.0,3360.0,1.002911444906988
3776.0,965.0,1.0
10939.0,1244.0,1.003811951776949
26157.0,27352.0,1.003651089074235
