4.0,96.0,1.002255314873796
4.0,2560.0,1.0042990103159228
25579.0,5003.0,1.020516389140206
25579.0,7652.0,1.0182384113299043
25579.0,8841.0,1.0197171869899726
25579.0,8904.0,1.019874101669473
25579.0,9158.0,1.0208183416949452
25579.0,4398.0,1.0217919013634185
25579.0,773.0,1.0227732883502507
25579.0,1367.0,1.0190276115568087
25579.0,2093.0,1.0208553627229053
25579.0,2274.0,1.0195775160251834
25579.0,2968.0,1.019599088282503
25579.0,3803.0,1.0190232075246857
25579.0,9964.0,1.0195645184517128
25579.0,12342.0,1.0187177723371268
25579.0,12373.0,1.020803581420201
25579.0,13822.0,1.0204526317183167
25579.0,14841.0,1.0224857166820351
25579.0,32076.0,1.0203618490264286
25579.0,32323.0,1.0190458367100206
25579.0,31567.0,1.0225609467905734
25579.0,31608.0,1.0199675836731807
25579.0,31708.0,1.0201585663190864
25579.0,31967.0,1.020535242918395
25579.0,32015.0,1.0192170649807473
25579.0,31485.0,1.019566823493665
25579.0,32694.0,1.0196589257880377
25579.0,34693.0,1.018985765668565
25579.0,34704.0,1.0207451621644914
25579.0,34743.0,1.0193727962884163
25579.0,34749.0,1.0201409267742705
25579.0,35190.0,1.0193200974242738
25579.0,35334.0,1.0184223289003327
25579.0,35365.0,1.0203854790201243
25579.0,35424.0,1.020808960363429
25579.0,34644.0,1.0179345463483358
25579.0,34322.0,1.020186973133473
25579.0,27530.0,1.0206981992791369
25579.0,27779.0,1.0211431121692656
25579.0,27794.0,1.0209846420358901
25579.0,27982.0,1.0207728092098889
25579.0,27082.0,1.0185351447618083
25579.0,22208.0,1.0204281881464126
25579.0,23395.0,1.0203831142551572
25579.0,23757.0,1.01969442558074
25579.0,23868.0,1.0218799844510447
25579.0,26712.0,1.020339641045002
25579.0,31402.0,1.0205842719771032
25579.0,30816.0,1.0201243946543754
25579.0,30873.0,1.019513717808534
25579.0,30929.0,1.019357380090124
25579.0,31026.0,1.0194624292233643
25579.0,31206.0,1.020299464771001
25579.0,30078.0,1.0208306490607404
25579.0,30031.0,1.0201602711114204
25579.0,28927.0,1.0216430316979919
25579.0,28350.0,1.019777869152423
25579.0,28382.0,1.0201000501042676
25579.0,28710.0,1.0194796079761674
25579.0,28858.0,1.0194800412712832
25579.0,35569.0,1.0199862393139538
25579.0,40820.0,1.0200816722534822
25579.0,35637.0,1.0213313579627847
25579.0,37524.0,1.020021956897526
25579.0,37709.0,1.0212495202316565
25579.0,36224.0,1.020590717257377
25579.0,36251.0,1.0179018760128904
25579.0,37276.0,1.0192012566692892
25579.0,38749.0,1.0192436018249291
25579.0,39512.0,1.020091887638436
25579.0,35624.0,1.0189000316382706
25579.0,37757.0,1.0227705338911617
25579.0,37811.0,1.0196709082506294
25579.0,37916.0,1.0188477507953528
25579.0,38460.0,1.0206370580439008
25579.0,38606.0,1.0194105357926182
25579.0,38283.0,1.0196645834498055
25579.0,37198.0,1.0189658578066605
25579.0,37286.0,1.020097187794557
25579.0,37440.0,1.0196011272006187
25579.0,37603.0,1.0214672246662275
25579.0,37666.0,1.0219318705226232
25579.0,39648.0,1.0186738277001175
25579.0,39770.0,1.019637419473616
25579.0,39420.0,1.017859633867523
25579.0,38775.0,1.0214564845809218
25579.0,38921.0,1.0184815857793306
25579.0,39025.0,1.0207446510451592
25579.0,39063.0,1.0193047303945584
25579.0,39075.0,1.0205439650695585
25579.0,39429.0,1.0204418179337116
25579.0,37179.0,1.0188727745301176
25579.0,36074.0,1.0206434215817033
25579.0,36170.0,1.0195575981734228
25579.0,35968.0,1.0205917381370009
25579.0,35711.0,1.0212394736068715
25579.0,35791.0,1.0212758485953812
25579.0,35800.0,1.021038391483411
25579.0,35848.0,1.0219176637859877
25579.0,35930.0,1.0198992075822289
25579.0,36282.0,1.020747994998229
25579.0,36837.0,1.019042779284208
25579.0,36957.0,1.020412124007066
25579.0,37068.0,1.019629640164291
25579.0,37108.0,1.0204143060720698
25579.0,37129.0,1.017821517143648
25579.0,36327.0,1.0203942224210218
25579.0,36355.0,1.018708364322498
25579.0,36453.0,1.0188289662358319
25579.0,36513.0,1.0200486122233332
25579.0,36548.0,1.0199379982414125
25579.0,36635.0,1.0203914672468766
25579.0,49875.0,1.0203951906027895
25579.0,50540.0,1.0211229387777356
25579.0,48063.0,1.0201271592864238
25579.0,45622.0,1.0197800099064729
25579.0,45834.0,1.0222101055022106
25579.0,45977.0,1.0199814874507458
25579.0,47202.0,1.0203785553300926
25579.0,47374.0,1.0187952887446876
25579.0,47805.0,1.0216145623039592
25579.0,45317.0,1.0191294754484264
25579.0,42192.0,1.0195967330251137
25579.0,42259.0,1.0192243245092303
25579.0,42352.0,1.020611924654363
25579.0,42363.0,1.0198871814997907
25579.0,42416.0,1.0202849106918734
25579.0,41832.0,1.0192235465611967
25579.0,41763.0,1.021223819031608
25579.0,40602.0,1.0189985791423004
25579.0,40725.0,1.0183146936970686
25579.0,40875.0,1.0216197470424446
25579.0,40881.0,1.0204476441689254
25579.0,40925.0,1.0208376384950137
25579.0,41014.0,1.0202889715480752
25579.0,41494.0,1.0213145273121673
25579.0,41736.0,1.019445161005658
25579.0,42440.0,1.0191353596944834
25579.0,43672.0,1.0205183401316156
25579.0,44154.0,1.0203887437752455
25579.0,44365.0,1.0184972686218599
25579.0,44901.0,1.0189597237881902
25579.0,45002.0,1.0207681083253883
25579.0,42997.0,1.018837549051857
25579.0,43036.0,1.0195753035475537
25579.0,43274.0,1.0210594975403524
25579.0,45363.0,1.01928086422709
25375.0,41968.0,1.0032352426945774
25394.0,26590.0,1.0030207962778814
25398.0,48525.0,1.0031858585189763
25415.0,4956.0,1.0018479675482677
25415.0,6923.0,1.0017580677178837
25415.0,36176.0,1.0004834700665803
25415.0,44255.0,1.0
25415.0,44319.0,1.0016756405283909
25415.0,45694.0,1.0014228435692292
25415.0,45929.0,1.0017041404527807
25415.0,43496.0,1.001129760764171
25415.0,37593.0,1.0005291400739347
25415.0,38250.0,1.0005175357820204
25415.0,39334.0,1.0013056194916123
25415.0,39437.0,1.0
25415.0,41842.0,1.0010406473439557
25120.0,27223.0,1.0
25153.0,26486.0,1.003108098932728
25206.0,40275.0,1.0018569487312163
25220.0,32418.0,1.0033851207916773
25281.0,26918.0,1.001740211489363
25359.0,28279.0,1.001109514771716
25425.0,16419.0,1.0019795943006828
22400.0,23681.0,1.0036569330428742
22400.0,23449.0,1.0031906839403029
22504.0,18951.0,1.002743710298661
22504.0,32951.0,1.0031730428656986
22504.0,32957.0,1.0024636101763942
22504.0,45589.0,1.0034007756510737
22385.0,43150.0,1.0
22385.0,32719.0,1.0014168981068392
22367.0,16234.0,1.0
22367.0,14090.0,1.0015453071402958
22367.0,50294.0,1.0018679661968088
22367.0,52191.0,1.0
22367.0,48395.0,1.0009939504655938
22367.0,36029.0,1.0
22367.0,36594.0,1.0008230589188907
22367.0,37266.0,1.0010860598595066
22367.0,38290.0,1.0
22367.0,38491.0,1.0006966066867338
22367.0,39802.0,1.000157165355333
22367.0,35783.0,1.0001788388328494
22367.0,35608.0,1.0001343137546324
22367.0,34236.0,1.0022793882695877
22367.0,34262.0,1.000578259083976
22367.0,34825.0,1.0
22367.0,34846.0,1.0000442635552105
22367.0,35153.0,1.0004035147141381
22367.0,35431.0,1.0
22367.0,35739.0,1.0
22367.0,46029.0,1.0011945638455697
22367.0,47186.0,1.0
22367.0,47821.0,1.0029230881420266
22367.0,47966.0,1.0
22367.0,44662.0,1.0000800939811354
22367.0,40494.0,1.0
22367.0,40665.0,1.0005880804305478
22367.0,40716.0,1.0007939702287607
22367.0,41000.0,1.0004713846048163
22367.0,41250.0,1.0019640896635835
22367.0,32357.0,1.0
22367.0,32298.0,1.0015647063167965
22367.0,4923.0,1.0012276687922481
22367.0,27758.0,1.0
22367.0,27918.0,1.0
22367.0,31319.0,1.0003038247444096
22367.0,31414.0,1.0006119114757075
22367.0,31949.0,1.0002926722931869
22367.0,26535.0,1.0013204017621835
22367.0,26366.0,1.0013993741111458
22367.0,7626.0,1.0
22367.0,16122.0,1.0
22367.0,20420.0,1.0019373706223702
22682.0,40820.0,1.001875591809915
22682.0,44051.0,1.0019357793200716
22733.0,23743.0,1.0010131124521284
22733.0,24099.0,1.0025229249960614
22784.0,12476.0,1.0043345798887717
22806.0,26460.0,1.0022381137201422
22522.0,36926.0,1.0027556327646294
22522.0,40535.0,1.004909080417793
22522.0,40900.0,1.0035411357123207
22545.0,26370.0,1.0039963652425545
22624.0,23619.0,1.0009330970244723
22879.0,44245.0,1.004717529046352
23274.0,25262.0,1.002058004564258
23293.0,8520.0,1.0002074322289347
23481.0,47350.0,1.0021261394367535
23506.0,44100.0,1.0038862647501983
23506.0,45993.0,1.0039862544317049
23506.0,51944.0,1.0050939991110142
23149.0,52155.0,1.0018369546119945
23149.0,45017.0,1.0025652576503816
23149.0,32459.0,1.0025676229530724
23149.0,44175.0,1.0011413515533376
23188.0,1333.0,1.0033990608898289
23188.0,44935.0,1.0028934461494527
23188.0,47933.0,1.0020800051574366
23203.0,36204.0,1.0
23254.0,20860.0,1.0048976211007143
24765.0,26416.0,1.0040734156498852
24937.0,25181.0,1.0027464453170563
24966.0,23943.0,1.001114681516819
24987.0,26671.0,1.0021872135873913
24991.0,26664.0,1.0021695167398468
23523.0,2080.0,1.0034153167761282
23554.0,39276.0,1.001481650874862
23580.0,9701.0,1.0027117186674823
24599.0,35152.0,1.0028058243772662
24645.0,43371.0,1.002738686212959
24698.0,3430.0,1.0045882957809062
23087.0,27572.0,1.0
23087.0,28505.0,1.0004030031490279
23087.0,30234.0,1.0
23087.0,34481.0,1.0012058258757743
23087.0,14232.0,1.0011577929166755
23087.0,15416.0,1.0
23087.0,44318.0,1.0019262690445037
23087.0,35472.0,1.00029272830909
23087.0,40561.0,1.0004742857135336
23087.0,41804.0,1.0008535679642172
23087.0,41989.0,1.0
22916.0,7013.0,1.0023632368852926
22922.0,23849.0,1.0005423064952663
22976.0,26494.0,1.0031581072953524
22976.0,27158.0,1.000816365680777
23035.0,31388.0,1.0042105242536814
23059.0,25167.0,1.0022650688280266
23067.0,23967.0,1.000367109130936
26143.0,74.0,1.001412304304527
26297.0,10490.0,1.001700705293127
26120.0,16763.0,1.0040987444399616
26088.0,31385.0,1.0022839125990717
26046.0,23175.0,1.0024125444311154
25619.0,27726.0,1.0001381870866906
25659.0,29994.0,1.0030217176594136
25723.0,27861.0,1.002660051364596
25847.0,20313.0,1.0044180861043832
25868.0,27392.0,1.0024082369587242
26476.0,27940.0,1.0016816909798785
26648.0,30929.0,1.0
26648.0,31231.0,1.0
26648.0,25326.0,1.0
26648.0,8376.0,1.0
26648.0,8886.0,1.0
26648.0,9907.0,1.0014059422924662
26648.0,11220.0,1.0
26648.0,8048.0,1.0010456281917568
26648.0,13945.0,1.0
26648.0,30972.0,1.0005359561404021
26648.0,31365.0,1.0
26648.0,30361.0,1.0
26648.0,30389.0,1.0
26648.0,30469.0,1.0001067532118264
26648.0,30501.0,1.002262886741533
26648.0,30507.0,1.0028738120878329
26648.0,30522.0,1.0008584735517592
26648.0,30796.0,1.0
26648.0,34463.0,1.0000310997410515
26648.0,34494.0,1.0
26648.0,34513.0,1.0000974064703272
26648.0,35168.0,1.0
26648.0,35178.0,1.0009494807763273
26648.0,35991.0,1.0016510222462227
26648.0,36017.0,1.0
26648.0,32706.0,1.0
26648.0,31896.0,1.0
26648.0,32209.0,1.0000342973140837
26648.0,32423.0,1.0
26648.0,32469.0,1.000713531376218
26648.0,19495.0,1.0010316940775608
26648.0,19804.0,1.0
26648.0,21937.0,1.0
26648.0,23560.0,1.001146199069348
26648.0,23799.0,1.0024168941038814
26648.0,18586.0,1.0
26648.0,14178.0,1.0006504347844314
26648.0,14556.0,1.0018910655305333
26648.0,18432.0,1.0
26648.0,28787.0,1.0000353980476107
26648.0,28865.0,1.0003989201114443
26648.0,28909.0,1.000454120702762
26648.0,29984.0,1.0
26648.0,30093.0,1.0008885105774499
26648.0,30133.0,1.0
26648.0,28749.0,1.0007622569351093
26648.0,27202.0,1.0
26648.0,27814.0,1.0002622959279928
26648.0,28179.0,1.0002183786187782
26648.0,28415.0,1.0003368237194825
26648.0,28601.0,1.0001461415514148
26648.0,37265.0,1.0000943471130517
26648.0,42905.0,1.0007720004652847
26536.0,38416.0,1.001828248318269
26587.0,37284.0,1.0027872302800094
25597.0,35889.0,1.0001175006847083
25597.0,38760.0,1.00064626201653
25597.0,39009.0,1.0
25597.0,39049.0,1.0007965112421857
25597.0,39456.0,1.0006426075337114
25597.0,39512.0,1.000797551753246
25597.0,37459.0,1.0010580148744765
25597.0,37557.0,1.0030260341020165
25597.0,37651.0,1.0
25597.0,37802.0,1.0011602851636592
25597.0,38015.0,1.0007674362436345
25597.0,46171.0,1.0015900527545685
25597.0,47722.0,1.0
25597.0,47752.0,1.00139426145757
25597.0,47839.0,1.0025832818628795
25597.0,48450.0,1.0
25597.0,45576.0,1.0
25597.0,45462.0,1.000896191684429
25597.0,40312.0,1.0003096996334422
25597.0,41270.0,1.0019758377176815
25597.0,41908.0,1.0015732854294008
25597.0,42946.0,1.0006758431123106
25597.0,37385.0,1.002491910001977
25597.0,37309.0,1.001148460387522
25597.0,36535.0,1.0009058234087098
25597.0,14190.0,1.000152323149773
25597.0,31328.0,1.001839828097108
25597.0,31972.0,1.0014837556798086
25597.0,32149.0,1.0036090911356255
25597.0,34361.0,1.000648853520516
25597.0,36288.0,1.0018796697771963
25597.0,36330.0,1.0004704953236987
25597.0,36746.0,1.0009196541407563
25597.0,36797.0,1.0014428004828315
25597.0,37221.0,1.001980811078932
25597.0,32805.0,1.0015722869140171
25597.0,34863.0,1.0007676630984241
25597.0,35336.0,1.0
25597.0,35680.0,1.0001277898928465
25597.0,37329.0,1.0010997841376728
16777.0,47243.0,1.0022442784432013
16778.0,1367.0,1.0
16852.0,22456.0,1.0024516562953476
16878.0,13910.0,1.0001582370864242
16889.0,7119.0,1.0001862868200404
16894.0,28897.0,1.0017810951926305
16952.0,18943.0,1.0018890559627287
16959.0,47449.0,1.0034080477841432
16965.0,6788.0,1.0004560848702757
16965.0,18950.0,1.0018078636207215
16419.0,20473.0,1.0007477375112048
16577.0,10461.0,1.002901774583867
16672.0,14886.0,1.0035413761405962
16700.0,19915.0,1.0033519039552876
16700.0,22489.0,1.003796277702321
16711.0,18628.0,1.0039035141440653
17218.0,19223.0,1.0013699926331028
17355.0,22068.0,1.0040194836633212
17358.0,7087.0,1.0033962126346276
17358.0,19477.0,1.0037393682651545
16968.0,13554.0,1.0
16968.0,17608.0,1.0009432788446113
17044.0,18635.0,1.000522004251613
17062.0,19042.0,1.0
17062.0,19044.0,1.0002748040897893
17070.0,9089.0,1.002977405396995
15636.0,15538.0,1.0044629045526612
15649.0,8739.0,1.0028624605606455
15936.0,16920.0,1.002256861092985
15949.0,18173.0,1.001735879943927
15288.0,45893.0,1.00098038127127
15288.0,44879.0,1.0018076648804655
15288.0,34888.0,1.0022697659569093
15288.0,41755.0,1.002364806294969
15288.0,42400.0,1.0020005208355105
15288.0,4762.0,1.0013363608679793
15288.0,17530.0,1.0035204117178769
15288.0,18573.0,1.0010528064154363
15288.0,19625.0,1.0024456493097562
15288.0,19784.0,1.0024423931397555
15288.0,23504.0,1.0024416250279669
15288.0,44876.0,1.0016637126545103
15483.0,8420.0,1.0027259980138925
15574.0,17695.0,1.0038683039345613
15961.0,35213.0,1.0023154821726312
15977.0,28672.0,1.0037388146591963
15977.0,52027.0,1.0050882274475224
16282.0,20006.0,1.0
16201.0,38383.0,1.0040804788793587
16194.0,14683.0,1.0024931496236764
16003.0,5268.0,1.0022562582658976
16003.0,19813.0,1.0035619310479444
17394.0,19298.0,1.0008707810563948
17494.0,19362.0,1.002775865283545
18322.0,5986.0,1.0028561213896698
18331.0,9663.0,1.0039584302050248
18335.0,18420.0,1.0011741296397847
18335.0,22170.0,1.0045535957209373
18335.0,34272.0,1.0039195298887928
18008.0,25280.0,1.0015871602239794
18008.0,46071.0,1.001100295078557
18008.0,19943.0,1.001871499015131
18012.0,26947.0,1.0
18381.0,45514.0,1.0040038762544807
18404.0,15282.0,1.002772038674597
18414.0,20001.0,1.0019932204263777
18450.0,20092.0,1.0035457192726362
18519.0,6114.0,1.0019721836010698
17572.0,28230.0,1.0037275350459876
17572.0,415.0,1.0006609635913413
17572.0,16490.0,1.0029061745610832
17575.0,40278.0,1.0010353484393073
17590.0,19353.0,1.0031261600544668
17748.0,19974.0,1.0015289357196666
17811.0,44214.0,1.001539084850533
17526.0,39327.0,1.0051383517622163
17546.0,20003.0,1.0028449290927934
17834.0,40207.0,1.0031936885454096
17834.0,43009.0,1.0008335143616613
17948.0,20835.0,1.0041059272418513
17960.0,19776.0,1.0007684984361198
17986.0,47525.0,1.0022916061386744
17914.0,41380.0,1.003540582922018
13949.0,16313.0,1.0013806142250912
13967.0,16864.0,1.0017603167155327
13967.0,27390.0,1.0024584901185534
13521.0,16198.0,1.002067351880985
13630.0,4972.0,1.0027739334054493
13995.0,34205.0,1.004326986724095
14160.0,16313.0,1.0031441316083913
14205.0,15004.0,1.0004712454457088
14436.0,16825.0,1.0006318732123158
14071.0,1959.0,1.0027216484282595
14002.0,8095.0,1.0016088051740641
14002.0,22241.0,1.00137195089617
14002.0,22770.0,1.0014764001211585
14008.0,16277.0,1.0004441971455758
14018.0,16479.0,1.0022902273882495
14064.0,10864.0,1.0026407288603045
14114.0,6798.0,1.0037571906256326
11957.0,25249.0,1.0024896608422662
11957.0,15238.0,1.001378956705321
11993.0,8080.0,1.0013164468078146
12033.0,15460.0,1.0019263006627166
12034.0,16096.0,1.002873374698418
13133.0,1990.0,1.0036155917338667
11905.0,13652.0,1.002889118220978
11777.0,1770.0,1.0023744881467682
11795.0,14707.0,1.0045496319440774
11798.0,1367.0,1.0017793055960529
11849.0,13798.0,1.0005603905600575
11870.0,15445.0,1.0019847301343496
13187.0,23513.0,1.0026971776933753
13418.0,18168.0,1.0024510787784937
13464.0,23964.0,1.0035656839873768
13464.0,26764.0,1.0029474948169623
13190.0,4409.0,1.0017565646795341
13333.0,15278.0,1.0015218355773925
13388.0,10674.0,1.0014374550398382
15099.0,17422.0,1.003792360990709
15118.0,8531.0,1.0026012799180912
15184.0,7477.0,1.002382591138307
15184.0,50080.0,1.0010360567236143
15249.0,14745.0,1.0020194768559274
15272.0,17584.0,1.0014709057098252
15040.0,16414.0,1.0023945148464874
14819.0,23757.0,1.0033419276699795
14911.0,2839.0,1.0013161101121753
14912.0,8263.0,1.001904713032245
14912.0,6180.0,1.0001550633869603
14765.0,18001.0,1.0026100566282763
14582.0,28446.0,1.0022834477172586
14582.0,7209.0,1.0008050576034646
14582.0,23964.0,1.0028443046042987
14582.0,28907.0,1.003048724387432
14582.0,31055.0,1.0023972690933585
14582.0,32720.0,1.0035415920151842
14582.0,34598.0,1.004074210612521
14582.0,27965.0,1.0017792072536906
14582.0,27801.0,1.0019077479548881
14582.0,25123.0,1.0037548722602558
14467.0,7287.0,1.0014784995968025
14508.0,13720.0,1.0014569587393443
14740.0,17921.0,1.0006011770488348
14740.0,19845.0,1.0
14749.0,17156.0,1.0013544131027108
14736.0,13976.0,1.0023673645400886
14622.0,36099.0,1.0022191566749667
14651.0,19679.0,1.0039381828794738
14696.0,42318.0,1.0023930801218872
18544.0,21969.0,1.0004121195937703
18604.0,22073.0,1.0011768977773796
18604.0,39193.0,1.0012759591154108
18604.0,26964.0,1.0018449985407274
18604.0,3435.0,1.0
18604.0,22452.0,1.000357978120353
18604.0,22258.0,1.0035842101741381
18604.0,9193.0,1.0030838267194437
18604.0,21905.0,1.0022192676526065
18604.0,22086.0,1.0018384890892535
18604.0,22224.0,1.0023206168273955
21289.0,40697.0,1.0039916593086415
21289.0,47977.0,1.0026610166488796
21289.0,50302.0,1.0013159674402865
21289.0,50324.0,1.0014777306282314
21289.0,50460.0,1.0018837284909916
21289.0,50724.0,1.0042583442309223
21289.0,49877.0,1.0011803366993024
21289.0,24055.0,1.0009934781210343
21289.0,49805.0,1.0025440886809802
21224.0,19668.0,1.000824262140613
21262.0,22463.0,1.0029543797286518
21297.0,48450.0,1.0023160431349367
21297.0,3348.0,1.00454354593106
21297.0,19771.0,1.0036745757690029
21297.0,28424.0,1.0028272484715133
21297.0,48333.0,1.0040657128850634
21433.0,30753.0,1.0024633468628532
21433.0,30264.0,1.0019867047742266
21433.0,30231.0,1.0026546181365668
21433.0,26913.0,1.0021810631084782
21441.0,22412.0,1.0021677064615615
21463.0,22632.0,1.0031263593831798
21494.0,22684.0,1.0036882314164066
21533.0,30983.0,1.003328749569469
21331.0,22663.0,1.0046657881948704
20749.0,26782.0,1.0020429924207885
20749.0,28314.0,1.0023071729380468
20749.0,30659.0,1.0001686941581895
20749.0,31041.0,1.0012799252176643
20749.0,31156.0,1.0022379534013723
20749.0,27612.0,1.0020637811238378
20749.0,27822.0,1.0026107126257646
20749.0,27882.0,1.0018598441306594
20749.0,27934.0,1.0022260635474536
20749.0,28135.0,1.0027377463152998
20749.0,29951.0,1.0016629007917142
20749.0,27536.0,1.0
20749.0,6738.0,1.0004972306243118
20749.0,8135.0,1.0010025103064595
20749.0,27040.0,1.002095757671562
20749.0,27123.0,1.0007247450126722
20749.0,27291.0,1.000550538823109
20749.0,27033.0,1.0016172399184358
20749.0,22345.0,1.00005744873714
20749.0,27019.0,1.001874391580072
20749.0,22525.0,1.0010136728462449
20749.0,22555.0,1.0020379890135132
20749.0,22630.0,1.0005723129555801
20749.0,22735.0,1.0006383299762398
20749.0,22958.0,1.0007302857792355
20776.0,20389.0,1.001150455345682
20816.0,5057.0,1.0
20874.0,22489.0,1.0028501262821101
21537.0,22732.0,1.002203719937935
21074.0,22020.0,1.001257631053912
21118.0,22606.0,1.0020063646966701
21135.0,22347.0,1.003691861661602
21196.0,2153.0,1.0026181464717236
21196.0,26450.0,1.0012576193378397
21208.0,17409.0,1.0037156206583169
21027.0,22607.0,1.0000448378211677
20901.0,22091.0,1.0013132522840023
20991.0,22890.0,1.0027826528838473
20991.0,23072.0,1.0034245822906316
21016.0,22411.0,1.0021251854138964
21016.0,22464.0,1.002075999140809
21542.0,26918.0,1.0022175745553268
21543.0,25222.0,1.002317263545999
22247.0,8367.0,1.0011134723132842
22247.0,49811.0,1.0023777853723588
22247.0,44313.0,1.0014955934778285
22247.0,44354.0,1.0012882677167636
22288.0,5480.0,1.0009751902616557
22324.0,50544.0,1.0017712973185426
22324.0,52234.0,1.0042217629963681
22364.0,22476.0,1.0027572581184547
22224.0,15573.0,1.0017487140333388
21826.0,37520.0,1.0018852531091416
21862.0,22785.0,1.0
21903.0,28667.0,1.0038283716090834
21907.0,38434.0,1.0011758930408694
21916.0,23004.0,1.005011487715746
21930.0,47251.0,1.0033181231078552
21768.0,23078.0,1.0024479988434258
21570.0,22730.0,1.0032363226490615
21614.0,40098.0,1.0
21714.0,26372.0,1.0028155116807516
21963.0,36950.0,1.003587684257325
21963.0,49844.0,1.0007273006573039
21963.0,32555.0,1.0007076867151699
21963.0,39300.0,1.002620268844605
21963.0,35729.0,1.0024399170748381
21963.0,36456.0,1.0019431794969327
21963.0,36883.0,1.0013326253829498
21963.0,38107.0,1.003945949503935
21976.0,31481.0,1.0040474409367095
22010.0,23095.0,1.002744957349012
22031.0,23111.0,1.0053838693335782
22157.0,3257.0,1.0033407015970581
22157.0,4217.0,1.0027441292781005
22188.0,32474.0,1.001409940867196
19250.0,1304.0,1.0022038003767504
19250.0,16765.0,1.000339777301757
19250.0,7942.0,1.0007743690117044
19250.0,8742.0,1.0020664407845732
19250.0,13535.0,1.0018747122733558
19250.0,14654.0,1.0008228710158933
19250.0,16743.0,1.0
19250.0,17400.0,1.0009085514925575
19250.0,2970.0,1.0007618577670505
19250.0,22384.0,1.0019242032278914
19250.0,20523.0,1.002146121091447
19250.0,20767.0,1.001968497204417
19250.0,22017.0,1.0027798337294833
19250.0,22029.0,1.0
19114.0,23408.0,1.0060497618876938
19169.0,20459.0,1.0035541362640397
19183.0,31989.0,1.0046552644081728
19183.0,23354.0,1.0030212080830228
19338.0,20649.0,1.0032712062332436
19346.0,33135.0,1.0
19346.0,5109.0,1.0013891544247089
19346.0,20831.0,1.0019840380991318
19346.0,27769.0,1.0025370011732924
19346.0,32174.0,1.0
19346.0,52063.0,1.0012937234859907
19085.0,20459.0,1.0018398591243762
19086.0,36704.0,1.0018175796867321
18646.0,52023.0,1.0009029241222633
18646.0,44652.0,1.0032634985389106
18880.0,20304.0,1.0024108141127845
18882.0,1319.0,1.0024176469328039
19054.0,20645.0,1.0011611092875923
18784.0,20276.0,1.003781045574355
18755.0,22395.0,1.0006328650206606
18704.0,20124.0,1.0019659919400055
18704.0,14028.0,1.0027875764056366
18708.0,20216.0,1.0019821097282269
20701.0,37557.0,1.004237838015119
20701.0,35451.0,1.002770527606311
20701.0,37381.0,1.0024910408625871
20701.0,40117.0,1.0024311698301118
20701.0,43736.0,1.0001138499473763
20701.0,14147.0,1.0013329518091127
19631.0,45130.0,1.0028099191649573
20688.0,39998.0,1.001504406775298
20688.0,40585.0,1.0034453487891053
20695.0,27723.0,1.0011165635874075
20695.0,35028.0,1.0029013286227364
20695.0,38031.0,1.0016104841285431
19407.0,20767.0,1.0022566223858738
19407.0,22394.0,1.0
19407.0,26656.0,1.0047095472766738
19441.0,19762.0,1.003214027314997
19393.0,14556.0,1.0036672541248375
19504.0,20716.0,1.0015482465113565
19552.0,19744.0,1.0020765878494982
19552.0,9268.0,1.0021119873025381
19552.0,22145.0,1.0014895632171434
19552.0,20885.0,1.0007328165967055
19552.0,22034.0,1.0
19552.0,22303.0,1.0004341219030781
19552.0,22557.0,1.0
19552.0,20588.0,1.00103530318076
19552.0,19169.0,1.0
19552.0,20632.0,1.002073468173968
19548.0,16784.0,1.0003310754957235
11771.0,16022.0,1.0026168972099787
41728.0,47917.0,1.0006684341739427
41728.0,41773.0,1.0013208448277933
41728.0,19044.0,1.0008598999648537
41728.0,45380.0,1.0001851800258024
41728.0,51916.0,1.0001409742974465
41728.0,40677.0,1.0
41728.0,45463.0,1.0003109221717053
41728.0,45808.0,1.000852647636253
41728.0,46097.0,1.001602163771094
41728.0,46098.0,1.0010354097850296
41728.0,47184.0,1.0010132573052002
41728.0,47282.0,1.0019550944906679
41728.0,47453.0,1.0
41728.0,44039.0,1.0025424554321254
41728.0,44267.0,1.001429793384773
41728.0,47716.0,1.001549375241875
41728.0,48530.0,1.0
41728.0,48586.0,1.0013576430615765
41728.0,50025.0,1.0018132019734374
41728.0,50044.0,1.0
41728.0,50047.0,1.0017340684035807
41728.0,35082.0,1.0008583493116068
41728.0,35132.0,1.0
41728.0,40346.0,1.001494838129946
41728.0,13551.0,1.0
41728.0,17718.0,1.002936944442647
41728.0,40444.0,1.0006207963881264
41728.0,42255.0,1.0021232269267668
41728.0,42705.0,1.0026567383439886
41728.0,43018.0,1.0
41728.0,40629.0,1.0003023013333336
41728.0,41372.0,1.0014687598639107
41728.0,45479.0,1.0007231571886261
41812.0,39398.0,1.0015478077934015
41815.0,5611.0,1.0034048721629014
41815.0,14581.0,1.0047424305560202
41815.0,47505.0,1.0022522568663348
41455.0,45298.0,1.0031836083207453
41486.0,19836.0,1.001238304426685
41577.0,47854.0,1.0014937064841893
41577.0,44230.0,1.0020164912958907
41587.0,39235.0,1.0029124519198667
43527.0,45264.0,1.0127579610170252
43563.0,41562.0,1.0031002528923958
43563.0,47560.0,1.0036872375708517
43603.0,47305.0,1.0023357189362565
43603.0,42268.0,1.0023842064149704
43603.0,40881.0,1.0024580477023897
43603.0,43779.0,1.0034846156905404
43603.0,40898.0,1.001499552639543
43603.0,40983.0,1.0018400180042615
43603.0,41066.0,1.000576528381561
43603.0,41214.0,1.001685473763934
43603.0,41401.0,1.0029133323477064
43603.0,41422.0,1.0006400672124287
43603.0,44977.0,1.004101776350148
43512.0,40431.0,1.0039322277560059
43509.0,3486.0,1.002590293153632
43242.0,35190.0,1.0005238073867726
43242.0,38629.0,1.0016365045574895
43268.0,42600.0,1.001821069899392
43293.0,40270.0,1.0031270167304194
43852.0,42132.0,1.0035308425868847
43898.0,20347.0,1.0020696137123943
41916.0,49969.0,1.0001098060981515
41916.0,50591.0,1.00242396393586
41916.0,15609.0,1.002223506505738
41916.0,40107.0,1.0
41965.0,39437.0,1.0007421267052183
41985.0,39495.0,1.0043476526490438
42326.0,39630.0,1.0037589872269703
42348.0,765.0,1.00220537838953
42448.0,39752.0,1.001697983399168
41882.0,52234.0,1.0025179812996705
43058.0,40096.0,1.0008073057363667
43133.0,38529.0,1.0017811349715897
43182.0,35883.0,1.0
42661.0,27662.0,1.0032366165456075
42706.0,42515.0,1.0024750765532444
42780.0,39016.0,1.0025216213872705
39204.0,37566.0,1.0011652603588181
39225.0,37613.0,1.0032749620200627
39309.0,40397.0,1.0028663549747492
39185.0,30147.0,1.0
39375.0,39138.0,1.0024946892645268
39402.0,36038.0,1.000431341806265
39100.0,43057.0,1.0
38979.0,41870.0,1.0025376735247375
38979.0,26988.0,1.000700723761331
39009.0,46016.0,1.0013276004349732
39408.0,38088.0,1.0026258600199054
39592.0,52229.0,1.0023152764696703
39663.0,39149.0,1.003169896391126
38970.0,37388.0,1.001634436119087
39459.0,42515.0,1.0024508735064492
39459.0,42169.0,1.0024458912196252
39479.0,37796.0,1.0036327492242678
38429.0,34370.0,1.0017126652533836
38429.0,40672.0,1.0007478984538953
38429.0,39288.0,1.002994091879843
38429.0,39822.0,1.003716880309345
38429.0,40947.0,1.0007997030659461
38429.0,38871.0,1.0007937176812483
38429.0,40970.0,1.0013972149348194
38429.0,25207.0,1.0
38429.0,38008.0,1.0039702387599332
38429.0,38196.0,1.0023012304472745
38429.0,38425.0,1.0010245163685743
38429.0,38501.0,1.0024270757810627
38429.0,38670.0,1.0010136878257234
38429.0,41512.0,1.0007862955443196
38429.0,42354.0,1.0021453886651062
38429.0,43587.0,1.0019138202424993
38429.0,43688.0,1.0032139392070434
38403.0,50364.0,1.0022701943526473
39683.0,43198.0,1.0018753388756982
38771.0,35977.0,1.0017333062381455
38786.0,37269.0,1.0024757385959655
38511.0,19022.0,1.0020491655630528
40542.0,38520.0,1.0039262056473917
40775.0,38645.0,1.0000927618105122
40806.0,38951.0,1.0025001562664446
40287.0,3246.0,1.0014413196864682
40121.0,38191.0,1.001502289897366
40122.0,47821.0,1.0044778646567234
40122.0,47176.0,1.001982668009308
40122.0,45631.0,1.001702777155071
40235.0,32926.0,1.001908704292664
40846.0,39053.0,1.0007897412105187
40846.0,4146.0,1.001483459552535
40846.0,41524.0,1.0016079435169591
41053.0,41434.0,1.0015173673122204
41194.0,14255.0,1.0029541428621322
40963.0,38423.0,1.0028414402998953
40963.0,13896.0,1.0053170177784023
40916.0,42653.0,1.0023630003360962
40916.0,48031.0,1.0023041004241795
40916.0,44941.0,1.0019326468757037
39975.0,38088.0,1.0020704460795316
39774.0,42495.0,1.0002637550199984
39774.0,47395.0,1.001966223370048
39774.0,47405.0,1.0029410179276332
39774.0,37989.0,1.0020949210109136
39774.0,38080.0,1.0022970181651136
39774.0,41285.0,1.0011436388926709
39774.0,48399.0,1.001933663228999
39774.0,47487.0,1.0006257077298415
39774.0,47640.0,1.0010933648890195
39774.0,48245.0,1.0019278464530466
39844.0,39028.0,1.002436377234278
39853.0,38716.0,1.0014400602799298
39853.0,47605.0,1.0004074062317807
52399.0,48378.0,1.0016894775591652
52399.0,45838.0,1.000858222892632
52410.0,45249.0,1.0024814617748523
52413.0,50364.0,1.001191158316372
52482.0,45329.0,1.0010330224517314
52503.0,45353.0,1.004516281241481
52183.0,47927.0,1.0089907442523807
52183.0,45603.0,1.0123093764900857
53272.0,52134.0,1.0004572471049955
53415.0,28010.0,1.0043350598209098
52703.0,45668.0,1.0004442553541497
53054.0,50728.0,1.0058975931104244
53054.0,51852.0,1.0032740992488418
53054.0,51864.0,1.0049570004140231
52086.0,47505.0,1.0025615072363054
50189.0,1851.0,1.0030269028203005
50277.0,44684.0,1.0016074120379241
50315.0,44245.0,1.0026328777344968
50315.0,44551.0,1.0012634927104411
50566.0,39189.0,1.0024851507399324
48453.0,40084.0,1.0020139224724114
48566.0,43742.0,1.0030657653117832
48703.0,43805.0,1.003606280682789
48813.0,22970.0,1.0020071466947829
49874.0,45993.0,1.0010514698614643
50602.0,45426.0,1.0010393472168098
50794.0,43910.0,1.0000186460934715
50830.0,231.0,1.001899802633015
50875.0,9144.0,1.0022209471697536
50615.0,44525.0,1.003049664741344
50680.0,14134.0,1.0018570848309682
50765.0,44687.0,1.0
58219.0,45878.0,1.0057681196959065
58664.0,51998.0,1.0007289153307775
58675.0,15253.0,1.002001110343888
58675.0,50551.0,1.0016638218234708
58675.0,35185.0,1.0024088583638684
58675.0,50500.0,1.0021177835809998
57213.0,48517.0,1.001272627267844
57213.0,28770.0,1.0009087643686227
57250.0,48530.0,1.0002634879340195
57538.0,50385.0,1.0
57647.0,49782.0,1.0015717693500634
59737.0,52232.0,1.0006513863807298
59921.0,51973.0,1.0030853460437978
60062.0,4996.0,1.0028941769499347
60082.0,35204.0,1.0027617719306385
60322.0,52177.0,1.0036211107645316
59625.0,3571.0,1.0022004668284172
59559.0,45808.0,1.0019906097433064
58856.0,12494.0,1.0018977739273591
59026.0,42638.0,1.0022076730379985
59131.0,42641.0,1.0026630178434486
59550.0,52058.0,1.001811146127248
57202.0,51934.0,1.0040853747183827
57202.0,52036.0,1.0027768565676505
57202.0,51910.0,1.0043224111451219
57202.0,49823.0,1.003568352815858
57202.0,50070.0,1.0043354170123
55457.0,48409.0,1.003124481487948
55495.0,47475.0,1.0039769202406592
55499.0,46056.0,1.0021554278441658
55499.0,46129.0,1.001329775091078
55598.0,48409.0,1.0047807330107066
55806.0,47453.0,1.0
55839.0,47627.0,1.0027734006340703
55215.0,47294.0,1.0018502388638244
53506.0,38915.0,1.00182245223369
53771.0,10625.0,1.0057336574138644
53859.0,46083.0,1.0029478686333428
56765.0,48204.0,1.0016021442300933
56809.0,44719.0,1.0018195188286647
56885.0,10875.0,1.0
56936.0,40347.0,1.0022665565245803
57017.0,48397.0,1.0005703855590389
57055.0,50445.0,1.0022196639931802
56104.0,47809.0,1.0053969460206917
56156.0,50713.0,1.0007371617467433
56297.0,47933.0,1.0018723447101843
45957.0,41945.0,1.0030342390038252
46077.0,15951.0,1.0008081516024476
46077.0,7334.0,1.0015027892792807
46077.0,42414.0,1.0008598255684789
46077.0,43399.0,1.0
45501.0,47873.0,1.0010854800404851
45661.0,43482.0,1.0042794186653525
45719.0,44142.0,1.0005672876811946
46142.0,42050.0,1.0028831575359178
46152.0,42063.0,1.0027647440371068
46182.0,42268.0,1.0012222652029874
46182.0,45833.0,1.0002594036593624
46223.0,43917.0,1.0027333704257197
46288.0,50373.0,1.0033140237761486
46124.0,43878.0,1.0033894587764194
46093.0,45717.0,1.003498535173688
46093.0,48509.0,1.0032393878558665
44268.0,40950.0,1.0014138098709457
44268.0,42733.0,1.0025802941647508
44268.0,36901.0,1.0017824705036444
44274.0,40943.0,1.0025967153945559
44609.0,41040.0,1.0012712052647792
44705.0,41093.0,1.0020980346179906
44206.0,42627.0,1.00173348117087
43981.0,40716.0,1.0039120160029658
43981.0,41833.0,1.0054248267330497
44152.0,51852.0,1.0009479973163558
44152.0,42077.0,1.0019990896666702
44152.0,48348.0,1.0015233182019425
44155.0,40790.0,1.0041488498998528
45112.0,41361.0,1.0029791940199877
45121.0,46023.0,1.0037390020182995
45173.0,41361.0,1.0041798307231673
45178.0,41245.0,1.0041544232600246
45281.0,44376.0,1.0014108470548762
45049.0,7494.0,1.0032073959205878
44762.0,41824.0,1.0042048088560158
44787.0,18080.0,1.0014007277479176
44999.0,41271.0,1.0015065020794833
45037.0,41292.0,1.003264860980673
46320.0,40681.0,1.002020625449031
48036.0,50732.0,1.0005683202803322
48234.0,43482.0,1.0034524852393103
48266.0,43993.0,1.0070005284553596
48266.0,52003.0,1.0081316015837314
48266.0,8407.0,1.008268759100574
48266.0,28210.0,1.0081409988412393
48266.0,34773.0,1.0092417667500564
48266.0,41559.0,1.008961877674009
48266.0,44071.0,1.0093017348501614
47435.0,51876.0,1.0005846233659283
47445.0,50629.0,1.0002601539240004
47189.0,6010.0,1.0047673252612133
46498.0,42436.0,1.0016994226865945
46498.0,42588.0,1.003705574509818
46756.0,38290.0,1.0029397563056934
46385.0,41234.0,1.0002060390977747
46389.0,28696.0,1.0015657998553038
46433.0,9081.0,1.0037521293884561
46433.0,48559.0,1.003134403472139
46435.0,19914.0,1.0024751053237297
47045.0,42749.0,1.0031005191151756
47069.0,45738.0,1.0
47018.0,37352.0,1.00182325767102
46917.0,50364.0,1.002243353046049
46796.0,44903.0,1.001313885108057
46796.0,42630.0,1.0016493467775636
46796.0,43955.0,1.0037844341443787
46856.0,5537.0,1.0052913135854238
46867.0,10707.0,1.0015723152037175
46916.0,42660.0,1.0007837744699328
30536.0,31333.0,1.0031891272616853
30596.0,43914.0,1.0010905075559005
30596.0,39276.0,1.0
30596.0,36710.0,1.001487767830483
30596.0,40687.0,1.0012213259613783
30596.0,44499.0,1.0016818438824877
30596.0,38696.0,1.0020675342886383
30596.0,15344.0,1.002079266580926
30596.0,34403.0,1.0008112157336622
30596.0,34516.0,1.0017692234119258
30596.0,35234.0,1.0010026983682878
30596.0,43550.0,1.0011196888446974
30596.0,40936.0,1.0018023256568178
30596.0,40481.0,1.0022241102183524
30596.0,36658.0,1.0022778856928536
30596.0,37428.0,1.0012139834950207
30307.0,23395.0,1.0017307077501563
30307.0,42662.0,1.0003211141472732
30307.0,40438.0,1.0
30350.0,50105.0,1.004424947604132
29579.0,48557.0,1.0004357489801936
29579.0,7340.0,1.0006668057842425
29579.0,45770.0,1.0
29579.0,41065.0,1.0022085659025197
29579.0,47227.0,1.0001061159939362
29579.0,41089.0,1.0008576821669197
29579.0,40156.0,1.0
29579.0,45715.0,1.0
29579.0,46056.0,1.0008038403454373
29579.0,43592.0,1.0
29579.0,50023.0,1.0009786037043666
29579.0,27590.0,1.0010662458926458
29579.0,43736.0,1.0
29579.0,14181.0,1.0
29579.0,47238.0,1.0012022169940757
29579.0,39752.0,1.0
29579.0,31822.0,1.0
29579.0,47220.0,1.0
29579.0,50092.0,1.0011609251178202
29579.0,40079.0,1.0
29579.0,40113.0,1.0009202258846996
29579.0,47758.0,1.0013912635984537
29579.0,51973.0,1.0001136225172012
29579.0,43910.0,1.0
29579.0,46023.0,1.0017904927416665
29579.0,45759.0,1.0
29579.0,47355.0,1.0
29579.0,43973.0,1.0004727061675749
29579.0,52168.0,1.0002293116381458
29579.0,50231.0,1.00148706915131
29579.0,50326.0,1.0005754944043466
29579.0,50380.0,1.0
29579.0,51830.0,1.0
29579.0,41595.0,1.0003527382578832
29579.0,41959.0,1.0
29579.0,8790.0,1.0009578307686706
29579.0,39711.0,1.0
29579.0,46112.0,1.0
29579.0,47201.0,1.0
29579.0,45343.0,1.0006362754400038
29579.0,48611.0,1.0000506221026104
29579.0,49655.0,1.0000134652585622
29579.0,47632.0,1.0
29579.0,47681.0,1.0025867286240904
29579.0,50112.0,1.0016966891049368
29579.0,41080.0,1.0014520520262655
29579.0,40460.0,1.0016145621897614
29579.0,39922.0,1.0
29579.0,40146.0,1.0
29579.0,40152.0,1.0
29579.0,40168.0,1.0001908917214473
29579.0,40367.0,1.0
29579.0,40443.0,1.0
29579.0,43747.0,1.0003119087595065
29579.0,44681.0,1.0
29579.0,41659.0,1.0
29579.0,41741.0,1.0
29579.0,41860.0,1.0
29921.0,16568.0,1.00274986289859
30066.0,32092.0,1.0
30092.0,30953.0,1.0044245726015488
30705.0,31349.0,1.001220316088419
31941.0,32283.0,1.0040172702138281
31982.0,26907.0,1.0030536055919013
31988.0,38533.0,1.0016131734271714
31988.0,48521.0,1.001345574401305
31988.0,37230.0,1.0010819051672222
31988.0,43525.0,1.0025726461155864
31721.0,35390.0,1.0037305581701568
31316.0,32250.0,1.0004691787425573
31416.0,31831.0,1.002807083514152
31570.0,19373.0,1.0037435609947198
32040.0,32358.0,1.0039884187287715
32064.0,39600.0,1.0088361987404506
32064.0,38126.0,1.0088188655320298
32064.0,38386.0,1.0086939614290371
32064.0,44703.0,1.008505532922198
32064.0,45162.0,1.0096304711575372
32064.0,47815.0,1.0073019773096594
32064.0,47951.0,1.007735432986835
32064.0,51866.0,1.0073144651430848
32064.0,45321.0,1.0066717737314257
32007.0,28422.0,1.003129531569855
31229.0,51936.0,1.0100743604617313
30819.0,42662.0,1.0
30819.0,32326.0,1.0012187942351354
30819.0,35764.0,1.0018955440158965
30819.0,42192.0,1.000147954501268
30819.0,20003.0,1.0012875849952492
30819.0,31534.0,1.0019339455273226
30819.0,41640.0,1.001168162060445
30819.0,10707.0,1.00152745559771
30819.0,32247.0,1.000548826297535
30819.0,34714.0,1.0005321360624901
30819.0,39397.0,1.0023118236220458
30819.0,2330.0,1.001584855852414
30819.0,49752.0,1.0013551967205037
30819.0,44933.0,1.0001432102924768
30819.0,45290.0,1.0015756126982798
30819.0,48219.0,1.0004500477068612
30736.0,4309.0,1.003816007625291
30759.0,36837.0,1.0006879146383942
30759.0,35955.0,1.0026479750389865
31004.0,33110.0,1.0027993604434378
31004.0,34982.0,1.0029102832631323
31029.0,39258.0,1.0013792669460129
31124.0,31602.0,1.0015807000866608
31155.0,31665.0,1.0012790771149533
31186.0,27536.0,1.0000129279842371
30909.0,31521.0,1.0035867771141553
29059.0,35576.0,1.0009790289500167
28929.0,44609.0,1.001819189276944
28929.0,26784.0,1.0047095532599293
28929.0,30013.0,1.0018800502414462
29073.0,50518.0,1.0023739291091014
28618.0,18161.0,1.0023713338544846
28658.0,28850.0,1.0018491120918898
28658.0,40844.0,1.0019749208138637
28602.0,30400.0,1.0041689133721783
29536.0,30788.0,1.0028189022873453
29536.0,30925.0,1.0030118840711104
29536.0,30759.0,1.0027093958113158
29276.0,30339.0,1.0033008692604275
29398.0,37132.0,1.001925263621571
26721.0,3093.0,1.0003768194842724
26789.0,38421.0,1.0031026965472778
26875.0,36557.0,1.0
26662.0,28153.0,1.0034446840080722
27284.0,40900.0,1.0017350827183307
27366.0,28596.0,1.0014459989633249
28495.0,39800.0,1.001769874745561
28497.0,37198.0,1.0023021204932048
28555.0,33127.0,1.001870538847521
26931.0,24044.0,1.002779462564636
26944.0,42268.0,1.0025962218659634
27004.0,28406.0,1.0012268341888857
36893.0,35977.0,1.0022534175425777
37186.0,36196.0,1.0013490655991875
37236.0,50772.0,1.001923511327738
37236.0,39295.0,1.0001173686504645
37236.0,44039.0,1.0025684069500045
37236.0,44117.0,1.0011714336834379
37236.0,43588.0,1.0017123385146625
37236.0,42248.0,1.0008655011046421
37236.0,42053.0,1.0007501484167745
37236.0,42343.0,1.0013554172528119
37236.0,40837.0,1.0
37236.0,35054.0,1.0020760557001067
37236.0,36683.0,1.0013722948722958
37236.0,42640.0,1.0008813287097191
37236.0,42783.0,1.0008934455814518
37236.0,50201.0,1.0003703732280154
37236.0,51821.0,1.0020068600564283
37236.0,43171.0,1.0
37236.0,47867.0,1.0004695452646928
36637.0,37632.0,1.0026308449209156
36637.0,40808.0,1.000922257114164
36637.0,45448.0,1.0020296030618774
36637.0,51980.0,1.0013278933919862
36637.0,42940.0,1.0034130779428752
36637.0,9418.0,1.0031066287461945
36637.0,10092.0,1.0015837809531514
36823.0,38227.0,1.0002733277805766
36840.0,35912.0,1.0037486041267347
36211.0,35466.0,1.0044848898614769
36257.0,40712.0,1.0042150539946544
36308.0,37503.0,1.0017076942875476
36308.0,39429.0,1.0024112011120516
36308.0,40098.0,1.001111661709096
36308.0,40256.0,1.0022115778861374
36308.0,40383.0,1.001328114692616
36308.0,36907.0,1.0020675068723175
36308.0,37069.0,1.0005747269002447
36308.0,38818.0,1.002901002054231
36308.0,39459.0,1.001268627942976
36308.0,39967.0,1.0015034198589552
36129.0,22722.0,1.0008514597396732
36129.0,35482.0,1.0017506016479112
35925.0,36178.0,1.0
35987.0,35288.0,1.0015488181212742
36411.0,38346.0,1.0026976454423402
36415.0,40567.0,1.0017984739675727
36485.0,35464.0,1.0026112499927327
37937.0,38024.0,1.0037172231290372
37939.0,43742.0,1.0018309010025228
37939.0,47272.0,1.0009317023563098
37939.0,40168.0,1.0022202362730208
37939.0,8761.0,1.0024627412627931
37939.0,20180.0,1.003377781112826
37939.0,38300.0,1.0
37939.0,39039.0,1.0028359701637017
37766.0,38921.0,1.0007212673649137
37766.0,39216.0,1.0036660640145825
37766.0,47347.0,1.001780485023035
38256.0,10022.0,1.0002410015449872
38335.0,36965.0,1.002573360856268
38337.0,48409.0,1.0033523841654404
38338.0,23618.0,1.0004486008187712
38251.0,40624.0,1.000296449979458
38044.0,37198.0,1.0023855735267488
38044.0,38750.0,1.0030393470747316
38063.0,36812.0,1.0031805972639283
38150.0,36836.0,1.00054884504404
37591.0,37780.0,1.0024801228468414
37277.0,35096.0,1.0019364724562914
37295.0,50518.0,1.0024457222164838
37325.0,40191.0,1.0023483806705173
37325.0,45000.0,1.001456721660927
37325.0,44056.0,1.0003281299659312
37325.0,42389.0,1.0011245565330051
37325.0,39707.0,1.0
37325.0,40737.0,1.0020005297567738
37405.0,141.0,1.0
37447.0,2094.0,1.0015541332281643
37541.0,36461.0,1.0020608088399656
37582.0,46145.0,1.0019148792610573
37582.0,49772.0,1.0011697644918731
35826.0,35171.0,1.0030616970113047
32459.0,39042.0,1.0007204791007263
32459.0,30860.0,1.0020761924234047
32459.0,35502.0,1.0005175485005655
32459.0,35506.0,1.001136992916717
32459.0,36697.0,1.00243809086476
32299.0,40925.0,1.001576820863258
32299.0,50166.0,1.0018035206913185
32299.0,42086.0,1.0011739569074865
32299.0,43111.0,1.0014107961698049
32299.0,43130.0,1.0026366193913283
32299.0,41987.0,1.0027915079922762
32299.0,5205.0,1.0
32299.0,7449.0,1.00043453320782
32299.0,17324.0,1.001835313134431
32299.0,18871.0,1.001080421937266
32306.0,43039.0,1.0017234617766764
32630.0,41945.0,1.002254104476813
32670.0,10327.0,1.0018669950449355
32731.0,32836.0,1.0025019678625087
32789.0,48440.0,1.0029912995545551
32491.0,37566.0,1.0
32497.0,43427.0,1.0030887651357259
32214.0,32929.0,1.0055223165940999
32262.0,34433.0,1.001020521420099
32262.0,36312.0,1.0029750800908521
32201.0,15609.0,1.0004843284198432
32172.0,32509.0,1.0033607617845193
32126.0,32474.0,1.0009507037979941
32132.0,32384.0,1.0025332461091612
35397.0,39352.0,1.0014646942180525
35633.0,36652.0,1.0024626928856564
35123.0,23682.0,1.000571426121463
35144.0,18434.0,1.0030039582732968
35319.0,16223.0,1.0023448953446221
35386.0,38227.0,1.0021878175855814
35731.0,42084.0,1.0005407077820607
35731.0,37663.0,1.002208816545612
35731.0,35317.0,1.0023348015537075
35731.0,36317.0,1.0002096199811359
35017.0,44150.0,1.0016147610183141
34385.0,35596.0,1.0001443885291856
34385.0,35060.0,1.001583036100082
34424.0,50182.0,1.0022757388200962
34476.0,2904.0,1.0009285735302007
34550.0,38191.0,1.001091573451509
33169.0,40348.0,1.002945176945585
34588.0,52258.0,1.0033459364276773
34705.0,38764.0,1.003493449012682
34600.0,20660.0,1.0041823385026263
34611.0,44098.0,1.0045995993941812
11702.0,15165.0,1.0015261520268517
11686.0,38976.0,1.0008289084141642
11686.0,39032.0,1.0003895048628535
11686.0,42169.0,1.001699563759246
11686.0,38228.0,1.000320737634042
454.0,1319.0,1.0
454.0,1059.0,1.0
454.0,1118.0,1.000831682412064
454.0,1920.0,1.0
454.0,2439.0,1.0017785181430683
454.0,4580.0,1.0008416772490818
454.0,5256.0,1.001197317177959
454.0,5701.0,1.0007215536431275
454.0,6466.0,1.0018406450823572
454.0,6474.0,1.0
454.0,6479.0,1.0010772739443403
454.0,6595.0,1.0007144367155758
454.0,2982.0,1.0017715996423877
454.0,3253.0,1.0008721599592612
454.0,10801.0,1.0
454.0,13898.0,1.0
454.0,10366.0,1.0
454.0,7885.0,1.0
454.0,7912.0,1.0006775871276792
454.0,8001.0,1.0015129015279807
454.0,8380.0,1.0000500706149018
454.0,8881.0,1.001196973536332
454.0,9220.0,1.0016318302465388
454.0,9973.0,1.0005883024576556
454.0,1653.0,1.0013744296514735
454.0,1805.0,1.0
454.0,2314.0,1.0012191265781922
454.0,2342.0,1.000438520963519
454.0,2485.0,1.0000086237095245
454.0,2495.0,1.0
454.0,1652.0,1.0000394127466872
454.0,1566.0,1.0006614800958256
466.0,1744.0,1.0041975220478487
482.0,6389.0,1.000301200445712
396.0,447.0,1.0047894524417251
412.0,733.0,1.0031833310061147
417.0,2938.0,1.0051019689636693
427.0,5385.0,1.0004971607445108
427.0,11035.0,1.0011910347201753
432.0,598.0,1.002529084079194
432.0,57.0,1.004106521048773
386.0,2968.0,1.0
386.0,13606.0,1.0
386.0,1669.0,1.0
386.0,377.0,1.0
386.0,10702.0,1.0014975379396656
386.0,9621.0,1.000296225021203
386.0,6187.0,1.0002712906758624
386.0,9266.0,1.0011780570217428
386.0,9004.0,1.0
386.0,2799.0,1.0003205415767482
386.0,717.0,1.0006483924315994
386.0,743.0,1.0006904137998451
386.0,796.0,1.0006901587336778
386.0,979.0,1.0002378739850868
386.0,4271.0,1.0003899334601418
386.0,6555.0,1.0008566967157366
386.0,6562.0,1.0014920614678515
386.0,7589.0,1.0003322023170373
386.0,7722.0,1.0006110450563126
386.0,7998.0,1.000770185602157
386.0,6139.0,1.001480991285808
386.0,5881.0,1.0005018962980023
386.0,617.0,1.000159388944984
486.0,569.0,1.001852905405936
486.0,3451.0,1.001875372897583
486.0,1374.0,1.000737322568461
486.0,1438.0,1.0013349352582155
486.0,2417.0,1.0006786581358127
619.0,5133.0,1.0024674834776097
619.0,5321.0,1.0024223916035213
619.0,9030.0,1.0050719918557292
619.0,10996.0,1.0040847843607585
619.0,14129.0,1.00285484830654
619.0,15052.0,1.0026076506455515
619.0,2829.0,1.003939880201438
604.0,10974.0,1.00334289898529
612.0,4135.0,1.0019674246839183
612.0,2314.0,1.0021834380476946
637.0,19521.0,1.0022873755571104
641.0,2934.0,1.0023268021285987
646.0,13777.0,1.0029211279722334
657.0,2231.0,1.0012742647538964
657.0,2523.0,1.0031941787889367
631.0,598.0,1.0011627724644714
631.0,1613.0,1.0
631.0,2334.0,1.0
631.0,7121.0,1.0007191753901485
627.0,4681.0,1.0030613210370602
599.0,1246.0,1.0047682525503017
496.0,2578.0,1.0
525.0,34409.0,1.0026413667131067
525.0,45591.0,1.000787069500462
525.0,19914.0,1.0017163336840744
525.0,46107.0,1.002108950921951
553.0,40718.0,1.003072388015408
553.0,19408.0,1.0029399592078339
553.0,3544.0,1.00072150401714
530.0,575.0,1.0005676855972025
530.0,1038.0,1.0016600238687732
530.0,1508.0,1.0020610614741556
549.0,3748.0,1.0020537338025237
212.0,1499.0,1.0006988315929402
212.0,944.0,1.0031592739449153
238.0,2667.0,1.003786745988305
238.0,5993.0,1.0026627562935293
238.0,6035.0,1.001628426114442
238.0,9045.0,1.0024039047008417
246.0,2150.0,1.0034512294319895
249.0,1311.0,1.0021541238807237
249.0,4574.0,1.0038475492013115
249.0,6828.0,1.003407344671665
263.0,1384.0,1.0014051362092196
263.0,546.0,1.0011282058803845
263.0,51878.0,1.0029889127350349
263.0,3316.0,1.0109199422549457
263.0,7739.0,1.0012954569592183
196.0,10041.0,1.0027449452087212
196.0,17047.0,1.0005248267368168
196.0,24100.0,1.0007179140448754
196.0,31338.0,1.0016713501368268
196.0,34902.0,1.0014188399216128
196.0,51841.0,1.0012288004957561
196.0,136.0,1.0028808128066256
196.0,23667.0,1.003393890997795
196.0,6218.0,1.0036553409641027
196.0,6647.0,1.0003915733812125
196.0,9792.0,1.0013659263364767
196.0,12463.0,1.0013207299861895
196.0,4265.0,1.000192907180416
196.0,504.0,1.0010339813128042
196.0,2322.0,1.0007633663753772
196.0,2458.0,1.0003843054696084
273.0,4165.0,1.0042538612482519
279.0,6386.0,1.0043117971285989
293.0,136.0,1.0037791628022354
294.0,1244.0,1.0004551932409955
300.0,4156.0,1.00181561335545
188.0,453.0,1.0008074056332712
188.0,1039.0,1.0009288136885977
188.0,88.0,1.001008397655429
190.0,460.0,1.0037054271186565
165.0,27056.0,1.0
165.0,32622.0,1.0016660990402346
165.0,44903.0,1.000501828714518
165.0,40602.0,1.0
165.0,36609.0,1.002135237033292
165.0,8905.0,1.0002441145261871
165.0,20318.0,1.0009388870733327
165.0,37554.0,1.001600377843409
165.0,8017.0,1.0
165.0,48523.0,1.0013049198420583
165.0,50037.0,1.0000959781736891
165.0,50511.0,1.0012628757696755
165.0,4740.0,1.0107030266990644
165.0,10555.0,1.0009433562617356
165.0,16194.0,1.00241234309698
165.0,17684.0,1.0007922657925814
165.0,19693.0,1.0002683522346352
165.0,20621.0,1.0017574533364824
165.0,27877.0,1.0006922879033942
165.0,37967.0,1.0000997594204724
165.0,43189.0,1.0008700416345824
165.0,28560.0,1.0011818327709892
165.0,30868.0,1.0
165.0,31078.0,1.003088575893666
165.0,31103.0,1.0002184362933253
165.0,32023.0,1.0020930591498167
165.0,32808.0,1.0006798752518122
165.0,4139.0,1.0013981709939626
165.0,8472.0,1.0017549801088268
165.0,8936.0,1.0010456423289948
165.0,6375.0,1.000549875072423
185.0,361.0,1.0010835860089533
187.0,399.0,1.0013797121355084
342.0,450.0,1.002809619612204
342.0,1783.0,1.0018081131270384
342.0,16104.0,1.0037686237896546
349.0,570.0,1.000333697967453
349.0,7060.0,1.001861035938156
349.0,7285.0,1.0015197623927081
349.0,7454.0,1.0008629324399545
373.0,981.0,1.0038273537066424
374.0,4124.0,1.0012787452434908
374.0,5575.0,1.002691767965577
374.0,8902.0,1.0026579379497722
374.0,10619.0,1.0014860396370295
374.0,5519.0,1.0010262894846615
374.0,3411.0,1.001687107169706
374.0,3798.0,1.0
374.0,4081.0,1.0018599695630324
374.0,4133.0,1.000448970026938
334.0,1852.0,1.000260108832174
328.0,1624.0,1.0117403318765745
328.0,1384.0,1.002438795988792
328.0,1255.0,1.003094901082852
328.0,3364.0,1.004869251148305
661.0,2644.0,1.0038548899570026
661.0,2203.0,1.0052032198242764
1081.0,1569.0,1.0030048636834674
1094.0,4561.0,1.0027909662158547
1110.0,1444.0,1.0036239169352084
1110.0,1338.0,1.0028447797796174
1110.0,1417.0,1.0035321921713707
1111.0,38770.0,1.0
1073.0,8329.0,1.0024164618257363
1063.0,5415.0,1.0
1063.0,4890.0,1.001240935181512
1063.0,2047.0,1.0023514794221287
1132.0,16414.0,1.001461437864055
1183.0,3049.0,1.0008069724836475
1183.0,6271.0,1.0021001095679238
1183.0,3082.0,1.0009313397147732
1183.0,2021.0,1.00330063548264
1183.0,2167.0,1.0024940044496171
1205.0,1829.0,1.0017867885131655
1134.0,7648.0,1.0031073257340264
1150.0,34687.0,1.0036207995397435
1044.0,36304.0,1.0014017476187316
1044.0,38907.0,1.0009772542384232
1044.0,25217.0,1.0019243851833346
1044.0,36158.0,1.0
1044.0,42364.0,1.00184679445652
1044.0,38802.0,1.0014710763975898
1044.0,36457.0,1.0015699139152139
1044.0,5514.0,1.00093272016137
1044.0,1499.0,1.0005980048452245
1044.0,3364.0,1.0034527189694438
1044.0,1392.0,1.000775519167602
1044.0,30874.0,1.0
1044.0,36482.0,1.0017338207680782
1044.0,14533.0,1.0
1044.0,14569.0,1.0004729712159905
1044.0,14832.0,1.002838345892948
1044.0,22864.0,1.0022199878352505
1044.0,23374.0,1.0035242730394922
1044.0,2802.0,1.0026681952746481
1044.0,3327.0,1.0002637927209437
1044.0,5499.0,1.0008911608893691
1044.0,6438.0,1.0001858101625203
1044.0,6633.0,1.0036993405213428
1044.0,7055.0,1.0012584241955313
1044.0,3691.0,1.0008573189290961
1061.0,2199.0,1.0042109750985506
1061.0,2241.0,1.003747884137147
1061.0,4639.0,1.0043336960280758
1049.0,1449.0,1.0026837711136194
1049.0,43894.0,1.0019321337367246
1208.0,2311.0,1.0061551157852258
1580.0,4724.0,1.003066911825981
1580.0,23537.0,1.0038763715315195
1618.0,1976.0,1.0045985059657319
1624.0,1059.0,1.0
1626.0,4508.0,1.0039247622550203
1626.0,2867.0,1.0034647597486028
1403.0,7188.0,1.0036503194668014
1408.0,15005.0,1.00223372870079
1409.0,301.0,1.0014244790223215
1409.0,1670.0,1.0027680879326741
1398.0,3506.0,1.0
1398.0,2117.0,1.0012289470914653
1398.0,2175.0,1.0012245166782727
1398.0,2910.0,1.0
1690.0,5849.0,1.0016769406068424
1690.0,4203.0,1.0017507840914823
1690.0,4692.0,1.0024252166240903
1703.0,2211.0,1.0049963993463358
1708.0,2167.0,1.001610524789586
1735.0,2064.0,1.0053416697271014
1735.0,4098.0,1.0046186162008808
1735.0,6381.0,1.0021977910805044
1679.0,1896.0,1.0
1337.0,2938.0,1.003884561416694
1337.0,22534.0,1.0017323613682112
1337.0,2330.0,1.0031535836070333
1337.0,1825.0,1.0016722043251134
1337.0,4607.0,1.0033689707251061
1305.0,8370.0,1.0
1305.0,7407.0,1.0009179026669162
1283.0,6921.0,1.0010537322258248
1299.0,23317.0,1.0029833974230782
1299.0,40922.0,1.0041260404313122
1300.0,5141.0,1.0023091015423893
1343.0,2039.0,1.0022577907487744
1343.0,2350.0,1.003763351078673
1343.0,2104.0,1.0025443666394909
1343.0,2236.0,1.0025328448316733
1343.0,1745.0,1.0014205111308576
914.0,2001.0,1.0027620377195614
914.0,18812.0,1.0027892309321618
878.0,3433.0,1.0008383018726108
880.0,890.0,1.0036554250570457
949.0,45631.0,1.0007415207824057
949.0,9727.0,1.0
949.0,35751.0,1.0012515914539333
949.0,2150.0,1.0018032812535789
949.0,5459.0,1.0002242330046136
949.0,1895.0,1.0029111575848746
949.0,2304.0,1.0020645942403268
949.0,3188.0,1.0031743916820124
949.0,8920.0,1.0009728807250264
949.0,9420.0,1.0016169139711733
949.0,10710.0,1.0022259945245016
949.0,10932.0,1.0000002947346345
949.0,12472.0,1.0001881884925057
949.0,18767.0,1.0003826558376976
949.0,6489.0,1.0005647448170532
949.0,7239.0,1.001448158045825
949.0,7327.0,1.0006565520168145
949.0,20251.0,1.0008847626143798
949.0,47914.0,1.0016587083645494
949.0,43132.0,1.000285446442426
949.0,22825.0,1.001205307580146
949.0,34756.0,1.0007323634863259
949.0,39180.0,1.0011817328552628
949.0,39845.0,1.0000916649138334
919.0,4549.0,1.0021148755577258
919.0,5300.0,1.001866765846471
922.0,1266.0,1.002772088414544
929.0,1164.0,1.0022222010446835
932.0,9604.0,1.0030561917129093
867.0,4873.0,1.0021318517481936
867.0,2103.0,1.0023229289288695
867.0,5026.0,1.0029571704045555
867.0,5155.0,1.0021271981600484
867.0,5159.0,1.0021278989197155
710.0,1169.0,1.0022401576988909
742.0,2458.0,1.0012937943137776
782.0,5537.0,1.003798820443689
782.0,7896.0,1.0031156908994123
782.0,9409.0,1.0018118783153798
800.0,1508.0,1.0004236998602407
800.0,1074.0,1.0000842419232445
805.0,40639.0,1.0024964263132137
805.0,44376.0,1.0009841329645761
683.0,141.0,1.000836099174014
669.0,3274.0,1.0015475319701368
681.0,1243.0,1.0023579864486576
826.0,3515.0,1.0024169679161725
826.0,19662.0,1.0035335598954476
826.0,1800.0,1.002639770700335
860.0,1118.0,1.0037630898782404
810.0,1825.0,1.0026120848111506
824.0,14766.0,1.0020147062527478
1039.0,15728.0,1.0016365898859072
1039.0,2621.0,1.0014841996970048
1039.0,3327.0,1.0011778723627571
1039.0,3360.0,1.0013611618288223
1039.0,7527.0,1.0022582228072447
1011.0,4707.0,1.0015108799682766
971.0,2167.0,1.0020110772400384
982.0,19786.0,1.0007289985827958
1007.0,3665.0,1.0011231932167743
23.0,6805.0,1.0005624097153254
23.0,34322.0,1.0017489489376834
23.0,28589.0,1.0009972372506908
23.0,41787.0,1.0025078687670834
23.0,14178.0,1.00211489300061
23.0,35927.0,1.0012926186912174
23.0,36310.0,1.0010375962969669
23.0,42363.0,1.0014458211128536
23.0,4159.0,1.0009069566828845
23.0,19593.0,1.001022648135416
23.0,10977.0,1.0004877918469806
23.0,18700.0,1.0017837209801759
23.0,4873.0,1.0020867723630977
23.0,43441.0,1.0
23.0,3486.0,1.0014098373283673
23.0,39918.0,1.0010972490810466
23.0,42534.0,1.0014757081801362
23.0,44984.0,1.0020482557844315
23.0,42724.0,1.003182765758525
23.0,31526.0,1.0028191946360387
23.0,50401.0,1.0018120233812613
23.0,47488.0,1.001700918232031
23.0,47551.0,1.0014853815023634
23.0,40288.0,1.001416958644703
23.0,9661.0,1.0019952504887313
23.0,475.0,1.0015905152164142
23.0,2150.0,1.0025249004242596
23.0,7904.0,1.0000761177442297
23.0,19447.0,1.0009144226387339
23.0,7035.0,1.00204674300081
23.0,5575.0,1.0031649715384165
23.0,4192.0,1.0017180258616556
23.0,4607.0,1.0028245421016453
23.0,2802.0,1.0032188407301346
23.0,19786.0,1.0008708346781976
23.0,26799.0,1.0016837899729483
23.0,27442.0,1.0
23.0,27574.0,1.0024986426919196
23.0,27717.0,1.0034456196502715
23.0,27675.0,1.001277160369724
23.0,22234.0,1.0011917156996817
23.0,23142.0,1.0
23.0,23848.0,1.002142836778841
23.0,23913.0,1.0035459362736954
23.0,35779.0,1.002468217604548
23.0,31862.0,1.0021875295201879
23.0,28844.0,1.00040632435035
23.0,30337.0,1.0020908593435558
23.0,31084.0,1.0020827903420515
23.0,31848.0,1.0018512914577427
23.0,15314.0,1.0031645762946937
23.0,15734.0,1.0022305341657927
23.0,15903.0,1.0015182614503824
23.0,15911.0,1.0028369325169888
23.0,15928.0,1.001163300666263
23.0,16007.0,1.0010995260284659
23.0,14097.0,1.002639702492237
23.0,14107.0,1.000512632480901
23.0,14280.0,1.0021433606046013
23.0,14325.0,1.000584237878175
23.0,14367.0,1.0
23.0,14381.0,1.0011713489525567
23.0,35981.0,1.0026808405734238
23.0,19236.0,1.0016214208597631
23.0,19924.0,1.0005800567924374
23.0,20255.0,1.0017796458936514
23.0,16270.0,1.0017835333241685
23.0,17932.0,1.0001580661965266
23.0,18489.0,1.0017044002617217
23.0,18543.0,1.0023616921684868
23.0,18916.0,1.0011951995349258
23.0,47786.0,1.0
23.0,49702.0,1.003229862335815
23.0,49771.0,1.00254210190249
23.0,50040.0,1.000870309638918
23.0,4448.0,1.0011203087127547
23.0,47675.0,1.0020746754071477
23.0,39717.0,1.0008775482944148
23.0,39980.0,1.0018386422393757
23.0,42489.0,1.0020464921893069
23.0,44884.0,1.0017813481601177
23.0,44800.0,1.0004058571445862
23.0,44592.0,1.0044190836676201
23.0,42920.0,1.0031927924596997
23.0,43087.0,1.0002932975090006
23.0,2694.0,1.0030176629758223
23.0,3465.0,1.0001168941595362
23.0,3542.0,1.0041897387981935
23.0,2402.0,1.0039075231012
23.0,4787.0,1.0011746416169716
23.0,4978.0,1.0018175693465248
23.0,5238.0,1.001694638513791
23.0,4582.0,1.0003651681184158
23.0,4566.0,1.0026158864197796
23.0,4502.0,1.0024846671526282
23.0,5343.0,1.0009357221875104
23.0,9504.0,1.003404265462234
23.0,9981.0,1.0007544921944271
23.0,8471.0,1.0012399279100526
23.0,8493.0,1.0016496020610406
23.0,8501.0,1.0024200073403793
23.0,8614.0,1.0034301279095001
23.0,8686.0,1.0016255040323268
23.0,10038.0,1.00331013712419
23.0,10915.0,1.0021549943322754
23.0,11054.0,1.0035584741540278
23.0,12507.0,1.0000406985688202
23.0,13900.0,1.0013172270950585
23.0,13915.0,1.0003380649091067
23.0,10080.0,1.0021263771922846
23.0,10154.0,1.000431541704616
23.0,10211.0,1.0018945064843758
23.0,10435.0,1.0008457852290313
23.0,8217.0,1.0011370452873776
23.0,6493.0,1.0026264086653796
23.0,6553.0,1.0034240919071464
23.0,6561.0,1.0006384273551834
23.0,6643.0,1.0005138971360397
23.0,6648.0,1.0018443461602524
23.0,6723.0,1.0026719861549112
23.0,6745.0,1.0020527265594528
23.0,6769.0,1.000669992774624
23.0,6847.0,1.0
23.0,5711.0,1.003059777989532
23.0,5912.0,1.0022702363795677
23.0,6024.0,1.0
23.0,6208.0,1.0014340346629986
23.0,6275.0,1.0009057446290415
23.0,7857.0,1.0018717551254395
23.0,7044.0,1.0024139574130442
23.0,7092.0,1.0010441676952904
23.0,2693.0,1.0002690506175234
24.0,18.0,1.0100322364016183
24.0,1678.0,1.0106938655634399
24.0,956.0,1.0109232670254433
24.0,5373.0,1.0095471113996346
24.0,643.0,1.008350977791175
34.0,4398.0,1.001821373558519
34.0,475.0,1.0000414582413264
34.0,1255.0,1.0006878702797397
34.0,32.0,1.0008282358117446
34.0,950.0,1.0
34.0,12.0,1.0
34.0,210.0,1.0
34.0,297.0,1.0
34.0,514.0,1.0008331054112287
34.0,1540.0,1.0
35.0,9830.0,1.004218148126288
35.0,17313.0,1.0035587672218043
35.0,18392.0,1.0038404301881996
15.0,361.0,1.0004963082583942
11.0,6377.0,1.0009333401384013
5.0,50205.0,1.0006709173626798
5.0,6664.0,1.0024654709435532
5.0,44947.0,1.0003653966468204
5.0,40107.0,1.0
5.0,231.0,1.0010818704126738
5.0,2667.0,1.002324314279985
5.0,256.0,1.001164931451725
5.0,1700.0,1.0003629907146945
5.0,1355.0,1.0
5.0,1276.0,1.0009254237521432
5.0,6095.0,1.0007148186471833
5.0,278.0,1.0002497571872895
5.0,2922.0,1.000951890967862
5.0,434.0,1.001085824172106
5.0,218.0,1.0010467254878757
5.0,14110.0,1.000368823483413
5.0,14988.0,1.0014226633245038
5.0,15819.0,1.0
5.0,19151.0,1.0015101662262815
10.0,3748.0,1.0012210257335354
10.0,262.0,1.0013431141365852
104.0,2761.0,1.0105475676038744
104.0,30796.0,1.0089236594443547
104.0,3506.0,1.008361823243665
104.0,18420.0,1.008156426907432
104.0,2069.0,1.010309743963544
104.0,2262.0,1.009595389174072
104.0,23060.0,1.0101800621283077
104.0,40348.0,1.0098798360729253
104.0,30862.0,1.009570868603432
104.0,30907.0,1.011203167536078
104.0,32028.0,1.0097477098138714
104.0,33114.0,1.0083641405552473
104.0,36421.0,1.0087174525218288
104.0,16213.0,1.0096704891320594
104.0,20698.0,1.010985802373875
104.0,26574.0,1.0088597770676913
104.0,27364.0,1.00956017333843
104.0,38657.0,1.0095492274661175
104.0,39432.0,1.011065929917971
104.0,10574.0,1.0086783637648298
104.0,41779.0,1.0107031789254604
123.0,487.0,1.001460350993623
123.0,535.0,1.00280807290285
123.0,243.0,1.0014341200625274
141.0,227.0,1.0015287829025006
143.0,1801.0,1.001647126145542
143.0,2975.0,1.0030352778402352
143.0,32025.0,1.0016426094810273
143.0,35263.0,1.0027899944153709
114.0,260.0,1.002142199031293
106.0,41274.0,1.0028023214599953
110.0,100.0,1.0027462910886165
113.0,1091.0,1.0048437593720816
96.0,10606.0,1.0062747048888705
96.0,34322.0,1.0078347068463849
96.0,154.0,1.007340602161259
96.0,9193.0,1.0093513325284673
96.0,7450.0,1.0076911024599764
96.0,36064.0,1.008141933206594
96.0,956.0,1.0086537023475115
96.0,2587.0,1.0099726237566446
96.0,2417.0,1.0071650596146509
96.0,2540.0,1.0069970626566254
96.0,34756.0,1.0075185402296543
96.0,262.0,1.0084723571991376
96.0,25173.0,1.0086257642192278
96.0,28536.0,1.0074833231117408
96.0,39742.0,1.0091762923643635
96.0,2466.0,1.007435155461462
96.0,138.0,1.0078798260303516
96.0,8490.0,1.0072005404141753
96.0,8807.0,1.0070835801726168
96.0,9149.0,1.0087997172548167
96.0,8286.0,1.0090934647836909
96.0,7315.0,1.0058684840108203
96.0,7413.0,1.006691307528426
96.0,7489.0,1.0084970376392706
96.0,7272.0,1.008106511834393
96.0,19177.0,1.0088848753866588
96.0,19312.0,1.0079723856100729
96.0,19395.0,1.0069409034559964
96.0,13772.0,1.0074129286593085
96.0,18415.0,1.0074122300371837
96.0,1782.0,1.0078380538822937
96.0,1960.0,1.0089272330197354
96.0,1994.0,1.008636008967206
96.0,552.0,1.0079311441063672
96.0,6016.0,1.0080897150624026
96.0,6325.0,1.0075103340870633
96.0,2612.0,1.0072042271187394
96.0,2629.0,1.0069960326101606
96.0,2649.0,1.007462706003895
96.0,5283.0,1.0069687835855712
100.0,250.0,1.00475003444452
100.0,269.0,1.0027423266255568
100.0,303.0,1.0013786474112525
100.0,3345.0,1.0027882915616635
100.0,225.0,1.002233172348806
98.0,57.0,1.002847970582882
155.0,8067.0,1.003166364802411
80.0,4886.0,1.0018471966011093
80.0,101.0,1.002319412548288
80.0,5366.0,1.0022922428038292
80.0,2243.0,1.002264393330921
80.0,3612.0,1.0024283997356687
82.0,41.0,1.003695144614107
82.0,453.0,1.0022839722052128
82.0,3635.0,1.0027481777770202
82.0,2839.0,1.0019640946302533
82.0,1101.0,1.0024978035217642
82.0,1604.0,1.0045026332187574
82.0,1746.0,1.0037867465662715
82.0,2178.0,1.0035779806693048
82.0,6355.0,1.0021554398793735
82.0,5323.0,1.002985830375499
83.0,74.0,1.0021796353406216
83.0,377.0,1.0023000116364946
83.0,100.0,1.0042034848692092
83.0,275.0,1.001886032617116
83.0,23896.0,1.0039058721347491
85.0,68.0,1.0027564602590395
90.0,570.0,1.0001026032817968
79.0,15336.0,1.001836345862641
79.0,15886.0,1.0022227817751337
79.0,162.0,1.0010538318234379
79.0,4630.0,1.0021316465974104
79.0,5021.0,1.0000825314084187
79.0,8929.0,1.0015599162047826
39.0,1238.0,1.0031992477865017
39.0,1366.0,1.001118019118538
39.0,6001.0,1.0009658481206176
43.0,2862.0,1.003676673572019
45.0,369.0,1.0
45.0,297.0,1.0
45.0,4840.0,1.0015589552110198
45.0,7783.0,1.0016159592375868
45.0,7953.0,1.0007637358105164
78.0,315.0,1.002782083377732
64.0,22529.0,1.0018584442757628
64.0,1976.0,1.0027440915628125
64.0,156.0,1.0026135175944944
64.0,6888.0,1.0023230563284387
48.0,59.0,1.003670156673874
49.0,976.0,1.0001504721422834
49.0,30094.0,1.0016358979847266
6656.0,18173.0,1.0073207144924838
6656.0,19974.0,1.00699173850112
6656.0,10625.0,1.008535596894025
6656.0,9377.0,1.0064274360649554
6656.0,8157.0,1.0089905715429655
6656.0,22002.0,1.0083512089621343
6656.0,8699.0,1.0088125735817002
6656.0,9466.0,1.007581678657488
6656.0,8377.0,1.0073035931223107
6656.0,11071.0,1.0075170161510216
6656.0,19281.0,1.009139668955607
6656.0,23404.0,1.0087690713753052
6656.0,19027.0,1.0083713324014572
6656.0,18732.0,1.0074671087812503
6656.0,16369.0,1.0072182338596887
6656.0,16400.0,1.0076817933562183
6629.0,27223.0,1.0007217115239309
6629.0,9920.0,1.0021689140093628
6629.0,15745.0,1.00241596999138
6629.0,16829.0,1.0001859853389856
6629.0,22395.0,1.0012461434505386
6629.0,17519.0,1.0010946976756623
6629.0,21907.0,1.0003545679551848
6629.0,20115.0,1.0014305862205137
6629.0,18338.0,1.0014983220121905
6629.0,2141.0,1.0007368203084281
6629.0,26730.0,1.0012039220390205
6629.0,30975.0,1.001574645671806
6629.0,44348.0,1.000393941009277
6629.0,17483.0,1.001079418713648
6629.0,17966.0,1.0026951100313544
6652.0,10469.0,1.001509531436942
6444.0,20880.0,1.0039690151423493
6507.0,43193.0,1.002776603759388
6533.0,9029.0,1.002807906395703
6933.0,14232.0,1.0033868248775222
6933.0,9099.0,1.0017234647383169
6933.0,2168.0,1.0041028790215865
6933.0,10566.0,1.002078776339236
6956.0,20073.0,1.0006219633197195
7000.0,9184.0,1.005451034088845
7040.0,4771.0,1.0016128678503626
7052.0,6191.0,1.003516034078859
6862.0,9019.0,1.0096107760804909
6862.0,10768.0,1.0070881767112656
6876.0,2600.0,1.0018123127778462
6876.0,9019.0,1.0013530780851678
6876.0,9704.0,1.0016878841276424
7188.0,10906.0,1.001661726423427
7188.0,19577.0,1.000817845855724
7188.0,15768.0,1.0021875253900852
7188.0,10462.0,1.0015053276672345
7189.0,4456.0,1.0032468501964498
7202.0,14028.0,1.0021313928673263
7202.0,14848.0,1.0019709932834833
7211.0,9543.0,1.0029553464067218
7280.0,8731.0,1.002188586752965
7280.0,23213.0,1.000990323824765
7152.0,44245.0,1.001159457720291
7164.0,10049.0,1.003418588559404
6710.0,37081.0,1.0017528307079695
6710.0,20502.0,1.0
6710.0,36162.0,1.00278336274616
6710.0,47679.0,1.00216644742949
6673.0,9220.0,1.0038883839061752
6815.0,9971.0,1.0007804946485503
6844.0,47906.0,1.0042582149500923
6844.0,15416.0,1.001953993852998
6794.0,8933.0,1.0052410027828407
6397.0,18566.0,1.002595139544613
5337.0,18329.0,1.002547203437055
5337.0,43742.0,1.0014355210515344
5337.0,38351.0,1.0016848736746347
5337.0,2215.0,1.0025632495534667
5337.0,13612.0,1.0012722232493785
5337.0,19126.0,1.0030186342317655
5337.0,34813.0,1.0033651976825142
5326.0,10410.0,1.0019827859301365
5186.0,28403.0,1.0038899221822324
5186.0,8682.0,1.0038563517425714
5272.0,3420.0,1.0043207191785624
5278.0,25316.0,1.0022939617874234
5510.0,23814.0,1.0024745380143882
5580.0,3371.0,1.001877365205908
5617.0,7353.0,1.001100753313916
5686.0,7486.0,1.0000456291531186
5696.0,8049.0,1.0036683768100274
5487.0,10680.0,1.0009428524152049
5487.0,17547.0,1.0034823564697177
5487.0,37960.0,1.0038369155449935
5388.0,7093.0,1.001637515180784
5422.0,7882.0,1.00228075278702
5462.0,7160.0,1.0
5120.0,8615.0,1.0038865567703774
5121.0,6704.0,1.0033746959745673
5125.0,50642.0,1.0026596174825073
5125.0,49979.0,1.001311626071808
5139.0,5268.0,1.0042208045518783
5142.0,12276.0,1.0021963732664456
5079.0,16175.0,1.0008099386684108
5079.0,26478.0,1.0024709596302042
5079.0,34972.0,1.0031953501469077
5167.0,49932.0,1.003532104389176
5167.0,35318.0,1.003044178121658
5167.0,35904.0,1.003103293217663
5167.0,9884.0,1.0008558162821855
5167.0,27103.0,1.0026162383723398
5167.0,32252.0,1.0024586698137954
6236.0,17775.0,1.0016313498396314
6254.0,49708.0,1.0014115319831602
6254.0,18668.0,1.0016767732836211
6256.0,8650.0,1.0016175968016057
6263.0,16665.0,1.0016747999200895
6268.0,8057.0,1.0020519348951316
6272.0,2112.0,1.0009239538630796
6272.0,399.0,1.0016676581795878
6308.0,41647.0,1.0039739231241207
6308.0,22709.0,1.0017668090983283
6308.0,48351.0,1.0018223538778508
6308.0,37922.0,1.003711831188122
6308.0,38637.0,1.0028076661429655
6308.0,41004.0,1.0031134672665136
6321.0,6839.0,1.003598417203081
6285.0,8146.0,1.0025578055273057
5844.0,36638.0,1.003284351465151
5850.0,7680.0,1.000534911629733
5877.0,10204.0,1.0011597917258883
5885.0,7931.0,1.0013046151588727
5898.0,7668.0,1.0
5961.0,14772.0,1.0047985974591898
5961.0,18381.0,1.0052688474762494
5973.0,8056.0,1.002468927798165
5973.0,9759.0,1.0013944048678944
5827.0,23136.0,1.0004131952298572
5811.0,7666.0,1.0024486086166182
5730.0,41636.0,1.0033181203217578
5775.0,7267.0,1.0031960532630582
5775.0,9502.0,1.0038707443676171
5775.0,9554.0,1.0051123131425406
5775.0,13801.0,1.003519807347096
6181.0,8516.0,1.0027801295975713
6185.0,5332.0,1.0006939297801853
6190.0,8055.0,1.0020120407394224
6228.0,17481.0,1.0027465463062142
6042.0,7589.0,1.003844237236134
5027.0,20700.0,1.0034716884178276
5027.0,23145.0,1.0025713392099687
9094.0,51914.0,1.0036876836203463
9113.0,12472.0,1.0023955929901205
10208.0,13581.0,1.00097443127524
10232.0,548.0,1.003364381651306
10240.0,13578.0,1.0007878646084907
8980.0,8757.0,1.0029050200882952
8980.0,13814.0,1.0008348152983262
9039.0,37119.0,1.002407501515192
9085.0,12469.0,1.0025908886706123
10622.0,14524.0,1.0045519829302754
10630.0,9938.0,1.0034292042981479
10611.0,18727.0,1.0019775302223168
10516.0,11249.0,1.0033148408078723
10570.0,13907.0,1.0029230672374834
8755.0,12438.0,1.000527386352318
8755.0,22815.0,1.000442910819132
8755.0,14263.0,1.001240816444271
8755.0,28122.0,1.0017496337338194
8755.0,15483.0,1.0024913854337298
8755.0,14280.0,1.0009623889197306
8755.0,7353.0,1.0000861957926712
8755.0,16228.0,1.0004170871741231
8755.0,14680.0,1.0006371910687712
8755.0,32613.0,1.0000681151860311
8755.0,20211.0,1.000756761286515
8755.0,23304.0,1.0010018842343191
8755.0,26841.0,1.0005172956620398
8755.0,13874.0,1.0000664369621317
8755.0,14343.0,1.0
8755.0,14454.0,1.0000916069788535
8755.0,11207.0,1.0002832904219416
8755.0,13785.0,1.0004692341512234
8755.0,13807.0,1.0
8755.0,14026.0,1.0009930251819117
8755.0,17189.0,1.0
8755.0,17392.0,1.0007893693924277
8755.0,18660.0,1.0027356618569232
8755.0,11075.0,1.0003586078792475
8858.0,11187.0,1.003189215860459
8865.0,40096.0,1.0015106008673762
8865.0,46056.0,1.0031862044403619
8865.0,39295.0,1.0016904459680596
8865.0,18338.0,1.002568329649728
8865.0,39830.0,1.0012089319864355
8883.0,49721.0,1.0021807905125228
8930.0,19994.0,1.0021131059394097
11387.0,19092.0,1.0017659101626921
11387.0,28376.0,1.0000848821719754
11400.0,11187.0,1.0010217994941892
11430.0,15086.0,1.001483539038304
11430.0,16265.0,1.0029984464890227
11374.0,14881.0,1.0032567502111485
11209.0,30469.0,1.0008191671715423
11209.0,641.0,1.000086243964039
11209.0,22544.0,1.0
11209.0,38909.0,1.0012803650779343
11209.0,15167.0,1.0021721717211278
11209.0,16010.0,1.001547684084967
11209.0,18246.0,1.0009931373713352
11209.0,14639.0,1.001314474346956
11209.0,6577.0,1.0013684940510237
11313.0,14837.0,1.004948829572239
11384.0,3737.0,1.0005726309562641
11643.0,1059.0,1.0
11643.0,40967.0,1.00222978750015
11643.0,31908.0,1.0015342756458683
11657.0,7341.0,1.0037451609544992
11515.0,1586.0,1.000430971165995
11551.0,14983.0,1.0018104851941638
11577.0,15055.0,1.0014936453581238
11591.0,41240.0,1.0038939207254762
11616.0,50551.0,1.0022154174614677
10784.0,9228.0,1.0040284630760103
10966.0,23750.0,1.0016102939991294
10996.0,9316.0,1.002375283142202
10996.0,17229.0,1.0000325488152992
11077.0,14562.0,1.0019685491096495
11084.0,907.0,1.0004074109615948
11089.0,14301.0,1.0029553065130514
11136.0,10540.0,1.0030371518477337
11147.0,14645.0,1.0010520438279205
11169.0,6686.0,1.0041793859917187
8163.0,10909.0,1.004047797324832
8163.0,2282.0,1.0045598079272815
8163.0,10737.0,1.002516987857582
8163.0,3465.0,1.0017872868732165
8188.0,17446.0,1.000561403185323
8188.0,34220.0,1.0020481201719451
8188.0,15235.0,1.0014939823219455
8188.0,14983.0,1.000646361312232
8188.0,19212.0,1.0003564550962447
8188.0,23877.0,1.0000853825530476
8081.0,22173.0,1.002799118034724
8076.0,7531.0,1.004768132170793
7922.0,8630.0,1.0011188408792566
7927.0,8630.0,1.0014800938088466
7992.0,10274.0,1.0021667822114868
7998.0,14958.0,1.0030694348457505
7998.0,15838.0,1.0021261727429873
7998.0,18012.0,1.0014613025350003
8014.0,2.0,1.0048598711179628
8040.0,10302.0,1.0016776074442977
8256.0,48201.0,1.0045829659636127
8380.0,15034.0,1.0041211676233888
8380.0,7011.0,1.0046967165881824
8380.0,10692.0,1.0044407599936622
8211.0,10408.0,1.001191572084301
8192.0,36965.0,1.0014478967402767
8192.0,36480.0,1.0040384710558379
7450.0,10159.0,1.0013482310003279
7450.0,6166.0,1.0023336937665412
7496.0,9849.0,1.001912420471984
7505.0,4290.0,1.002751795561165
7550.0,9832.0,1.0030133076825947
7569.0,9981.0,1.0022226863732473
7569.0,10425.0,1.003958672487401
7569.0,12491.0,1.0045221902897192
7569.0,16416.0,1.0022074805186347
7395.0,9788.0,1.0
7395.0,10003.0,1.0010828029247174
7302.0,9585.0,1.0037663513755113
7329.0,9139.0,1.0
7336.0,805.0,1.0009896712752389
7336.0,8373.0,1.00164003787286
7336.0,9609.0,1.0025827482779301
7387.0,18950.0,1.0024407795366974
7387.0,9422.0,1.001447591352861
7387.0,19211.0,1.0
7772.0,9956.0,1.0034590465632918
7646.0,15351.0,1.0024328229984594
7654.0,402.0,1.0001141542533796
7654.0,23479.0,1.0014592873423218
8436.0,50094.0,1.0013819533565462
8436.0,11255.0,1.0016038947333215
8436.0,17655.0,1.0010353663512264
8497.0,11024.0,1.0014641604290109
8385.0,7083.0,1.001928752844377
8691.0,19830.0,1.0028551634462821
8691.0,13652.0,1.0032054249182667
8691.0,14247.0,1.0029782836680692
8691.0,13972.0,1.0029745819302782
8725.0,8420.0,1.0035927120333679
8532.0,17057.0,1.0009546307181434
8532.0,2215.0,1.0014888621929494
8532.0,15361.0,1.0015599776147126
8690.0,11034.0,1.000586037135388
8690.0,14540.0,1.0028016442834033
5005.0,8771.0,1.0030664567381726
2703.0,1456.0,1.0121730364960102
2703.0,17811.0,1.0125948502006255
2703.0,36178.0,1.01058181035338
2703.0,16742.0,1.0101288504176875
2703.0,16920.0,1.0106636026020108
2703.0,6572.0,1.0092463302188706
2703.0,16414.0,1.0112956231697847
2703.0,17451.0,1.0094620780959491
2703.0,10301.0,1.0106304944745617
2703.0,22809.0,1.0110262322095203
2703.0,26627.0,1.0104926461544272
2703.0,41562.0,1.0104869834462298
2703.0,38520.0,1.0118909521863153
2703.0,27329.0,1.0108808156747027
2703.0,4320.0,1.0107779618074173
2703.0,3616.0,1.0081561079855188
2703.0,17723.0,1.010522903044825
2703.0,4421.0,1.010097178335384
2703.0,4796.0,1.0111479512876143
2703.0,23877.0,1.0095690199280642
2703.0,14984.0,1.0121758058973027
2703.0,18708.0,1.011116519366636
2703.0,18824.0,1.0109762984510118
2703.0,18833.0,1.011696012307435
2703.0,22015.0,1.0102507182967846
2703.0,18280.0,1.010781742762067
2703.0,17572.0,1.0097934468131404
2703.0,17610.0,1.0102379909896957
2703.0,18004.0,1.0104797146320215
2703.0,18199.0,1.0113099634076614
2703.0,23731.0,1.0095435688413297
2703.0,24005.0,1.0119779677920917
2703.0,24050.0,1.0129451940299228
2703.0,22862.0,1.0105928419142858
2703.0,23083.0,1.0129600779365049
2703.0,23108.0,1.0108665453689114
2703.0,23216.0,1.0110343239632835
2703.0,23326.0,1.0103155090102096
2703.0,23358.0,1.0101095403705447
2703.0,17501.0,1.0109212417429492
2703.0,17461.0,1.0116096597723638
2703.0,3201.0,1.0111014761600867
2703.0,12513.0,1.01157700699811
2703.0,14626.0,1.0112242935193096
2703.0,15252.0,1.009660442407063
2703.0,4434.0,1.0118892253808724
2703.0,8306.0,1.0116068681112538
2703.0,35364.0,1.0104584707804452
2703.0,26724.0,1.0103248800404891
2703.0,26968.0,1.011019751426241
2703.0,17881.0,1.0103536506800186
2603.0,7188.0,1.000831359115597
2603.0,9609.0,1.0017242641252027
2603.0,17054.0,1.0018059145568685
2603.0,9273.0,1.0
2603.0,10985.0,1.0017272842692977
2637.0,5719.0,1.0030151667586438
2697.0,3821.0,1.002386066194182
2995.0,3433.0,1.0011351172905416
3068.0,5691.0,1.0012505894360324
3068.0,3550.0,1.0011221873098521
2974.0,4221.0,1.0037376559345617
2857.0,3348.0,1.0041959751525025
2867.0,3371.0,1.0014592190459073
2893.0,3383.0,1.0015768116873855
2944.0,3433.0,1.0041416639206489
2954.0,3433.0,1.0039377461529804
2958.0,3000.0,1.0007904271540269
3126.0,8146.0,1.0025525963165518
3126.0,10579.0,1.0017117117248595
3126.0,7765.0,1.0025037980821465
3126.0,8154.0,1.0
3126.0,5337.0,1.0021366363636066
3126.0,10183.0,1.0025108512237242
3126.0,3058.0,1.0021203359519388
3114.0,4845.0,1.0021190893824647
3114.0,4597.0,1.0015359141749272
3114.0,3070.0,1.0
2722.0,3150.0,1.0095816971230303
2722.0,1570.0,1.0101412421745382
2722.0,3235.0,1.009029016126321
2722.0,4087.0,1.0106257944577417
2828.0,35536.0,1.0028846999716092
2828.0,48450.0,1.0014291049097572
2828.0,27634.0,1.0038718128498183
2828.0,34403.0,1.0021365986601183
2033.0,19298.0,1.0001931425024453
2033.0,27394.0,1.0016566500061344
2033.0,8771.0,1.0024322948368718
2033.0,8467.0,1.0011667135922904
2033.0,9937.0,1.000609160246701
2033.0,14299.0,1.0
2033.0,23358.0,1.0008576664121656
2033.0,10224.0,1.0032598759353333
2033.0,23306.0,1.003603542829547
2033.0,14504.0,1.000609365320975
2027.0,5264.0,1.0017340492748392
2027.0,4816.0,1.004181136063206
2027.0,19665.0,1.0039077253345656
2067.0,1056.0,1.0036970700136745
2080.0,42662.0,1.0010907918495089
2087.0,3049.0,1.0
2111.0,2507.0,1.000497190930459
2114.0,8560.0,1.0023172864702041
2011.0,2314.0,1.0027885118495499
1993.0,16414.0,1.003937975797658
1791.0,1507.0,1.0016376165680538
1792.0,598.0,1.0033773248322582
1792.0,3117.0,1.003130287854478
1762.0,2361.0,1.0043788536118095
1781.0,4828.0,1.0036668268982805
1781.0,6134.0,1.004448892970232
1898.0,2074.0,1.0034816705286842
1941.0,1823.0,1.0032222411329366
1941.0,2456.0,1.0029646354660362
1808.0,2024.0,1.0026699607956964
1835.0,2561.0,1.0018222706085467
1835.0,15809.0,1.002662537785508
2158.0,10696.0,1.0040329475456802
2158.0,3111.0,1.0019451440728413
2158.0,5421.0,1.0030341947119312
2158.0,9470.0,1.0035199342002548
2158.0,10132.0,1.003474433852028
2433.0,4709.0,1.0031923268513456
2440.0,2929.0,1.0024211132679464
2459.0,4381.0,1.0010596228367912
2459.0,4551.0,1.001257753887783
2459.0,5199.0,1.0027628695424067
2459.0,2482.0,1.004007601463445
2459.0,4484.0,1.0008581205337983
2417.0,16071.0,1.0029198551845764
2382.0,5210.0,1.0016935584323805
2382.0,4989.0,1.0019590921490529
2383.0,8242.0,1.0014666429592791
2408.0,4245.0,1.0018905585871631
2411.0,39573.0,1.004240235691416
2411.0,40107.0,1.0
2465.0,1915.0,1.0015639041857778
2464.0,5431.0,1.0012948476568304
2209.0,5998.0,1.0028976981826379
2224.0,6080.0,1.003712021112826
2280.0,8067.0,1.0021645154301126
2280.0,3058.0,1.002469849720273
2280.0,2796.0,1.0027934121600188
2280.0,2886.0,1.003107668094453
2280.0,3016.0,1.0036066913659905
2280.0,20654.0,1.0008878682655757
2280.0,25330.0,1.000966390262124
2280.0,10618.0,1.0017902912458518
2280.0,3603.0,1.001934365822122
2280.0,9984.0,1.0026169993519733
2192.0,9044.0,1.0012978920511701
2177.0,3498.0,1.0015764504744271
2287.0,2799.0,1.0012573891033083
2356.0,2779.0,1.0007120661552436
3943.0,14123.0,1.0
3943.0,10041.0,1.0023562347643376
3943.0,6574.0,1.0019587190793287
3943.0,42163.0,1.0
3943.0,7556.0,1.0022312188523377
3943.0,32400.0,1.0017708749557637
3943.0,2241.0,1.0010903333546846
3943.0,3665.0,1.00053847219275
3943.0,7782.0,1.0006354195486007
3943.0,8197.0,1.001346516575384
3943.0,8440.0,1.0011747460169982
3943.0,6996.0,1.0
3943.0,6620.0,1.001568729821279
3943.0,20159.0,1.0021859520917595
3943.0,20703.0,1.002539414576214
3943.0,10112.0,1.0030201336601625
3943.0,12327.0,1.0
3943.0,8107.0,1.0007865431907135
3943.0,6673.0,1.0
3943.0,4838.0,1.0004870983015082
3943.0,5951.0,1.0018855382523848
3943.0,6434.0,1.0013928184002854
4020.0,20180.0,1.0043207956802667
4020.0,6828.0,1.0041800598374087
4020.0,20753.0,1.0035150992747803
4020.0,34542.0,1.0043663149807835
4020.0,3487.0,1.0011665315504552
4020.0,9214.0,1.0030322069653272
4020.0,9700.0,1.0033964238476136
4047.0,3429.0,1.0037710358496885
4060.0,8912.0,1.0047116098105167
4082.0,4847.0,1.0036699791295058
3926.0,3389.0,1.0037199967089316
3926.0,5523.0,1.0026361851344605
3835.0,41361.0,1.004481225761561
3835.0,50771.0,1.0028550915371048
3835.0,15278.0,1.001683196487162
3835.0,15386.0,1.005127614669399
3835.0,38520.0,1.0042298377026027
3835.0,805.0,1.0026523332713617
3835.0,27785.0,1.0027999889710295
3835.0,31751.0,1.0037637513593514
3835.0,44387.0,1.0031560973414597
3838.0,4886.0,1.002974737633747
3840.0,4845.0,1.0042491104206432
4092.0,510.0,1.001732690251222
4092.0,5722.0,1.0012171730324217
4092.0,7247.0,1.000212010443732
4092.0,12450.0,1.0014961730589194
4092.0,13604.0,1.0025136619988506
4092.0,5756.0,1.0020085474583706
4092.0,4120.0,1.0
4092.0,10919.0,1.001615517423959
4092.0,23721.0,1.0012342578745257
4670.0,10664.0,1.0018830329856618
4795.0,18423.0,1.0020665235892188
4795.0,31325.0,1.002067593628851
4795.0,5916.0,1.003563305234129
4795.0,16093.0,1.0017892594623183
4795.0,17497.0,1.0000041095473173
4795.0,18137.0,1.0015038309816298
4566.0,14886.0,1.003915206613677
4566.0,15402.0,1.001545375301028
4566.0,5871.0,1.0019778129752743
4573.0,5865.0,1.0034093199957752
4616.0,6029.0,1.0018146136082056
4859.0,6264.0,1.0006494297210424
4873.0,6272.0,1.0017347715463958
4887.0,16672.0,1.0018546262922456
4889.0,6297.0,1.0023953486276698
4903.0,4765.0,1.002833051711107
4910.0,8535.0,1.004068179857951
4910.0,8442.0,1.0031753086924582
4930.0,6363.0,1.002019800461025
4855.0,8380.0,1.0015564861249073
4527.0,5465.0,1.0019311342010742
4146.0,17209.0,1.0018453597908632
4146.0,22329.0,1.004331535747876
4199.0,5426.0,1.0046988292737273
4226.0,5461.0,1.0044508916345267
4263.0,5499.0,1.0016996101418683
4278.0,5861.0,1.0040903584263257
4278.0,5504.0,1.003228662966619
4129.0,5413.0,1.0054732379729525
4301.0,23889.0,1.0039368517265448
3451.0,37851.0,1.001740797698117
3451.0,5920.0,1.000576747401077
3451.0,16401.0,1.0
3451.0,8437.0,1.0001370975221595
3458.0,35888.0,1.0037562950604693
3458.0,34482.0,1.0036782616280415
3337.0,4263.0,1.0021756648343787
3343.0,13584.0,1.0007283818952368
3398.0,52110.0,1.0028518288938055
3575.0,41685.0,1.0000280042241778
3575.0,42787.0,1.0013456337105673
3606.0,3122.0,1.0
3606.0,9267.0,1.0
3480.0,8316.0,1.00015502073106
3499.0,4105.0,1.0037177900605494
3508.0,5300.0,1.0028067043142777
3178.0,44883.0,1.00250345957495
3178.0,49844.0,1.0007714744968468
3178.0,40562.0,1.0001265707991764
3178.0,50647.0,1.0
3178.0,41191.0,1.0016192009447797
3178.0,43096.0,1.003478951412279
3178.0,44331.0,1.0019415402232725
3178.0,44925.0,1.0026963342875648
3181.0,3637.0,1.000416927593468
3194.0,4265.0,1.0001090997543027
3194.0,3235.0,1.000265364604885
3194.0,3831.0,1.0001068590468647
3206.0,3777.0,1.003546117613794
3211.0,6905.0,1.0
3312.0,2560.0,1.0043488731049892
3312.0,1091.0,1.003800577811146
3312.0,4037.0,1.003381134706383
3252.0,1955.0,1.0038759601740008
3288.0,3074.0,1.0025121931576706
3790.0,15791.0,1.0
3790.0,4501.0,1.0010581714246396
3790.0,22002.0,1.0012009485031235
3790.0,9971.0,1.0
3790.0,30094.0,1.0013505104682106
3790.0,8635.0,1.0012250018225337
3790.0,7680.0,1.0000415457854221
3790.0,17572.0,1.0
3790.0,9278.0,1.001007374332641
3790.0,5226.0,1.0003359831774168
3790.0,10183.0,1.0010774431723373
3790.0,5622.0,1.0010939719661995
3790.0,14856.0,1.0
3790.0,10587.0,1.0
3790.0,22579.0,1.0016243437501986
3790.0,26876.0,1.0003917737078831
3790.0,4753.0,1.0004648396275497
3790.0,5274.0,1.0009162624300356
3790.0,7797.0,1.000304767417931
3790.0,6353.0,1.0013901164190357
3668.0,20304.0,1.001927755971469
3789.0,4740.0,1.0113402064433825
3677.0,45431.0,1.0023033423953502
3704.0,7670.0,1.0012011753939367
3727.0,4681.0,1.0026727089400094
3768.0,3360.0,1.0008217923080818
3776.0,965.0,1.0049994297241878
10939.0,1244.0,1.002363740585496
26157.0,27352.0,1.0037812425045316
