4.0,96.0,1.005246100340132
4.0,2560.0,1.0025304032267381
25579.0,5003.0,1.020713861645902
25579.0,7652.0,1.0199716393851006
25579.0,8841.0,1.0188816310763134
25579.0,8904.0,1.0205885744133374
25579.0,9158.0,1.0210862751549452
25579.0,4398.0,1.0195876810645024
25579.0,773.0,1.020988175849996
25579.0,1367.0,1.0195246419307638
25579.0,2093.0,1.0203827357008026
25579.0,2274.0,1.0209938360684214
25579.0,2968.0,1.019724701798226
25579.0,3803.0,1.0189766269677356
25579.0,9964.0,1.0191328520778848
25579.0,12342.0,1.0206370752456764
25579.0,12373.0,1.0184013103791554
25579.0,13822.0,1.0200264662511713
25579.0,14841.0,1.0200602015665339
25579.0,32076.0,1.0193255559929826
25579.0,32323.0,1.0192106507553913
25579.0,31567.0,1.0207220452926842
25579.0,31608.0,1.0208849806128666
25579.0,31708.0,1.019689082196173
25579.0,31967.0,1.021590576021424
25579.0,32015.0,1.020919019548594
25579.0,31485.0,1.020680727878138
25579.0,32694.0,1.0201177859592219
25579.0,34693.0,1.0190384930608372
25579.0,34704.0,1.0196806360851345
25579.0,34743.0,1.0187388720925241
25579.0,34749.0,1.0199112761963582
25579.0,35190.0,1.0212775295800571
25579.0,35334.0,1.0192285529319778
25579.0,35365.0,1.0211485807505256
25579.0,35424.0,1.0206567892242744
25579.0,34644.0,1.0193866844259738
25579.0,34322.0,1.021448468857074
25579.0,27530.0,1.0208634810972892
25579.0,27779.0,1.019654640459803
25579.0,27794.0,1.0207342810877311
25579.0,27982.0,1.0210933609070134
25579.0,27082.0,1.022036537844759
25579.0,22208.0,1.0191464288792025
25579.0,23395.0,1.021623476969584
25579.0,23757.0,1.0189853602809502
25579.0,23868.0,1.0193488572959455
25579.0,26712.0,1.0192751690462334
25579.0,31402.0,1.01951939080745
25579.0,30816.0,1.0204020537648202
25579.0,30873.0,1.018953795920968
25579.0,30929.0,1.0209103156532433
25579.0,31026.0,1.0202666891888936
25579.0,31206.0,1.0202489795397907
25579.0,30078.0,1.0209163189810488
25579.0,30031.0,1.0198874633893076
25579.0,28927.0,1.0196480501632983
25579.0,28350.0,1.0199818780647523
25579.0,28382.0,1.019143912610863
25579.0,28710.0,1.0205140422470345
25579.0,28858.0,1.021382174639417
25579.0,35569.0,1.0210249114704755
25579.0,40820.0,1.019664614741983
25579.0,35637.0,1.020504362967877
25579.0,37524.0,1.0189409831254854
25579.0,37709.0,1.0207019732142022
25579.0,36224.0,1.019802584472616
25579.0,36251.0,1.0201118656491193
25579.0,37276.0,1.0208859040930967
25579.0,38749.0,1.0189353420237504
25579.0,39512.0,1.0195322670103797
25579.0,35624.0,1.0193502674392674
25579.0,37757.0,1.0204526882619604
25579.0,37811.0,1.0203247157334143
25579.0,37916.0,1.0194121781702465
25579.0,38460.0,1.0201769639428013
25579.0,38606.0,1.0182581255315095
25579.0,38283.0,1.0193205237140692
25579.0,37198.0,1.0208427075086113
25579.0,37286.0,1.0210692724808603
25579.0,37440.0,1.0213177800717625
25579.0,37603.0,1.0212247998168216
25579.0,37666.0,1.0210917868092926
25579.0,39648.0,1.0212423669126969
25579.0,39770.0,1.0220109546645588
25579.0,39420.0,1.0200104289781917
25579.0,38775.0,1.0195037762020116
25579.0,38921.0,1.0197616273876107
25579.0,39025.0,1.0197710293578117
25579.0,39063.0,1.0177003704157122
25579.0,39075.0,1.0199184619410528
25579.0,39429.0,1.0199213839894874
25579.0,37179.0,1.0205762277243988
25579.0,36074.0,1.020051155194218
25579.0,36170.0,1.0208015843675031
25579.0,35968.0,1.02152042858639
25579.0,35711.0,1.019345995647409
25579.0,35791.0,1.0201119841494115
25579.0,35800.0,1.0202198862507295
25579.0,35848.0,1.0207817102852463
25579.0,35930.0,1.0196513352786176
25579.0,36282.0,1.0189969723532915
25579.0,36837.0,1.020054978761894
25579.0,36957.0,1.0198871039943591
25579.0,37068.0,1.0211845802821953
25579.0,37108.0,1.0204588554334926
25579.0,37129.0,1.019208799810264
25579.0,36327.0,1.0209131427002136
25579.0,36355.0,1.0196859144107904
25579.0,36453.0,1.0194225869563749
25579.0,36513.0,1.0194185929046602
25579.0,36548.0,1.0201106015661163
25579.0,36635.0,1.0208776666564525
25579.0,49875.0,1.0211821827440042
25579.0,50540.0,1.0207685866928542
25579.0,48063.0,1.0198437348766394
25579.0,45622.0,1.020877406812831
25579.0,45834.0,1.0189282723178021
25579.0,45977.0,1.020541070705931
25579.0,47202.0,1.0214533297829624
25579.0,47374.0,1.0204889992686004
25579.0,47805.0,1.0197402564584446
25579.0,45317.0,1.0205410069183711
25579.0,42192.0,1.0204622431651555
25579.0,42259.0,1.0213253202538075
25579.0,42352.0,1.020995392848404
25579.0,42363.0,1.0200979132049155
25579.0,42416.0,1.0219700976531476
25579.0,41832.0,1.018664220969289
25579.0,41763.0,1.020176604823509
25579.0,40602.0,1.0199590617160939
25579.0,40725.0,1.0219177839733549
25579.0,40875.0,1.0201137989159395
25579.0,40881.0,1.022592970011921
25579.0,40925.0,1.0195665932726141
25579.0,41014.0,1.019333082460272
25579.0,41494.0,1.0227578996703153
25579.0,41736.0,1.020686490045823
25579.0,42440.0,1.0205161382956154
25579.0,43672.0,1.0202826763066843
25579.0,44154.0,1.0199410067127217
25579.0,44365.0,1.0198262586175566
25579.0,44901.0,1.0223609369730242
25579.0,45002.0,1.0205996869608582
25579.0,42997.0,1.0205869877176024
25579.0,43036.0,1.0194226211443596
25579.0,43274.0,1.0207105131752159
25579.0,45363.0,1.021342547637903
25375.0,41968.0,1.0013903060083893
25394.0,26590.0,1.0011829963158003
25398.0,48525.0,1.0029295029723713
25415.0,4956.0,1.0012087472439377
25415.0,6923.0,1.0018038852351883
25415.0,36176.0,1.0019426863492351
25415.0,44255.0,1.000546625744065
25415.0,44319.0,1.0012679036730765
25415.0,45694.0,1.0008257337583097
25415.0,45929.0,1.0024368343890993
25415.0,43496.0,1.0008041355191248
25415.0,37593.0,1.0011571922671125
25415.0,38250.0,1.0009709082189397
25415.0,39334.0,1.0031019383136979
25415.0,39437.0,1.0019978915390144
25415.0,41842.0,1.0
25120.0,27223.0,1.002955267228386
25153.0,26486.0,1.0
25206.0,40275.0,1.0028312193726097
25220.0,32418.0,1.001688654797454
25281.0,26918.0,1.0012778733588625
25359.0,28279.0,1.0015424323351056
25425.0,16419.0,1.0031721388149777
22400.0,23681.0,1.0003116229962787
22400.0,23449.0,1.0003950916101032
22504.0,18951.0,1.0
22504.0,32951.0,1.0027558919748898
22504.0,32957.0,1.0021937844422486
22504.0,45589.0,1.0004246594639574
22385.0,43150.0,1.004687273320102
22385.0,32719.0,1.0046424557167133
22367.0,16234.0,1.0009456753132375
22367.0,14090.0,1.000480439325514
22367.0,50294.0,1.0
22367.0,52191.0,1.0018593367729742
22367.0,48395.0,1.0002505782298643
22367.0,36029.0,1.0011146096421761
22367.0,36594.0,1.0015785036798803
22367.0,37266.0,1.0
22367.0,38290.0,1.002101833739019
22367.0,38491.0,1.0016806820806734
22367.0,39802.0,1.0
22367.0,35783.0,1.0
22367.0,35608.0,1.0018761798862648
22367.0,34236.0,1.0007496972813448
22367.0,34262.0,1.0010504590383411
22367.0,34825.0,1.0006381722243436
22367.0,34846.0,1.0003276554400513
22367.0,35153.0,1.0017988774000037
22367.0,35431.0,1.0004618312826254
22367.0,35739.0,1.0000265023619825
22367.0,46029.0,1.0
22367.0,47186.0,1.0011156624945086
22367.0,47821.0,1.0002037038877456
22367.0,47966.0,1.0
22367.0,44662.0,1.0002248160274283
22367.0,40494.0,1.0
22367.0,40665.0,1.0
22367.0,40716.0,1.0017684049551294
22367.0,41000.0,1.0016217958423583
22367.0,41250.0,1.0003731795928916
22367.0,32357.0,1.0002904040394136
22367.0,32298.0,1.0005244140384046
22367.0,4923.0,1.0
22367.0,27758.0,1.0021998869502482
22367.0,27918.0,1.0007764945361775
22367.0,31319.0,1.002068910775736
22367.0,31414.0,1.0014602683848894
22367.0,31949.0,1.000166996289218
22367.0,26535.0,1.0005303159688328
22367.0,26366.0,1.0
22367.0,7626.0,1.0022391374072626
22367.0,16122.0,1.0005302716211475
22367.0,20420.0,1.0035343657146412
22682.0,40820.0,1.0024943309123293
22682.0,44051.0,1.0031441145552729
22733.0,23743.0,1.002536439090706
22733.0,24099.0,1.003617193628014
22784.0,12476.0,1.0009147861335566
22806.0,26460.0,1.000177902132852
22522.0,36926.0,1.0032900872391395
22522.0,40535.0,1.0037185931299073
22522.0,40900.0,1.0031893930102251
22545.0,26370.0,1.0034765886412185
22624.0,23619.0,1.0008744735792983
22879.0,44245.0,1.001419216151429
23274.0,25262.0,1.003911562925957
23293.0,8520.0,1.0015966189219534
23481.0,47350.0,1.0011320284142773
23506.0,44100.0,1.0005330934670473
23506.0,45993.0,1.0016776159508745
23506.0,51944.0,1.0013007598004928
23149.0,52155.0,1.0031473232675616
23149.0,45017.0,1.0013988162074112
23149.0,32459.0,1.0010216020911227
23149.0,44175.0,1.0025396330987952
23188.0,1333.0,1.0
23188.0,44935.0,1.0
23188.0,47933.0,1.0
23203.0,36204.0,1.0012357468132056
23254.0,20860.0,1.0035626003135847
24765.0,26416.0,1.0006204163501253
24937.0,25181.0,1.0024520255469964
24966.0,23943.0,1.0037903999621312
24987.0,26671.0,1.0015857538927142
24991.0,26664.0,1.003736309218704
23523.0,2080.0,1.0
23554.0,39276.0,1.0023980142998212
23580.0,9701.0,1.0030275314035122
24599.0,35152.0,1.0016701817861628
24645.0,43371.0,1.0024713343729736
24698.0,3430.0,1.00298790721552
23087.0,27572.0,1.0007859129177263
23087.0,28505.0,1.0006987735420678
23087.0,30234.0,1.0018034603854158
23087.0,34481.0,1.0007711420138583
23087.0,14232.0,1.0006004763778158
23087.0,15416.0,1.0
23087.0,44318.0,1.002549288178266
23087.0,35472.0,1.000685511811348
23087.0,40561.0,1.0009402812655095
23087.0,41804.0,1.0
23087.0,41989.0,1.000375201654931
22916.0,7013.0,1.0003499434909446
22922.0,23849.0,1.002687008049954
22976.0,26494.0,1.0049459187399137
22976.0,27158.0,1.0030718874851647
23035.0,31388.0,1.0001509810661948
23059.0,25167.0,1.0027487569716167
23067.0,23967.0,1.0007068544037536
26143.0,74.0,1.0051123017081802
26297.0,10490.0,1.0023756760120193
26120.0,16763.0,1.0015871445670326
26088.0,31385.0,1.0017874836574951
26046.0,23175.0,1.0038697401615206
25619.0,27726.0,1.003040912216361
25659.0,29994.0,1.000914262689562
25723.0,27861.0,1.0033272772016721
25847.0,20313.0,1.0039335607388944
25868.0,27392.0,1.0026865376900027
26476.0,27940.0,1.0042187796547875
26648.0,30929.0,1.0013081694668267
26648.0,31231.0,1.0
26648.0,25326.0,1.0
26648.0,8376.0,1.0015529173108504
26648.0,8886.0,1.002898321454555
26648.0,9907.0,1.0008023621333375
26648.0,11220.0,1.0
26648.0,8048.0,1.0
26648.0,13945.0,1.0003056824975018
26648.0,30972.0,1.0
26648.0,31365.0,1.000460946624339
26648.0,30361.0,1.0
26648.0,30389.0,1.0016657317542643
26648.0,30469.0,1.0
26648.0,30501.0,1.0002291617508416
26648.0,30507.0,1.000338448314919
26648.0,30522.0,1.0
26648.0,30796.0,1.000768653136823
26648.0,34463.0,1.0020789442115727
26648.0,34494.0,1.0007536148724643
26648.0,34513.0,1.0
26648.0,35168.0,1.0
26648.0,35178.0,1.00052099988308
26648.0,35991.0,1.0014014034348329
26648.0,36017.0,1.0
26648.0,32706.0,1.0
26648.0,31896.0,1.0001257282726481
26648.0,32209.0,1.0014148982551148
26648.0,32423.0,1.0011477198678311
26648.0,32469.0,1.0
26648.0,19495.0,1.0005787429185404
26648.0,19804.0,1.0029176715169394
26648.0,21937.0,1.000261145491371
26648.0,23560.0,1.0017326475069985
26648.0,23799.0,1.0025717628773698
26648.0,18586.0,1.0
26648.0,14178.0,1.0012226876894523
26648.0,14556.0,1.0
26648.0,18432.0,1.0
26648.0,28787.0,1.000924422537988
26648.0,28865.0,1.0
26648.0,28909.0,1.0008542680996193
26648.0,29984.0,1.0003536697830864
26648.0,30093.0,1.000138518478535
26648.0,30133.0,1.0009064928746192
26648.0,28749.0,1.0011977389282842
26648.0,27202.0,1.0
26648.0,27814.0,1.0002313011685984
26648.0,28179.0,1.0
26648.0,28415.0,1.000082513985436
26648.0,28601.0,1.0
26648.0,37265.0,1.0020969733776528
26648.0,42905.0,1.00182683741977
26536.0,38416.0,1.003439091934569
26587.0,37284.0,1.0021648733638546
25597.0,35889.0,1.0
25597.0,38760.0,1.0
25597.0,39009.0,1.0
25597.0,39049.0,1.0
25597.0,39456.0,1.0001778975315379
25597.0,39512.0,1.0
25597.0,37459.0,1.000620602389596
25597.0,37557.0,1.000390936209048
25597.0,37651.0,1.0004958787291856
25597.0,37802.0,1.0
25597.0,38015.0,1.0
25597.0,46171.0,1.0002421629549396
25597.0,47722.0,1.0
25597.0,47752.0,1.0
25597.0,47839.0,1.000039915016288
25597.0,48450.0,1.0001326993657285
25597.0,45576.0,1.0001647315409934
25597.0,45462.0,1.0
25597.0,40312.0,1.0000520284075347
25597.0,41270.0,1.001737641832931
25597.0,41908.0,1.0002143525770344
25597.0,42946.0,1.0
25597.0,37385.0,1.0000634607717516
25597.0,37309.0,1.0007778445857984
25597.0,36535.0,1.0004226107681629
25597.0,14190.0,1.0
25597.0,31328.0,1.0001156763637924
25597.0,31972.0,1.000244031409821
25597.0,32149.0,1.0000362761868589
25597.0,34361.0,1.0002616030356766
25597.0,36288.0,1.0
25597.0,36330.0,1.0
25597.0,36746.0,1.0
25597.0,36797.0,1.0000877883276802
25597.0,37221.0,1.0000800896926587
25597.0,32805.0,1.0014231386638528
25597.0,34863.0,1.0016507537211292
25597.0,35336.0,1.0001089935822312
25597.0,35680.0,1.0006283685257285
25597.0,37329.0,1.0
16777.0,47243.0,1.0010626670675256
16778.0,1367.0,1.0032360860678664
16852.0,22456.0,1.0028237735466652
16878.0,13910.0,1.0023942899523612
16889.0,7119.0,1.002559944499802
16894.0,28897.0,1.0046860324382414
16952.0,18943.0,1.0031447738858332
16959.0,47449.0,1.0031382517867358
16965.0,6788.0,1.0043772608543549
16965.0,18950.0,1.0023014324103172
16419.0,20473.0,1.002593559801051
16577.0,10461.0,1.0011379053662988
16672.0,14886.0,1.0009703810345056
16700.0,19915.0,1.002557193891943
16700.0,22489.0,1.005388649768502
16711.0,18628.0,1.0043300929969656
17218.0,19223.0,1.0034407120682949
17355.0,22068.0,1.0035469669832935
17358.0,7087.0,1.0032942342661288
17358.0,19477.0,1.002493115673217
16968.0,13554.0,1.0044240063501602
16968.0,17608.0,1.00279774026916
17044.0,18635.0,1.0026915865216075
17062.0,19042.0,1.0054682532588037
17062.0,19044.0,1.0053173741687718
17070.0,9089.0,1.003752983239526
15636.0,15538.0,1.0032718907360143
15649.0,8739.0,1.0067550729364765
15936.0,16920.0,1.0052208291643376
15949.0,18173.0,1.0014715287637732
15288.0,45893.0,1.001506199062333
15288.0,44879.0,1.0021799163727452
15288.0,34888.0,1.0021832370114736
15288.0,41755.0,1.003591292168898
15288.0,42400.0,1.0030991862669292
15288.0,4762.0,1.0016620019274918
15288.0,17530.0,1.0029136291033414
15288.0,18573.0,1.0001648325612793
15288.0,19625.0,1.001033944204703
15288.0,19784.0,1.0016147960384953
15288.0,23504.0,1.002137228774797
15288.0,44876.0,1.0
15483.0,8420.0,1.0033125664478146
15574.0,17695.0,1.0017856184564533
15961.0,35213.0,1.00517215882292
15977.0,28672.0,1.0019325803654133
15977.0,52027.0,1.00266644575884
16282.0,20006.0,1.003053357561645
16201.0,38383.0,1.0013301394137841
16194.0,14683.0,1.0000877304374012
16003.0,5268.0,1.0019959075257308
16003.0,19813.0,1.0013403535287488
17394.0,19298.0,1.0057248910621481
17494.0,19362.0,1.0039540811598104
18322.0,5986.0,1.0023961882451107
18331.0,9663.0,1.0019837399478564
18335.0,18420.0,1.0011649921407533
18335.0,22170.0,1.001835470610374
18335.0,34272.0,1.0040911810865287
18008.0,25280.0,1.0004414985303256
18008.0,46071.0,1.0
18008.0,19943.0,1.0
18012.0,26947.0,1.004086897774157
18381.0,45514.0,1.001254521497591
18404.0,15282.0,1.0008239129044425
18414.0,20001.0,1.0011359048492132
18450.0,20092.0,1.0006699729276232
18519.0,6114.0,1.0027727743210744
17572.0,28230.0,1.002880725967303
17572.0,415.0,1.001883062753073
17572.0,16490.0,1.0022583380442243
17575.0,40278.0,1.0018754178268934
17590.0,19353.0,1.0
17748.0,19974.0,1.0039778932490915
17811.0,44214.0,1.0010917974910392
17526.0,39327.0,1.0034959353193909
17546.0,20003.0,1.0033518475753345
17834.0,40207.0,1.00410510243478
17834.0,43009.0,1.0029581771061948
17948.0,20835.0,1.0023578788951304
17960.0,19776.0,1.0039878175315062
17986.0,47525.0,1.0013558914772485
17914.0,41380.0,1.0018009657626956
13949.0,16313.0,1.0009235913462793
13967.0,16864.0,1.0
13967.0,27390.0,1.000163565513676
13521.0,16198.0,1.00169674030154
13630.0,4972.0,1.002439501525092
13995.0,34205.0,1.0030927761606712
14160.0,16313.0,1.0014083881339075
14205.0,15004.0,1.0035097142521603
14436.0,16825.0,1.002689085800759
14071.0,1959.0,1.0035661952677244
14002.0,8095.0,1.0004328773903266
14002.0,22241.0,1.002394415520858
14002.0,22770.0,1.0010608915541215
14008.0,16277.0,1.0027492059983294
14018.0,16479.0,1.00018380107995
14064.0,10864.0,1.0007222548878059
14114.0,6798.0,1.0017826838038795
11957.0,25249.0,1.0034504699044942
11957.0,15238.0,1.0020529458636591
11993.0,8080.0,1.0034170228829502
12033.0,15460.0,1.0044487238223523
12034.0,16096.0,1.0039979552479894
13133.0,1990.0,1.0012913698677621
11905.0,13652.0,1.0
11777.0,1770.0,1.0026762197829078
11795.0,14707.0,1.0028901466327516
11798.0,1367.0,1.0016970977194166
11849.0,13798.0,1.0032754651589668
11870.0,15445.0,1.0033752986189106
13187.0,23513.0,1.0024245737126307
13418.0,18168.0,1.0
13464.0,23964.0,1.0019378423734564
13464.0,26764.0,1.0013321273923301
13190.0,4409.0,1.0030049499162341
13333.0,15278.0,1.0037413633164691
13388.0,10674.0,1.0039138934354268
15099.0,17422.0,1.0025437343765913
15118.0,8531.0,1.0025406519064055
15184.0,7477.0,1.0011431933941115
15184.0,50080.0,1.0009188030028529
15249.0,14745.0,1.0013205866752273
15272.0,17584.0,1.0033624132198242
15040.0,16414.0,1.0027758100279736
14819.0,23757.0,1.0008463127367715
14911.0,2839.0,1.00169242211337
14912.0,8263.0,1.0022853118328885
14912.0,6180.0,1.002978859492335
14765.0,18001.0,1.0018497358220324
14582.0,28446.0,1.0
14582.0,7209.0,1.0010469811919371
14582.0,23964.0,1.0016515251372935
14582.0,28907.0,1.0015962423281264
14582.0,31055.0,1.001429647996867
14582.0,32720.0,1.0019529257715685
14582.0,34598.0,1.000292084815745
14582.0,27965.0,1.0005688807026558
14582.0,27801.0,1.002347303105572
14582.0,25123.0,1.0009012558110666
14467.0,7287.0,1.0008328858534785
14508.0,13720.0,1.0007206865623328
14740.0,17921.0,1.0029928204214726
14740.0,19845.0,1.0040998673483015
14749.0,17156.0,1.0028460182069132
14736.0,13976.0,1.0022073549333659
14622.0,36099.0,1.003859402626275
14651.0,19679.0,1.0031170638135818
14696.0,42318.0,1.0023708576427828
18544.0,21969.0,1.003538200575795
18604.0,22073.0,1.0015253730747355
18604.0,39193.0,1.0008854509292355
18604.0,26964.0,1.0029017911721658
18604.0,3435.0,1.0028330419174178
18604.0,22452.0,1.0018713001509236
18604.0,22258.0,1.000551575528798
18604.0,9193.0,1.0017922770202992
18604.0,21905.0,1.0005314124023594
18604.0,22086.0,1.0031986371022725
18604.0,22224.0,1.0015325246367897
21289.0,40697.0,1.0004249628621213
21289.0,47977.0,1.0010205358646023
21289.0,50302.0,1.0017235864779603
21289.0,50324.0,1.000484103205845
21289.0,50460.0,1.0001903075883645
21289.0,50724.0,1.0018732536975752
21289.0,49877.0,1.0029195647705393
21289.0,24055.0,1.000109924892113
21289.0,49805.0,1.0020870280546215
21224.0,19668.0,1.0030291326749725
21262.0,22463.0,1.0023744015638574
21297.0,48450.0,1.0031888470715737
21297.0,3348.0,1.002298073256666
21297.0,19771.0,1.0041464549960546
21297.0,28424.0,1.0025470968102084
21297.0,48333.0,1.0032575403115307
21433.0,30753.0,1.0027591246740404
21433.0,30264.0,1.0028899677114913
21433.0,30231.0,1.0007404662990194
21433.0,26913.0,1.0007856535112607
21441.0,22412.0,1.0015318324808788
21463.0,22632.0,1.0053876610282502
21494.0,22684.0,1.002916734702993
21533.0,30983.0,1.0005340061605938
21331.0,22663.0,1.00516892919736
20749.0,26782.0,1.002639757008453
20749.0,28314.0,1.0033650128808314
20749.0,30659.0,1.0009617928566779
20749.0,31041.0,1.0003616441030927
20749.0,31156.0,1.0
20749.0,27612.0,1.0005775220162487
20749.0,27822.0,1.0012408336784306
20749.0,27882.0,1.0015937550881278
20749.0,27934.0,1.0024583211899603
20749.0,28135.0,1.0017691693508646
20749.0,29951.0,1.001415680357033
20749.0,27536.0,1.0021316483792344
20749.0,6738.0,1.0020423537830534
20749.0,8135.0,1.0018654971303274
20749.0,27040.0,1.0
20749.0,27123.0,1.0006126131629658
20749.0,27291.0,1.000767115029958
20749.0,27033.0,1.0018620715201108
20749.0,22345.0,1.0018930981669036
20749.0,27019.0,1.0006427369650779
20749.0,22525.0,1.001754768848052
20749.0,22555.0,1.0011406024400091
20749.0,22630.0,1.0001532715835573
20749.0,22735.0,1.0012214621886812
20749.0,22958.0,1.0026203449015578
20776.0,20389.0,1.0
20816.0,5057.0,1.0
20874.0,22489.0,1.0052187821170715
21537.0,22732.0,1.0029376568610742
21074.0,22020.0,1.0003260860341396
21118.0,22606.0,1.001805791174737
21135.0,22347.0,1.0017923886304758
21196.0,2153.0,1.0010198095437832
21196.0,26450.0,1.0016431579217333
21208.0,17409.0,1.0029342460267898
21027.0,22607.0,1.002636228581282
20901.0,22091.0,1.000927976367505
20991.0,22890.0,1.0000722547582834
20991.0,23072.0,1.001427002139864
21016.0,22411.0,1.002086083350896
21016.0,22464.0,1.0014189800109063
21542.0,26918.0,1.0004084522444514
21543.0,25222.0,1.0018203987731116
22247.0,8367.0,1.0017429385338068
22247.0,49811.0,1.0029939326841977
22247.0,44313.0,1.0017058388436046
22247.0,44354.0,1.0024602647716998
22288.0,5480.0,1.0022441383702274
22324.0,50544.0,1.0018461288094365
22324.0,52234.0,1.002380268828595
22364.0,22476.0,1.0047658592157442
22224.0,15573.0,1.0032361395604537
21826.0,37520.0,1.0019309082806578
21862.0,22785.0,1.0008971461136957
21903.0,28667.0,1.0019907390538811
21907.0,38434.0,1.0020549394175002
21916.0,23004.0,1.0029564638019632
21930.0,47251.0,1.0008716968322648
21768.0,23078.0,1.0031181193618595
21570.0,22730.0,1.0
21614.0,40098.0,1.0025357025649093
21714.0,26372.0,1.0023921591235838
21963.0,36950.0,1.001362201525635
21963.0,49844.0,1.0039203982834735
21963.0,32555.0,1.0040500148879286
21963.0,39300.0,1.0031237024036268
21963.0,35729.0,1.0018150120044087
21963.0,36456.0,1.0025186402867645
21963.0,36883.0,1.0008512082003374
21963.0,38107.0,1.0023313774453533
21976.0,31481.0,1.0001238219473803
22010.0,23095.0,1.0
22031.0,23111.0,1.0038601296421799
22157.0,3257.0,1.001115886097243
22157.0,4217.0,1.002323333066697
22188.0,32474.0,1.0012190535517451
19250.0,1304.0,1.001868594343151
19250.0,16765.0,1.0025545871466306
19250.0,7942.0,1.0011592326563195
19250.0,8742.0,1.001873885834828
19250.0,13535.0,1.0001229154479545
19250.0,14654.0,1.0001006434945048
19250.0,16743.0,1.000695427351927
19250.0,17400.0,1.0006523502033742
19250.0,2970.0,1.0007719886033295
19250.0,22384.0,1.002518090812437
19250.0,20523.0,1.0032463590501939
19250.0,20767.0,1.0
19250.0,22017.0,1.0
19250.0,22029.0,1.0
19114.0,23408.0,1.002226788575037
19169.0,20459.0,1.004364194595604
19183.0,31989.0,1.0013468367065934
19183.0,23354.0,1.0
19338.0,20649.0,1.000653058106254
19346.0,33135.0,1.0013076518857549
19346.0,5109.0,1.0025928355167013
19346.0,20831.0,1.000054579438294
19346.0,27769.0,1.0022140562159327
19346.0,32174.0,1.0014090688181616
19346.0,52063.0,1.000963954712119
19085.0,20459.0,1.0023886256291392
19086.0,36704.0,1.0063160571642722
18646.0,52023.0,1.003096462725472
18646.0,44652.0,1.001499960617507
18880.0,20304.0,1.0045237766663815
18882.0,1319.0,1.0
19054.0,20645.0,1.0031487145306066
18784.0,20276.0,1.0010511725294682
18755.0,22395.0,1.004416386557104
18704.0,20124.0,1.0059492620597352
18704.0,14028.0,1.003416346185134
18708.0,20216.0,1.0037634760140113
20701.0,37557.0,1.0024282889625542
20701.0,35451.0,1.0008946450570242
20701.0,37381.0,1.003391053023957
20701.0,40117.0,1.0009606757928944
20701.0,43736.0,1.0021382590233294
20701.0,14147.0,1.0023129350051738
19631.0,45130.0,1.0036062847858058
20688.0,39998.0,1.002910556284397
20688.0,40585.0,1.002984487743911
20695.0,27723.0,1.0
20695.0,35028.0,1.0
20695.0,38031.0,1.0
19407.0,20767.0,1.0
19407.0,22394.0,1.000973823281853
19407.0,26656.0,1.0008215126216318
19441.0,19762.0,1.0017102136967948
19393.0,14556.0,1.002242091496631
19504.0,20716.0,1.0020759940355928
19552.0,19744.0,1.0016013220197366
19552.0,9268.0,1.0016568005189208
19552.0,22145.0,1.0027441225824578
19552.0,20885.0,1.001878792558262
19552.0,22034.0,1.0019906204642202
19552.0,22303.0,1.0015487129621312
19552.0,22557.0,1.0012011754225978
19552.0,20588.0,1.0037661814159822
19552.0,19169.0,1.0009993312020082
19552.0,20632.0,1.0033547851374574
19548.0,16784.0,1.002554357904832
11771.0,16022.0,1.0029477127651174
41728.0,47917.0,1.0
41728.0,41773.0,1.0007050348400999
41728.0,19044.0,1.0010092786205886
41728.0,45380.0,1.0
41728.0,51916.0,1.0000974644696943
41728.0,40677.0,1.0001491688639408
41728.0,45463.0,1.0004270514771572
41728.0,45808.0,1.0
41728.0,46097.0,1.0009182849905645
41728.0,46098.0,1.0
41728.0,47184.0,1.0
41728.0,47282.0,1.0
41728.0,47453.0,1.0031284781294096
41728.0,44039.0,1.0011957497759048
41728.0,44267.0,1.0
41728.0,47716.0,1.0006994839702867
41728.0,48530.0,1.0014556664996666
41728.0,48586.0,1.0014675783908524
41728.0,50025.0,1.0
41728.0,50044.0,1.0009971275660117
41728.0,50047.0,1.0014781479549388
41728.0,35082.0,1.002935983271725
41728.0,35132.0,1.0002753121231032
41728.0,40346.0,1.0
41728.0,13551.0,1.0
41728.0,17718.0,1.000187188594068
41728.0,40444.0,1.001325614520766
41728.0,42255.0,1.0009175958675147
41728.0,42705.0,1.001508772564962
41728.0,43018.0,1.0001700166449623
41728.0,40629.0,1.0000042949591887
41728.0,41372.0,1.0011437199010405
41728.0,45479.0,1.0005509885582882
41812.0,39398.0,1.0027707536940778
41815.0,5611.0,1.001653050067388
41815.0,14581.0,1.0009330964465706
41815.0,47505.0,1.0005595931623708
41455.0,45298.0,1.0021342518522465
41486.0,19836.0,1.004867290581608
41577.0,47854.0,1.0007371156068443
41577.0,44230.0,1.0015733575613655
41587.0,39235.0,1.001201778694611
43527.0,45264.0,1.0120661158139608
43563.0,41562.0,1.001978843940767
43563.0,47560.0,1.0015639083011276
43603.0,47305.0,1.0002830549125261
43603.0,42268.0,1.0002081702984222
43603.0,40881.0,1.0032408086750995
43603.0,43779.0,1.0018158576625005
43603.0,40898.0,1.000766271200318
43603.0,40983.0,1.0
43603.0,41066.0,1.0018270676113497
43603.0,41214.0,1.0
43603.0,41401.0,1.000846740355411
43603.0,41422.0,1.0
43603.0,44977.0,1.0009800790247185
43512.0,40431.0,1.0062815164685965
43509.0,3486.0,1.0031756216678565
43242.0,35190.0,1.0025372353912045
43242.0,38629.0,1.0014288943620584
43268.0,42600.0,1.0029051827301247
43293.0,40270.0,1.0024447981315103
43852.0,42132.0,1.0030856812196536
43898.0,20347.0,1.00193323450315
41916.0,49969.0,1.002168830428103
41916.0,50591.0,1.001693002987287
41916.0,15609.0,1.0020282448812492
41916.0,40107.0,1.003651647847827
41965.0,39437.0,1.0032954061863024
41985.0,39495.0,1.002139067485642
42326.0,39630.0,1.0027545085070642
42348.0,765.0,1.001669236543132
42448.0,39752.0,1.0021905352678766
41882.0,52234.0,1.003998446560424
43058.0,40096.0,1.0
43133.0,38529.0,1.00082455922464
43182.0,35883.0,1.0015809443940145
42661.0,27662.0,1.0014302269958992
42706.0,42515.0,1.002605585801851
42780.0,39016.0,1.00160357409319
39204.0,37566.0,1.0047320958655774
39225.0,37613.0,1.0026203506890627
39309.0,40397.0,1.0020864416430237
39185.0,30147.0,1.0036100510561736
39375.0,39138.0,1.0015456226276664
39402.0,36038.0,1.0020548022745308
39100.0,43057.0,1.0026189173140616
38979.0,41870.0,1.0012767616265326
38979.0,26988.0,1.002392525130638
39009.0,46016.0,1.0004444853138736
39408.0,38088.0,1.0024465477138957
39592.0,52229.0,1.0000205205673436
39663.0,39149.0,1.0028167801990118
38970.0,37388.0,1.0032724235473012
39459.0,42515.0,1.0007911486790166
39459.0,42169.0,1.0000183746684144
39479.0,37796.0,1.0021319679774945
38429.0,34370.0,1.0039198607081339
38429.0,40672.0,1.0041163123498604
38429.0,39288.0,1.0025607219207051
38429.0,39822.0,1.003336694195282
38429.0,40947.0,1.002798993460401
38429.0,38871.0,1.0018434843546131
38429.0,40970.0,1.0028314330715544
38429.0,25207.0,1.0
38429.0,38008.0,1.0013404432991102
38429.0,38196.0,1.004906336969123
38429.0,38425.0,1.001209794006274
38429.0,38501.0,1.00099581831412
38429.0,38670.0,1.0042811249571049
38429.0,41512.0,1.004131283018143
38429.0,42354.0,1.0032293164019086
38429.0,43587.0,1.0018932489253938
38429.0,43688.0,1.0017675433901212
38403.0,50364.0,1.0025610047137203
39683.0,43198.0,1.003822519314222
38771.0,35977.0,1.0024566208394599
38786.0,37269.0,1.0035936732149109
38511.0,19022.0,1.006137260338685
40542.0,38520.0,1.0049215258053517
40775.0,38645.0,1.002343689860394
40806.0,38951.0,1.0021556158440093
40287.0,3246.0,1.0029990132330224
40121.0,38191.0,1.0059968449533419
40122.0,47821.0,1.0021044939879071
40122.0,47176.0,1.002875394255294
40122.0,45631.0,1.0023619323994453
40235.0,32926.0,1.001811220941377
40846.0,39053.0,1.0021546852869092
40846.0,4146.0,1.001389740525595
40846.0,41524.0,1.0017768262557918
41053.0,41434.0,1.0013236534212595
41194.0,14255.0,1.0026170463072284
40963.0,38423.0,1.0
40963.0,13896.0,1.000507481137962
40916.0,42653.0,1.0028038665904728
40916.0,48031.0,1.0016742555344642
40916.0,44941.0,1.0014035436711126
39975.0,38088.0,1.0018439045147358
39774.0,42495.0,1.0
39774.0,47395.0,1.0004828494619553
39774.0,47405.0,1.0014199801793615
39774.0,37989.0,1.0015010328421734
39774.0,38080.0,1.0015024736673932
39774.0,41285.0,1.0003574212964716
39774.0,48399.0,1.0006576968181853
39774.0,47487.0,1.002488373849894
39774.0,47640.0,1.000884031787159
39774.0,48245.0,1.00212524760982
39844.0,39028.0,1.0
39853.0,38716.0,1.0032291889760436
39853.0,47605.0,1.0031801568929364
52399.0,48378.0,1.00064225926378
52399.0,45838.0,1.0001641203586267
52410.0,45249.0,1.0039515356069435
52413.0,50364.0,1.0023548846592762
52482.0,45329.0,1.0018331396817355
52503.0,45353.0,1.0036339335803561
52183.0,47927.0,1.0120309279288071
52183.0,45603.0,1.015172850400403
53272.0,52134.0,1.0025869150413393
53415.0,28010.0,1.0001271161512824
52703.0,45668.0,1.0018882881507516
53054.0,50728.0,1.0060915899540284
53054.0,51852.0,1.00288962899734
53054.0,51864.0,1.0042982836815608
52086.0,47505.0,1.0029818773078965
50189.0,1851.0,1.0020366899293485
50277.0,44684.0,1.0015551656487145
50315.0,44245.0,1.0014596438871906
50315.0,44551.0,1.0
50566.0,39189.0,1.0026149123204244
48453.0,40084.0,1.0002108858217105
48566.0,43742.0,1.0026684014434306
48703.0,43805.0,1.0024471946862146
48813.0,22970.0,1.0032351545252984
49874.0,45993.0,1.0024304322394317
50602.0,45426.0,1.001595543092378
50794.0,43910.0,1.0014712051239942
50830.0,231.0,1.0017265393637924
50875.0,9144.0,1.0035663461897357
50615.0,44525.0,1.0
50680.0,14134.0,1.0026804105160965
50765.0,44687.0,1.0035648231288192
58219.0,45878.0,1.004023252345114
58664.0,51998.0,1.0017579151586027
58675.0,15253.0,1.00203182815574
58675.0,50551.0,1.0027147596410657
58675.0,35185.0,1.0029740043845778
58675.0,50500.0,1.0014779414422887
57213.0,48517.0,1.0029367075928006
57213.0,28770.0,1.0035018509072149
57250.0,48530.0,1.005710666221068
57538.0,50385.0,1.0021055977301687
57647.0,49782.0,1.0
59737.0,52232.0,1.0031023147810825
59921.0,51973.0,1.0022956107206664
60062.0,4996.0,1.0019824953414969
60082.0,35204.0,1.0027038623302418
60322.0,52177.0,1.0
59625.0,3571.0,1.0009241962797006
59559.0,45808.0,1.0012531469436845
58856.0,12494.0,1.0002856854866022
59026.0,42638.0,1.002211037967897
59131.0,42641.0,1.0050930837199752
59550.0,52058.0,1.0024457599731393
57202.0,51934.0,1.0042081089029522
57202.0,52036.0,1.006049147509872
57202.0,51910.0,1.0037069876320555
57202.0,49823.0,1.0022033085814097
57202.0,50070.0,1.003703663138121
55457.0,48409.0,1.005026415761927
55495.0,47475.0,1.0014855607329525
55499.0,46056.0,1.0037269548582435
55499.0,46129.0,1.003096475023323
55598.0,48409.0,1.0038084454049152
55806.0,47453.0,1.0045148039324505
55839.0,47627.0,1.0004673666648782
55215.0,47294.0,1.0011754796745609
53506.0,38915.0,1.0027680948679853
53771.0,10625.0,1.0023975739371516
53859.0,46083.0,1.0015167829507716
56765.0,48204.0,1.0024102686289158
56809.0,44719.0,1.0024766292452731
56885.0,10875.0,1.0048024875088837
56936.0,40347.0,1.0043184238585667
57017.0,48397.0,1.0015247544077812
57055.0,50445.0,1.0039541123081608
56104.0,47809.0,1.0013957086348955
56156.0,50713.0,1.0018380923462582
56297.0,47933.0,1.0
45957.0,41945.0,1.0033796709946352
46077.0,15951.0,1.0001146709644664
46077.0,7334.0,1.0016767934973434
46077.0,42414.0,1.0
46077.0,43399.0,1.0002349485010336
45501.0,47873.0,1.0005568986336575
45661.0,43482.0,1.0010245496535621
45719.0,44142.0,1.0015370761449915
46142.0,42050.0,1.0037478051636173
46152.0,42063.0,1.0031182850675393
46182.0,42268.0,1.0011016502926648
46182.0,45833.0,1.0002171030779772
46223.0,43917.0,1.001480385165156
46288.0,50373.0,1.0052805068502637
46124.0,43878.0,1.0005023306750127
46093.0,45717.0,1.0032558775760017
46093.0,48509.0,1.0014265630264898
44268.0,40950.0,1.0002323077107134
44268.0,42733.0,1.0002306968202692
44268.0,36901.0,1.00226036819699
44274.0,40943.0,1.0026098248841728
44609.0,41040.0,1.0029140138247066
44705.0,41093.0,1.0064403105841238
44206.0,42627.0,1.005983834656828
43981.0,40716.0,1.0026849133205145
43981.0,41833.0,1.002565965854148
44152.0,51852.0,1.0009241090425662
44152.0,42077.0,1.0030835617775227
44152.0,48348.0,1.0021706867184283
44155.0,40790.0,1.003014305415213
45112.0,41361.0,1.0
45121.0,46023.0,1.0019570238330087
45173.0,41361.0,1.0008517773267291
45178.0,41245.0,1.0020020201658677
45281.0,44376.0,1.002754936737451
45049.0,7494.0,1.0011870995319432
44762.0,41824.0,1.0
44787.0,18080.0,1.0017289414908621
44999.0,41271.0,1.0053702577980097
45037.0,41292.0,1.0019563044581397
46320.0,40681.0,1.0028491537820967
48036.0,50732.0,1.0004531320474839
48234.0,43482.0,1.0026889566202433
48266.0,43993.0,1.0076570939277605
48266.0,52003.0,1.0086950323218755
48266.0,8407.0,1.0086208032925703
48266.0,28210.0,1.0092752548078139
48266.0,34773.0,1.0086793760816521
48266.0,41559.0,1.008784908004753
48266.0,44071.0,1.0098939669899287
47435.0,51876.0,1.004016814947967
47445.0,50629.0,1.0026906967803522
47189.0,6010.0,1.0018376746485176
46498.0,42436.0,1.0042798491290026
46498.0,42588.0,1.0031236488614153
46756.0,38290.0,1.0039049094376487
46385.0,41234.0,1.0031040331446945
46389.0,28696.0,1.003418945046391
46433.0,9081.0,1.002983278251477
46433.0,48559.0,1.000602008600551
46435.0,19914.0,1.0019249039214344
47045.0,42749.0,1.0009450772979982
47069.0,45738.0,1.0003967739774091
47018.0,37352.0,1.0022827754652672
46917.0,50364.0,1.0016198978878332
46796.0,44903.0,1.0005258858799329
46796.0,42630.0,1.0005557620279582
46796.0,43955.0,1.0
46856.0,5537.0,1.002897840375874
46867.0,10707.0,1.0001440665916648
46916.0,42660.0,1.002730434705732
30536.0,31333.0,1.0
30596.0,43914.0,1.0003399025845516
30596.0,39276.0,1.0017484634877902
30596.0,36710.0,1.0
30596.0,40687.0,1.0
30596.0,44499.0,1.0014254880093652
30596.0,38696.0,1.0
30596.0,15344.0,1.0013744902325514
30596.0,34403.0,1.0006792385441468
30596.0,34516.0,1.000040961773974
30596.0,35234.0,1.000128754293461
30596.0,43550.0,1.0
30596.0,40936.0,1.000968006756024
30596.0,40481.0,1.001583151445643
30596.0,36658.0,1.0021613071552635
30596.0,37428.0,1.0
30307.0,23395.0,1.005143972745402
30307.0,42662.0,1.0034247697484238
30307.0,40438.0,1.005378216372453
30350.0,50105.0,1.0004742204153927
29579.0,48557.0,1.0026694249003645
29579.0,7340.0,1.0
29579.0,45770.0,1.0
29579.0,41065.0,1.0004944221172198
29579.0,47227.0,1.0
29579.0,41089.0,1.0015373388601814
29579.0,40156.0,1.0
29579.0,45715.0,1.0012543847625635
29579.0,46056.0,1.0016780204330908
29579.0,43592.0,1.0
29579.0,50023.0,1.0015905745813425
29579.0,27590.0,1.0004313827011713
29579.0,43736.0,1.000197267898373
29579.0,14181.0,1.0
29579.0,47238.0,1.0010072542207213
29579.0,39752.0,1.0
29579.0,31822.0,1.0
29579.0,47220.0,1.0
29579.0,50092.0,1.000673333951212
29579.0,40079.0,1.0
29579.0,40113.0,1.0009883698415556
29579.0,47758.0,1.0
29579.0,51973.0,1.0
29579.0,43910.0,1.0
29579.0,46023.0,1.0
29579.0,45759.0,1.0023269235164138
29579.0,47355.0,1.0
29579.0,43973.0,1.000421677029494
29579.0,52168.0,1.0
29579.0,50231.0,1.0
29579.0,50326.0,1.0
29579.0,50380.0,1.0
29579.0,51830.0,1.002718780397951
29579.0,41595.0,1.0
29579.0,41959.0,1.0
29579.0,8790.0,1.0
29579.0,39711.0,1.0
29579.0,46112.0,1.0
29579.0,47201.0,1.0
29579.0,45343.0,1.0001519618905221
29579.0,48611.0,1.0
29579.0,49655.0,1.0
29579.0,47632.0,1.0
29579.0,47681.0,1.001155313364813
29579.0,50112.0,1.0
29579.0,41080.0,1.000667936929697
29579.0,40460.0,1.0
29579.0,39922.0,1.0
29579.0,40146.0,1.0013813330816894
29579.0,40152.0,1.0019894228953068
29579.0,40168.0,1.0014989993873105
29579.0,40367.0,1.002268799035097
29579.0,40443.0,1.0000201717761132
29579.0,43747.0,1.000101614601471
29579.0,44681.0,1.0
29579.0,41659.0,1.0
29579.0,41741.0,1.0004930471162585
29579.0,41860.0,1.0
29921.0,16568.0,1.0
30066.0,32092.0,1.0024484640243634
30092.0,30953.0,1.0039759376732187
30705.0,31349.0,1.0005652519074195
31941.0,32283.0,1.0048479229642213
31982.0,26907.0,1.0042099776466997
31988.0,38533.0,1.0032031777159136
31988.0,48521.0,1.002625152564341
31988.0,37230.0,1.0012813304632187
31988.0,43525.0,1.00224977106088
31721.0,35390.0,1.0031196564044853
31316.0,32250.0,1.0054246687763755
31416.0,31831.0,1.00269311219953
31570.0,19373.0,1.0011384934626113
32040.0,32358.0,1.001154570550059
32064.0,39600.0,1.0075215038286298
32064.0,38126.0,1.0062195333181627
32064.0,38386.0,1.0084275776488025
32064.0,44703.0,1.007327268772628
32064.0,45162.0,1.0072892426410527
32064.0,47815.0,1.0084136940569937
32064.0,47951.0,1.0075255146566016
32064.0,51866.0,1.0054584845010897
32064.0,45321.0,1.0074552577638052
32007.0,28422.0,1.0016862226692056
31229.0,51936.0,1.013094858090288
30819.0,42662.0,1.0003231432292259
30819.0,32326.0,1.0003102028813606
30819.0,35764.0,1.0018642751496976
30819.0,42192.0,1.0008853114529843
30819.0,20003.0,1.0011219827114521
30819.0,31534.0,1.000799773241344
30819.0,41640.0,1.0026150565709613
30819.0,10707.0,1.0
30819.0,32247.0,1.0005859104877974
30819.0,34714.0,1.0000361960361315
30819.0,39397.0,1.0008516499430602
30819.0,2330.0,1.001329245962654
30819.0,49752.0,1.0
30819.0,44933.0,1.0
30819.0,45290.0,1.0004909550053174
30819.0,48219.0,1.0
30736.0,4309.0,1.0012416818031487
30759.0,36837.0,1.0024123151033402
30759.0,35955.0,1.0025797408118227
31004.0,33110.0,1.0
31004.0,34982.0,1.0011268260805706
31029.0,39258.0,1.004743916630258
31124.0,31602.0,1.0018294907791334
31155.0,31665.0,1.0019298596443238
31186.0,27536.0,1.0027874639536336
30909.0,31521.0,1.0008427057931366
29059.0,35576.0,1.0016201107875378
28929.0,44609.0,1.001899956703996
28929.0,26784.0,1.000852006148401
28929.0,30013.0,1.0003638228158274
29073.0,50518.0,1.0023863193355613
28618.0,18161.0,1.0026811994567915
28658.0,28850.0,1.0012815449120154
28658.0,40844.0,1.0012133350628896
28602.0,30400.0,1.0022493841548596
29536.0,30788.0,1.0006225870655945
29536.0,30925.0,1.0010788381337177
29536.0,30759.0,1.002470711037491
29276.0,30339.0,1.00396890219716
29398.0,37132.0,1.001176880873646
26721.0,3093.0,1.0036048249448188
26789.0,38421.0,1.0008896604824729
26875.0,36557.0,1.0017532855962439
26662.0,28153.0,1.0022579264394826
27284.0,40900.0,1.0020492801951852
27366.0,28596.0,1.0059092944787345
28495.0,39800.0,1.0016616135367806
28497.0,37198.0,1.0035508330924041
28555.0,33127.0,1.0006347471177446
26931.0,24044.0,1.0019183274635362
26944.0,42268.0,1.0013641605987174
27004.0,28406.0,1.0024632232641437
36893.0,35977.0,1.0007526902002197
37186.0,36196.0,1.0017635243895497
37236.0,50772.0,1.0011609712152956
37236.0,39295.0,1.0
37236.0,44039.0,1.0020353271883997
37236.0,44117.0,1.0009165512907812
37236.0,43588.0,1.0017091461416197
37236.0,42248.0,1.0005933386009027
37236.0,42053.0,1.0026680690210557
37236.0,42343.0,1.0015613990987382
37236.0,40837.0,1.0019551979751724
37236.0,35054.0,1.0013496667740824
37236.0,36683.0,1.0015059952703842
37236.0,42640.0,1.0003854504007001
37236.0,42783.0,1.0011198318329078
37236.0,50201.0,1.0012461025789783
37236.0,51821.0,1.0013576625063225
37236.0,43171.0,1.0001047754563213
37236.0,47867.0,1.001214209701997
36637.0,37632.0,1.00244563187598
36637.0,40808.0,1.0031815385104272
36637.0,45448.0,1.003651496772529
36637.0,51980.0,1.0010550141137393
36637.0,42940.0,1.0031663496164072
36637.0,9418.0,1.0
36637.0,10092.0,1.002546920706485
36823.0,38227.0,1.0032636735295577
36840.0,35912.0,1.0048999787803679
36211.0,35466.0,1.0019224777430344
36257.0,40712.0,1.0030312766093388
36308.0,37503.0,1.0016204000995104
36308.0,39429.0,1.0018719565890124
36308.0,40098.0,1.0017534619222437
36308.0,40256.0,1.0021267191287175
36308.0,40383.0,1.0020136000844537
36308.0,36907.0,1.002191642448373
36308.0,37069.0,1.0021846981094458
36308.0,38818.0,1.0030786608475455
36308.0,39459.0,1.0017119099646192
36308.0,39967.0,1.00171887287661
36129.0,22722.0,1.0003128478734578
36129.0,35482.0,1.0023059528245541
35925.0,36178.0,1.0
35987.0,35288.0,1.0021100154894038
36411.0,38346.0,1.002051181138373
36415.0,40567.0,1.0046236209327533
36485.0,35464.0,1.0029735031737048
37937.0,38024.0,1.0028283292213092
37939.0,43742.0,1.0008562128867076
37939.0,47272.0,1.0006904054323749
37939.0,40168.0,1.001559497790203
37939.0,8761.0,1.00081966075983
37939.0,20180.0,1.0000555437882785
37939.0,38300.0,1.000336756593815
37939.0,39039.0,1.0015889667110514
37766.0,38921.0,1.0027503438005927
37766.0,39216.0,1.0006403935222312
37766.0,47347.0,1.0023569510781551
38256.0,10022.0,1.0006904256535345
38335.0,36965.0,1.0022148723455524
38337.0,48409.0,1.0038958335354942
38338.0,23618.0,1.0
38251.0,40624.0,1.0025554658431601
38044.0,37198.0,1.0018645187323263
38044.0,38750.0,1.003776374530582
38063.0,36812.0,1.0035546207531378
38150.0,36836.0,1.0005577149312106
37591.0,37780.0,1.0021839271985542
37277.0,35096.0,1.0017713242166029
37295.0,50518.0,1.0042884415022566
37325.0,40191.0,1.0026684451582613
37325.0,45000.0,1.0032357796159028
37325.0,44056.0,1.00344907249561
37325.0,42389.0,1.0029107578094016
37325.0,39707.0,1.0035567543646264
37325.0,40737.0,1.0020266589707996
37405.0,141.0,1.0008022248416664
37447.0,2094.0,1.0029613553845258
37541.0,36461.0,1.0027524321796368
37582.0,46145.0,1.0005321476112268
37582.0,49772.0,1.0013415470467375
35826.0,35171.0,1.0039604543052194
32459.0,39042.0,1.0028168172494367
32459.0,30860.0,1.00214209173848
32459.0,35502.0,1.0025997553038637
32459.0,35506.0,1.0038673851307869
32459.0,36697.0,1.0020728811034607
32299.0,40925.0,1.0007194048258332
32299.0,50166.0,1.0007188898834716
32299.0,42086.0,1.001011673936582
32299.0,43111.0,1.001103171940525
32299.0,43130.0,1.001874549766017
32299.0,41987.0,1.0
32299.0,5205.0,1.0
32299.0,7449.0,1.00136658971763
32299.0,17324.0,1.0009182177230485
32299.0,18871.0,1.000295485691196
32306.0,43039.0,1.0036816769877932
32630.0,41945.0,1.0007349181886898
32670.0,10327.0,1.0025738106694961
32731.0,32836.0,1.0044452627913496
32789.0,48440.0,1.0014833183282625
32491.0,37566.0,1.0015016504557237
32497.0,43427.0,1.002078903069455
32214.0,32929.0,1.0015642459084992
32262.0,34433.0,1.0014199810755846
32262.0,36312.0,1.002026531689488
32201.0,15609.0,1.002502077509094
32172.0,32509.0,1.0027102297511785
32126.0,32474.0,1.0018472792514408
32132.0,32384.0,1.002014906380483
35397.0,39352.0,1.0014500782578533
35633.0,36652.0,1.0021766740779354
35123.0,23682.0,1.000285687471551
35144.0,18434.0,1.0008708090895395
35319.0,16223.0,1.0027752466226012
35386.0,38227.0,1.0027748237732717
35731.0,42084.0,1.0013842741604095
35731.0,37663.0,1.002528123238723
35731.0,35317.0,1.0022501485030484
35731.0,36317.0,1.0013265553538082
35017.0,44150.0,1.0017058903524536
34385.0,35596.0,1.0020848157698843
34385.0,35060.0,1.0043349218297957
34424.0,50182.0,1.001385448555964
34476.0,2904.0,1.002092666891621
34550.0,38191.0,1.0038707277214547
33169.0,40348.0,1.001178217088799
34588.0,52258.0,1.0024794105480512
34705.0,38764.0,1.0004895418705309
34600.0,20660.0,1.0015783984749842
34611.0,44098.0,1.004590934230151
11702.0,15165.0,1.0016824027446491
11686.0,38976.0,1.0
11686.0,39032.0,1.0010600706565493
11686.0,42169.0,1.00080637077426
11686.0,38228.0,1.002100180132625
454.0,1319.0,1.0
454.0,1059.0,1.0001749904862427
454.0,1118.0,1.000632319928524
454.0,1920.0,1.0000762802993484
454.0,2439.0,1.0
454.0,4580.0,1.0000078460745552
454.0,5256.0,1.0006430394983468
454.0,5701.0,1.0017687197123912
454.0,6466.0,1.0013597797092848
454.0,6474.0,1.0017712829025314
454.0,6479.0,1.0022532997818627
454.0,6595.0,1.000613742837652
454.0,2982.0,1.0
454.0,3253.0,1.0009121600643538
454.0,10801.0,1.0013992300795518
454.0,13898.0,1.0014967567426056
454.0,10366.0,1.0009694983747275
454.0,7885.0,1.0003663463478027
454.0,7912.0,1.0024183424450468
454.0,8001.0,1.0
454.0,8380.0,1.0020863702679765
454.0,8881.0,1.0002912933987562
454.0,9220.0,1.0016579985510736
454.0,9973.0,1.0009923764697763
454.0,1653.0,1.0010688193530752
454.0,1805.0,1.001934330070308
454.0,2314.0,1.0010326786915766
454.0,2342.0,1.0
454.0,2485.0,1.0009234715269992
454.0,2495.0,1.0
454.0,1652.0,1.0008649998528547
454.0,1566.0,1.0004858619596968
466.0,1744.0,1.0012088370904801
482.0,6389.0,1.0027047319809659
396.0,447.0,1.0013665550585285
412.0,733.0,1.0017485876439571
417.0,2938.0,1.0019156262333182
427.0,5385.0,1.0017509548179202
427.0,11035.0,1.0001444501408374
432.0,598.0,1.0018328818525952
432.0,57.0,1.003389159743014
386.0,2968.0,1.0009335688922538
386.0,13606.0,1.002128533242267
386.0,1669.0,1.001509107984335
386.0,377.0,1.0010135474240296
386.0,10702.0,1.0011347669714634
386.0,9621.0,1.0007448941500323
386.0,6187.0,1.001581399721242
386.0,9266.0,1.0004059978994044
386.0,9004.0,1.00427717281467
386.0,2799.0,1.001923582145188
386.0,717.0,1.0007624801111794
386.0,743.0,1.0007566659018718
386.0,796.0,1.0009736271009648
386.0,979.0,1.000139966122768
386.0,4271.0,1.0006205719002739
386.0,6555.0,1.0
386.0,6562.0,1.0009036506623332
386.0,7589.0,1.0000085174452935
386.0,7722.0,1.00155579048697
386.0,7998.0,1.0004610852304472
386.0,6139.0,1.000690947180598
386.0,5881.0,1.0007716405031881
386.0,617.0,1.0001298486498178
486.0,569.0,1.0017518542303738
486.0,3451.0,1.0018051697302488
486.0,1374.0,1.0007687382775827
486.0,1438.0,1.003301886823353
486.0,2417.0,1.0030344219214444
619.0,5133.0,1.000017918644923
619.0,5321.0,1.0023794232505898
619.0,9030.0,1.0011137333303837
619.0,10996.0,1.001830567894261
619.0,14129.0,1.0019051437768292
619.0,15052.0,1.0036218844345792
619.0,2829.0,1.001083278075376
604.0,10974.0,1.0038861165027606
612.0,4135.0,1.002194850638886
612.0,2314.0,1.002795088897951
637.0,19521.0,1.0004835377350103
641.0,2934.0,1.0033752152980089
646.0,13777.0,1.001526752394132
657.0,2231.0,1.0031301381932407
657.0,2523.0,1.0023260713372353
631.0,598.0,1.0
631.0,1613.0,1.0006858595741128
631.0,2334.0,1.0002341833230897
631.0,7121.0,1.0008193665752263
627.0,4681.0,1.0013210082855524
599.0,1246.0,1.003021824513611
496.0,2578.0,1.0001742021706748
525.0,34409.0,1.0002212208164898
525.0,45591.0,1.0012986416348555
525.0,19914.0,1.00042999384967
525.0,46107.0,1.0
553.0,40718.0,1.0031867588637282
553.0,19408.0,1.0045253720084113
553.0,3544.0,1.0041907878804472
530.0,575.0,1.0043787785522433
530.0,1038.0,1.0029929293042892
530.0,1508.0,1.0026927724317383
549.0,3748.0,1.0029492067708625
212.0,1499.0,1.0015245899770973
212.0,944.0,1.0046217009536333
238.0,2667.0,1.0014126729994954
238.0,5993.0,1.0
238.0,6035.0,1.0023900589750872
238.0,9045.0,1.000393443918568
246.0,2150.0,1.0028485682646064
249.0,1311.0,1.0005817671293429
249.0,4574.0,1.0027750076112587
249.0,6828.0,1.0
263.0,1384.0,1.0017440897708865
263.0,546.0,1.0022086411389228
263.0,51878.0,1.0009007625341144
263.0,3316.0,1.010856104467095
263.0,7739.0,1.0012635968037082
196.0,10041.0,1.0
196.0,17047.0,1.000487761996486
196.0,24100.0,1.003014205674024
196.0,31338.0,1.001238885525786
196.0,34902.0,1.0004003343686185
196.0,51841.0,1.0008613203519083
196.0,136.0,1.0000260529517795
196.0,23667.0,1.0010525002187447
196.0,6218.0,1.0022778163253456
196.0,6647.0,1.0021023621528313
196.0,9792.0,1.000216167286452
196.0,12463.0,1.0001525521737118
196.0,4265.0,1.0
196.0,504.0,1.001968271683627
196.0,2322.0,1.000750159567316
196.0,2458.0,1.0028941215555454
273.0,4165.0,1.0024682839020298
279.0,6386.0,1.0031629561931674
293.0,136.0,1.0009424640949582
294.0,1244.0,1.0038986949190079
300.0,4156.0,1.0008044239990788
188.0,453.0,1.0022181048683831
188.0,1039.0,1.0005728521297854
188.0,88.0,1.0008675025606124
190.0,460.0,1.002795234325956
165.0,27056.0,1.0009840233373444
165.0,32622.0,1.0
165.0,44903.0,1.0009948510922608
165.0,40602.0,1.0002986775178848
165.0,36609.0,1.0002379676036923
165.0,8905.0,1.0
165.0,20318.0,1.000643315279143
165.0,37554.0,1.0003207128582356
165.0,8017.0,1.000122602868889
165.0,48523.0,1.001616112855916
165.0,50037.0,1.0
165.0,50511.0,1.0011742710061668
165.0,4740.0,1.0107225274774818
165.0,10555.0,1.0011589495816706
165.0,16194.0,1.0001714086856572
165.0,17684.0,1.0006622946806998
165.0,19693.0,1.0002054685419488
165.0,20621.0,1.000207065403408
165.0,27877.0,1.0
165.0,37967.0,1.0022370259380893
165.0,43189.0,1.0029516866062458
165.0,28560.0,1.001912681351919
165.0,30868.0,1.000848752586254
165.0,31078.0,1.0009094773242935
165.0,31103.0,1.0020660583935048
165.0,32023.0,1.0024284879965186
165.0,32808.0,1.0009662968287867
165.0,4139.0,1.0004950783234596
165.0,8472.0,1.0
165.0,8936.0,1.0002204608399614
165.0,6375.0,1.000024298963386
185.0,361.0,1.0029508886518859
187.0,399.0,1.000126895773452
342.0,450.0,1.0023578906588746
342.0,1783.0,1.0008159853882979
342.0,16104.0,1.0006706943362653
349.0,570.0,1.0019435915178871
349.0,7060.0,1.00283807574511
349.0,7285.0,1.0021297810798475
349.0,7454.0,1.002374036888948
373.0,981.0,1.0016846789525746
374.0,4124.0,1.0005908863750546
374.0,5575.0,1.0019571373511742
374.0,8902.0,1.0026850096168398
374.0,10619.0,1.0014167490378938
374.0,5519.0,1.002322483414243
374.0,3411.0,1.0013614513572895
374.0,3798.0,1.0031792380811888
374.0,4081.0,1.0011623561786935
374.0,4133.0,1.0029895585780826
334.0,1852.0,1.0007701151614186
328.0,1624.0,1.0117046291225436
328.0,1384.0,1.0032101567459535
328.0,1255.0,1.0005125420827317
328.0,3364.0,1.0033099271394257
661.0,2644.0,1.000904697314547
661.0,2203.0,1.0017693032890678
1081.0,1569.0,1.0019463120878553
1094.0,4561.0,1.0026119225927363
1110.0,1444.0,1.0017285925222943
1110.0,1338.0,1.0014163953531492
1110.0,1417.0,1.0014779180906368
1111.0,38770.0,1.0032203611486603
1073.0,8329.0,1.003122607629243
1063.0,5415.0,1.002143906462203
1063.0,4890.0,1.0017633992992254
1063.0,2047.0,1.0014680244510756
1132.0,16414.0,1.0027127937232623
1183.0,3049.0,1.0000113678649791
1183.0,6271.0,1.000697271053476
1183.0,3082.0,1.0023167138966698
1183.0,2021.0,1.0022110053591058
1183.0,2167.0,1.0010484480161201
1205.0,1829.0,1.0011049408293575
1134.0,7648.0,1.0039620276511987
1150.0,34687.0,1.0009763216659187
1044.0,36304.0,1.0028344015682893
1044.0,38907.0,1.0001670665435851
1044.0,25217.0,1.0
1044.0,36158.0,1.0003776400664084
1044.0,42364.0,1.0002574083094151
1044.0,38802.0,1.0
1044.0,36457.0,1.0000550923803297
1044.0,5514.0,1.0
1044.0,1499.0,1.0000836323886506
1044.0,3364.0,1.0014203346433377
1044.0,1392.0,1.0003209252852978
1044.0,30874.0,1.0004717842607735
1044.0,36482.0,1.0037728868745053
1044.0,14533.0,1.0
1044.0,14569.0,1.0025156452561894
1044.0,14832.0,1.0001569635531893
1044.0,22864.0,1.0008269478239178
1044.0,23374.0,1.0028290757681202
1044.0,2802.0,1.0006265980959803
1044.0,3327.0,1.0000739649105141
1044.0,5499.0,1.0006955565897147
1044.0,6438.0,1.001367926551084
1044.0,6633.0,1.0
1044.0,7055.0,1.000703716121344
1044.0,3691.0,1.0002431531857419
1061.0,2199.0,1.0015214097557856
1061.0,2241.0,1.0016791840961685
1061.0,4639.0,1.0000960705080089
1049.0,1449.0,1.0005011281209069
1049.0,43894.0,1.0010629373504172
1208.0,2311.0,1.0034557383283327
1580.0,4724.0,1.000699387857777
1580.0,23537.0,1.0004837493638572
1618.0,1976.0,1.0024553953877262
1624.0,1059.0,1.0035100861161528
1626.0,4508.0,1.002606125945033
1626.0,2867.0,1.0024047593628278
1403.0,7188.0,1.001170823010777
1408.0,15005.0,1.00375110958852
1409.0,301.0,1.0023143612935876
1409.0,1670.0,1.004541456798463
1398.0,3506.0,1.0033489297505604
1398.0,2117.0,1.0032335212075922
1398.0,2175.0,1.0038324958136844
1398.0,2910.0,1.0033199726739848
1690.0,5849.0,1.0002082763093603
1690.0,4203.0,1.0009512461062249
1690.0,4692.0,1.001029854362598
1703.0,2211.0,1.00197467031616
1708.0,2167.0,1.0006304061151314
1735.0,2064.0,1.0016259463414348
1735.0,4098.0,1.0040933638746448
1735.0,6381.0,1.004969954581193
1679.0,1896.0,1.0034768753152596
1337.0,2938.0,1.0026000659814316
1337.0,22534.0,1.002599568342363
1337.0,2330.0,1.0035287964178208
1337.0,1825.0,1.002568270718206
1337.0,4607.0,1.0035927518635301
1305.0,8370.0,1.0
1305.0,7407.0,1.00161823836376
1283.0,6921.0,1.0026858711166975
1299.0,23317.0,1.00281800074701
1299.0,40922.0,1.002953384664416
1300.0,5141.0,1.0048132606220832
1343.0,2039.0,1.0035469985862924
1343.0,2350.0,1.0019398183731743
1343.0,2104.0,1.0041174879160089
1343.0,2236.0,1.0016516463511642
1343.0,1745.0,1.0028503051563635
914.0,2001.0,1.0014775349089355
914.0,18812.0,1.0012075238179878
878.0,3433.0,1.0028830198617658
880.0,890.0,1.001265884738751
949.0,45631.0,1.0007318403733438
949.0,9727.0,1.0020396168927097
949.0,35751.0,1.001202576822301
949.0,2150.0,1.0018659242704717
949.0,5459.0,1.0024303200656755
949.0,1895.0,1.0033312811226844
949.0,2304.0,1.0022220207011068
949.0,3188.0,1.0003154411448725
949.0,8920.0,1.0012776884842043
949.0,9420.0,1.0
949.0,10710.0,1.0005130746473057
949.0,10932.0,1.0
949.0,12472.0,1.000509214119384
949.0,18767.0,1.0023897431331759
949.0,6489.0,1.0012816264741742
949.0,7239.0,1.001470319597335
949.0,7327.0,1.0
949.0,20251.0,1.0013358757040627
949.0,47914.0,1.0005680765395095
949.0,43132.0,1.0002860407930434
949.0,22825.0,1.0006261560560932
949.0,34756.0,1.0001158942540802
949.0,39180.0,1.0010282608019518
949.0,39845.0,1.0022454889897765
919.0,4549.0,1.001615124710741
919.0,5300.0,1.0022036422415483
922.0,1266.0,1.0041129402443698
929.0,1164.0,1.0006799595823894
932.0,9604.0,1.0017589212734894
867.0,4873.0,1.0006997207464063
867.0,2103.0,1.00077527952932
867.0,5026.0,1.0000568688522666
867.0,5155.0,1.0
867.0,5159.0,1.0015510110328125
710.0,1169.0,1.0014558496830859
742.0,2458.0,1.0034873369957835
782.0,5537.0,1.003949120068185
782.0,7896.0,1.0022665688181007
782.0,9409.0,1.0036198606264224
800.0,1508.0,1.0019306725813861
800.0,1074.0,1.0005565820498
805.0,40639.0,1.0041774997126531
805.0,44376.0,1.002970140375605
683.0,141.0,1.0031208438440518
669.0,3274.0,1.0
681.0,1243.0,1.0016083403374354
826.0,3515.0,1.001564485172055
826.0,19662.0,1.0013210052509358
826.0,1800.0,1.0022032528461315
860.0,1118.0,1.0003304451587147
810.0,1825.0,1.0021857118245896
824.0,14766.0,1.0019861055749826
1039.0,15728.0,1.0036505613480835
1039.0,2621.0,1.0016134009677107
1039.0,3327.0,1.0010256416936738
1039.0,3360.0,1.0027617732707328
1039.0,7527.0,1.0014870515835534
1011.0,4707.0,1.0029116423460283
971.0,2167.0,1.002124542551662
982.0,19786.0,1.0028279087802934
1007.0,3665.0,1.0034249639634638
23.0,6805.0,1.002372932467488
23.0,34322.0,1.0031073505485368
23.0,28589.0,1.001324905608142
23.0,41787.0,1.0016126266421637
23.0,14178.0,1.002498201015698
23.0,35927.0,1.0023468201475427
23.0,36310.0,1.000847624857344
23.0,42363.0,1.0017780529625928
23.0,4159.0,1.0018987742157548
23.0,19593.0,1.0033178309349116
23.0,10977.0,1.00073912841632
23.0,18700.0,1.0030303727309478
23.0,4873.0,1.0014877359930572
23.0,43441.0,1.0029533064491514
23.0,3486.0,1.0015317113268905
23.0,39918.0,1.0005851928734903
23.0,42534.0,1.001459289445632
23.0,44984.0,1.0027431731793597
23.0,42724.0,1.0006042009137044
23.0,31526.0,1.0030089509134923
23.0,50401.0,1.0029441449209322
23.0,47488.0,1.0030556068154688
23.0,47551.0,1.0025164916002431
23.0,40288.0,1.0009600477844998
23.0,9661.0,1.0005076295323343
23.0,475.0,1.0
23.0,2150.0,1.0027290285993498
23.0,7904.0,1.0024115427883664
23.0,19447.0,1.0027375482274523
23.0,7035.0,1.0020508201431237
23.0,5575.0,1.0018961263702124
23.0,4192.0,1.0014719346149759
23.0,4607.0,1.0026391768887295
23.0,2802.0,1.0015284463042537
23.0,19786.0,1.00308365257062
23.0,26799.0,1.0014425651215875
23.0,27442.0,1.0010264778069182
23.0,27574.0,1.0
23.0,27717.0,1.0013841003993944
23.0,27675.0,1.0023663989384646
23.0,22234.0,1.0029735385405958
23.0,23142.0,1.0019125544564145
23.0,23848.0,1.0010876317428767
23.0,23913.0,1.0020416141103585
23.0,35779.0,1.0024797528401117
23.0,31862.0,1.0003795372943598
23.0,28844.0,1.0017506504983529
23.0,30337.0,1.002695284735353
23.0,31084.0,1.0021391871046263
23.0,31848.0,1.0019070992969228
23.0,15314.0,1.0020267565019807
23.0,15734.0,1.0028172213453832
23.0,15903.0,1.00163801843964
23.0,15911.0,1.0017334477335247
23.0,15928.0,1.002274373494028
23.0,16007.0,1.002152797467915
23.0,14097.0,1.000950059379507
23.0,14107.0,1.0030251427412493
23.0,14280.0,1.0017255895102142
23.0,14325.0,1.0007984944581583
23.0,14367.0,1.0013885337002082
23.0,14381.0,1.001626564029109
23.0,35981.0,1.001866182179747
23.0,19236.0,1.0015499213239176
23.0,19924.0,1.0018844487648277
23.0,20255.0,1.0022544678577423
23.0,16270.0,1.0016723239159733
23.0,17932.0,1.001611317952041
23.0,18489.0,1.002066554751783
23.0,18543.0,1.002565365745663
23.0,18916.0,1.0029666599553348
23.0,47786.0,1.0014811945026714
23.0,49702.0,1.0010855617551488
23.0,49771.0,1.0000882552194186
23.0,50040.0,1.00335477673737
23.0,4448.0,1.0021103833452258
23.0,47675.0,1.0022709206134781
23.0,39717.0,1.00182552531572
23.0,39980.0,1.000813931920441
23.0,42489.0,1.0020661486006932
23.0,44884.0,1.0006001408833283
23.0,44800.0,1.0004816810270112
23.0,44592.0,1.0014173629456948
23.0,42920.0,1.0019433403034104
23.0,43087.0,1.0038685179885443
23.0,2694.0,1.0022870040730265
23.0,3465.0,1.003641690186915
23.0,3542.0,1.0017997062125934
23.0,2402.0,1.0022780770618096
23.0,4787.0,1.001944900508604
23.0,4978.0,1.0024775800053245
23.0,5238.0,1.0004672473671357
23.0,4582.0,1.00121297929556
23.0,4566.0,1.002022869584557
23.0,4502.0,1.0022086417557876
23.0,5343.0,1.0009812203534616
23.0,9504.0,1.0016504711924525
23.0,9981.0,1.0051536150154372
23.0,8471.0,1.0037152253294734
23.0,8493.0,1.000543301573199
23.0,8501.0,1.0017116992224353
23.0,8614.0,1.0013623925613517
23.0,8686.0,1.0021644147183626
23.0,10038.0,1.0016043085360717
23.0,10915.0,1.0
23.0,11054.0,1.0015948947531539
23.0,12507.0,1.0016611296065598
23.0,13900.0,1.0012287563176903
23.0,13915.0,1.0007596567737056
23.0,10080.0,1.0024810986474104
23.0,10154.0,1.00325865682776
23.0,10211.0,1.001419763172984
23.0,10435.0,1.0031615815515407
23.0,8217.0,1.0031828851170324
23.0,6493.0,1.0032236876973069
23.0,6553.0,1.0021923407145636
23.0,6561.0,1.003086606524878
23.0,6643.0,1.0012377444570515
23.0,6648.0,1.0008833506404704
23.0,6723.0,1.0
23.0,6745.0,1.0014866582978013
23.0,6769.0,1.0047791337461354
23.0,6847.0,1.0032312010110618
23.0,5711.0,1.0022063598748374
23.0,5912.0,1.0024861170230377
23.0,6024.0,1.0023734142535061
23.0,6208.0,1.0019783962865942
23.0,6275.0,1.0025990333481638
23.0,7857.0,1.0012091339260643
23.0,7044.0,1.0016664411687128
23.0,7092.0,1.001993188489934
23.0,2693.0,1.0024065025599362
24.0,18.0,1.010187585452845
24.0,1678.0,1.0090545672736289
24.0,956.0,1.0077326159256137
24.0,5373.0,1.0082246440300238
24.0,643.0,1.0077977040129364
34.0,4398.0,1.0011355023046058
34.0,475.0,1.0
34.0,1255.0,1.0
34.0,32.0,1.0016999694960713
34.0,950.0,1.0021838164220782
34.0,12.0,1.0039722318137523
34.0,210.0,1.0018732330525542
34.0,297.0,1.0000769683935933
34.0,514.0,1.0
34.0,1540.0,1.0008515372736666
35.0,9830.0,1.001778191107982
35.0,17313.0,1.0027763150090765
35.0,18392.0,1.0037070930871157
15.0,361.0,1.0023507326933043
11.0,6377.0,1.0021751757808741
5.0,50205.0,1.0014022685798687
5.0,6664.0,1.00275049414647
5.0,44947.0,1.0028252560865383
5.0,40107.0,1.0030274645064483
5.0,231.0,1.0008348456551641
5.0,2667.0,1.0025411801917077
5.0,256.0,1.001798406825333
5.0,1700.0,1.002375617362428
5.0,1355.0,1.0018861759748625
5.0,1276.0,1.0017271222775161
5.0,6095.0,1.0029727948966238
5.0,278.0,1.0025659701024199
5.0,2922.0,1.0009190432721344
5.0,434.0,1.0
5.0,218.0,1.0027480411701892
5.0,14110.0,1.0018818302233654
5.0,14988.0,1.0015063411489755
5.0,15819.0,1.0029394264592126
5.0,19151.0,1.0023445166294598
10.0,3748.0,1.0
10.0,262.0,1.0
104.0,2761.0,1.008612422010416
104.0,30796.0,1.0092743431554871
104.0,3506.0,1.0091447265795628
104.0,18420.0,1.0073834624471876
104.0,2069.0,1.0101163999641192
104.0,2262.0,1.0091717878655586
104.0,23060.0,1.009904138354205
104.0,40348.0,1.0075709554283905
104.0,30862.0,1.0096850340249444
104.0,30907.0,1.008782938697299
104.0,32028.0,1.009944867797346
104.0,33114.0,1.009383778387005
104.0,36421.0,1.0074977150258857
104.0,16213.0,1.0101454365715457
104.0,20698.0,1.0076094282499166
104.0,26574.0,1.0087201197973563
104.0,27364.0,1.0095979879552748
104.0,38657.0,1.0095712376803636
104.0,39432.0,1.0106324703167873
104.0,10574.0,1.0070657206459268
104.0,41779.0,1.0092192669779134
123.0,487.0,1.0027314748714928
123.0,535.0,1.002650209231628
123.0,243.0,1.0022027974788366
141.0,227.0,1.0027284163287606
143.0,1801.0,1.0001576757122617
143.0,2975.0,1.0020945511148176
143.0,32025.0,1.001614476795669
143.0,35263.0,1.0021534645556656
114.0,260.0,1.002024267947474
106.0,41274.0,1.0
110.0,100.0,1.0027985400758481
113.0,1091.0,1.0034094284524684
96.0,10606.0,1.0075701287488465
96.0,34322.0,1.0089969999786184
96.0,154.0,1.0092625380447142
96.0,9193.0,1.008125592876208
96.0,7450.0,1.0077651665798248
96.0,36064.0,1.007908063343345
96.0,956.0,1.0059424359691964
96.0,2587.0,1.0065074531375253
96.0,2417.0,1.0082081061131354
96.0,2540.0,1.008676043640932
96.0,34756.0,1.0068587565041225
96.0,262.0,1.0068443085735896
96.0,25173.0,1.0082330493572553
96.0,28536.0,1.0062111816481203
96.0,39742.0,1.0084889457074961
96.0,2466.0,1.0069869339959407
96.0,138.0,1.007797781319336
96.0,8490.0,1.0062817786012255
96.0,8807.0,1.00692964011274
96.0,9149.0,1.0084343609618354
96.0,8286.0,1.0070167086048258
96.0,7315.0,1.006847506862641
96.0,7413.0,1.006164966907744
96.0,7489.0,1.0066322860608072
96.0,7272.0,1.0069617278243899
96.0,19177.0,1.007753375713154
96.0,19312.0,1.0061135659880847
96.0,19395.0,1.0082401671162615
96.0,13772.0,1.0072860294513764
96.0,18415.0,1.008414088520982
96.0,1782.0,1.0065809588109202
96.0,1960.0,1.007569800741231
96.0,1994.0,1.0092052534980351
96.0,552.0,1.0080572333087991
96.0,6016.0,1.0077532882550355
96.0,6325.0,1.0073214826406085
96.0,2612.0,1.0079386350433837
96.0,2629.0,1.009663580849914
96.0,2649.0,1.007957082193547
96.0,5283.0,1.0077839460072715
100.0,250.0,1.0029954385390591
100.0,269.0,1.0034106623441181
100.0,303.0,1.0039482981068242
100.0,3345.0,1.0023792198707295
100.0,225.0,1.0029378372371192
98.0,57.0,1.0001765252867056
155.0,8067.0,1.001619445647222
80.0,4886.0,1.001012430333678
80.0,101.0,1.002422311045839
80.0,5366.0,1.0014996541018188
80.0,2243.0,1.0020545985596232
80.0,3612.0,1.0010165793552495
82.0,41.0,1.0021559732528738
82.0,453.0,1.0022295228585256
82.0,3635.0,1.0019547780224887
82.0,2839.0,1.0019213691455482
82.0,1101.0,1.0020131581289717
82.0,1604.0,1.0026879736779009
82.0,1746.0,1.0019246904634513
82.0,2178.0,1.0015254521024817
82.0,6355.0,1.0010584911231928
82.0,5323.0,1.0018769618032404
83.0,74.0,1.0033439930855697
83.0,377.0,1.0030715236719268
83.0,100.0,1.0038173448920928
83.0,275.0,1.0039712791193085
83.0,23896.0,1.0
85.0,68.0,1.0021038705877543
90.0,570.0,1.0026817313068441
79.0,15336.0,1.0006336811158205
79.0,15886.0,1.0005868887137854
79.0,162.0,1.0030541689455181
79.0,4630.0,1.003319784056654
79.0,5021.0,1.0011985152863232
79.0,8929.0,1.002717094234506
39.0,1238.0,1.0022033222543696
39.0,1366.0,1.0034256063485028
39.0,6001.0,1.0024094242385189
43.0,2862.0,1.0029837819283178
45.0,369.0,1.0026290972852328
45.0,297.0,1.0004267753816518
45.0,4840.0,1.0022589596444604
45.0,7783.0,1.001781927543466
45.0,7953.0,1.0026127128245654
78.0,315.0,1.002268610697828
64.0,22529.0,1.001528877930237
64.0,1976.0,1.000668693713404
64.0,156.0,1.0010698118765198
64.0,6888.0,1.0025452216924051
48.0,59.0,1.0008599125477653
49.0,976.0,1.0011969050403564
49.0,30094.0,1.0012579498008407
6656.0,18173.0,1.0071464093592308
6656.0,19974.0,1.0083313510696648
6656.0,10625.0,1.007860655682234
6656.0,9377.0,1.0094603039551895
6656.0,8157.0,1.0063748044364476
6656.0,22002.0,1.0078312803160363
6656.0,8699.0,1.0070621579027639
6656.0,9466.0,1.0078954823507338
6656.0,8377.0,1.008186195761972
6656.0,11071.0,1.0075393765202318
6656.0,19281.0,1.0077555851952282
6656.0,23404.0,1.0089827408269987
6656.0,19027.0,1.0078181403853559
6656.0,18732.0,1.00682234149768
6656.0,16369.0,1.008454400814758
6656.0,16400.0,1.0055473201479739
6629.0,27223.0,1.0000844125315973
6629.0,9920.0,1.0030528510838002
6629.0,15745.0,1.0038477292728953
6629.0,16829.0,1.0009335587705386
6629.0,22395.0,1.001944601199145
6629.0,17519.0,1.0008995541724728
6629.0,21907.0,1.0030134513787208
6629.0,20115.0,1.0017092396792
6629.0,18338.0,1.0000520647375164
6629.0,2141.0,1.0020515665594425
6629.0,26730.0,1.0014960010327316
6629.0,30975.0,1.0013275670988337
6629.0,44348.0,1.0005067475333425
6629.0,17483.0,1.0029746779031319
6629.0,17966.0,1.0014766754251403
6652.0,10469.0,1.0023334641644301
6444.0,20880.0,1.0046701333082528
6507.0,43193.0,1.0008971921311325
6533.0,9029.0,1.0055810866266872
6933.0,14232.0,1.0039901909344806
6933.0,9099.0,1.0039931815460335
6933.0,2168.0,1.0021382146574167
6933.0,10566.0,1.0032083240950829
6956.0,20073.0,1.0
7000.0,9184.0,1.0013951042513283
7040.0,4771.0,1.0031582842710451
7052.0,6191.0,1.0007553764422477
6862.0,9019.0,1.011190455570772
6862.0,10768.0,1.011859602423327
6876.0,2600.0,1.0015232322133794
6876.0,9019.0,1.0020085195275459
6876.0,9704.0,1.0021734091115149
7188.0,10906.0,1.0000325929610232
7188.0,19577.0,1.0005635406988929
7188.0,15768.0,1.0032456510822165
7188.0,10462.0,1.002092887890962
7189.0,4456.0,1.0028285571326574
7202.0,14028.0,1.002447771511907
7202.0,14848.0,1.0018951956969606
7211.0,9543.0,1.0034074912336313
7280.0,8731.0,1.0014267544056425
7280.0,23213.0,1.001223487272937
7152.0,44245.0,1.001320351193975
7164.0,10049.0,1.0018056243166988
6710.0,37081.0,1.0040125448046586
6710.0,20502.0,1.003382244553505
6710.0,36162.0,1.0029251176124552
6710.0,47679.0,1.0030651285817913
6673.0,9220.0,1.0019940262744935
6815.0,9971.0,1.0007999328736445
6844.0,47906.0,1.00335840507372
6844.0,15416.0,1.0034648619486088
6794.0,8933.0,1.0
6397.0,18566.0,1.0005090710624878
5337.0,18329.0,1.002140769676061
5337.0,43742.0,1.002096199706312
5337.0,38351.0,1.0034660859627693
5337.0,2215.0,1.0015714436005627
5337.0,13612.0,1.0012618645360183
5337.0,19126.0,1.0028228172621203
5337.0,34813.0,1.0011627922515307
5326.0,10410.0,1.0045227817455593
5186.0,28403.0,1.0018511397469971
5186.0,8682.0,1.0012532479199898
5272.0,3420.0,1.0029179602797977
5278.0,25316.0,1.0016641743671457
5510.0,23814.0,1.0036240443232631
5580.0,3371.0,1.0047762884400298
5617.0,7353.0,1.0029851559933143
5686.0,7486.0,1.0004766848059614
5696.0,8049.0,1.001429054026346
5487.0,10680.0,1.0029009224431815
5487.0,17547.0,1.001019126800894
5487.0,37960.0,1.002049996090595
5388.0,7093.0,1.0017740911375383
5422.0,7882.0,1.0014014122432897
5462.0,7160.0,1.0004602550130233
5120.0,8615.0,1.0008560140715455
5121.0,6704.0,1.0037053908754978
5125.0,50642.0,1.0023034704138982
5125.0,49979.0,1.0015543934261386
5139.0,5268.0,1.0004485808734005
5142.0,12276.0,1.0003580245997121
5079.0,16175.0,1.0023530890753873
5079.0,26478.0,1.0014045295070528
5079.0,34972.0,1.0026686219599925
5167.0,49932.0,1.0003801424503458
5167.0,35318.0,1.000801219873785
5167.0,35904.0,1.0000752044384495
5167.0,9884.0,1.0010954434699797
5167.0,27103.0,1.001705023450792
5167.0,32252.0,1.0000330552366166
6236.0,17775.0,1.001499293426458
6254.0,49708.0,1.0
6254.0,18668.0,1.002447160757251
6256.0,8650.0,1.002710617123859
6263.0,16665.0,1.0042481412827011
6268.0,8057.0,1.001248302851212
6272.0,2112.0,1.0023421347558237
6272.0,399.0,1.0017364373497644
6308.0,41647.0,1.001760259373597
6308.0,22709.0,1.0026004916591365
6308.0,48351.0,1.0008147596047208
6308.0,37922.0,1.0
6308.0,38637.0,1.0010414250600035
6308.0,41004.0,1.0035317732262607
6321.0,6839.0,1.000269211942571
6285.0,8146.0,1.0029020563720763
5844.0,36638.0,1.0027685573416258
5850.0,7680.0,1.0033983770200459
5877.0,10204.0,1.0
5885.0,7931.0,1.0052373253098883
5898.0,7668.0,1.0002899664713198
5961.0,14772.0,1.0048054582669033
5961.0,18381.0,1.0018861611272374
5973.0,8056.0,1.0011364225166537
5973.0,9759.0,1.0
5827.0,23136.0,1.0035635025641934
5811.0,7666.0,1.0005214608058968
5730.0,41636.0,1.0017122591102599
5775.0,7267.0,1.0044745749960322
5775.0,9502.0,1.0037377066412216
5775.0,9554.0,1.0021888591328778
5775.0,13801.0,1.0054044465228364
6181.0,8516.0,1.001561516472776
6185.0,5332.0,1.0048253974376105
6190.0,8055.0,1.0051885178202984
6228.0,17481.0,1.0006940504409458
6042.0,7589.0,1.0
5027.0,20700.0,1.0021634932470018
5027.0,23145.0,1.001836960055214
9094.0,51914.0,1.002220928821317
9113.0,12472.0,1.0028223259295657
10208.0,13581.0,1.0016710076443056
10232.0,548.0,1.0030858948126098
10240.0,13578.0,1.0030329193219938
8980.0,8757.0,1.0010276129192788
8980.0,13814.0,1.0006595211440814
9039.0,37119.0,1.0034685253296447
9085.0,12469.0,1.004799094805775
10622.0,14524.0,1.0008251121285845
10630.0,9938.0,1.0017501780734517
10611.0,18727.0,1.0021021185962466
10516.0,11249.0,1.0036139436423142
10570.0,13907.0,1.001924913216794
8755.0,12438.0,1.0005465653159145
8755.0,22815.0,1.000616520876286
8755.0,14263.0,1.0
8755.0,28122.0,1.0
8755.0,15483.0,1.0005448050493235
8755.0,14280.0,1.0
8755.0,7353.0,1.0006101185325305
8755.0,16228.0,1.0006859744946184
8755.0,14680.0,1.0006383578418308
8755.0,32613.0,1.0
8755.0,20211.0,1.0
8755.0,23304.0,1.0
8755.0,26841.0,1.0
8755.0,13874.0,1.0
8755.0,14343.0,1.001317572880359
8755.0,14454.0,1.0
8755.0,11207.0,1.0
8755.0,13785.0,1.0001103840204881
8755.0,13807.0,1.000431422747625
8755.0,14026.0,1.0
8755.0,17189.0,1.00009060230315
8755.0,17392.0,1.0003624815012335
8755.0,18660.0,1.0015151402385776
8755.0,11075.0,1.000653970785624
8858.0,11187.0,1.0029684745453495
8865.0,40096.0,1.001360116469948
8865.0,46056.0,1.0040422811005254
8865.0,39295.0,1.0010448738225342
8865.0,18338.0,1.0015784253211468
8865.0,39830.0,1.0019757557925406
8883.0,49721.0,1.0004102288575745
8930.0,19994.0,1.0014751701790343
11387.0,19092.0,1.0019426976799488
11387.0,28376.0,1.0002628138071208
11400.0,11187.0,1.000629967426445
11430.0,15086.0,1.002668552017964
11430.0,16265.0,1.001319668484391
11374.0,14881.0,1.001028671407488
11209.0,30469.0,1.0
11209.0,641.0,1.00133010011267
11209.0,22544.0,1.0017728780822222
11209.0,38909.0,1.001293347805012
11209.0,15167.0,1.0019238553849212
11209.0,16010.0,1.0008585059199102
11209.0,18246.0,1.0013792095951084
11209.0,14639.0,1.0011199351496654
11209.0,6577.0,1.0009973232447076
11313.0,14837.0,1.0024437938087858
11384.0,3737.0,1.0
11643.0,1059.0,1.0015261487158307
11643.0,40967.0,1.0019212243186277
11643.0,31908.0,1.0001339268131464
11657.0,7341.0,1.0032844237455667
11515.0,1586.0,1.0015304477972975
11551.0,14983.0,1.001820408823842
11577.0,15055.0,1.001152400705942
11591.0,41240.0,1.0006996459484563
11616.0,50551.0,1.0030180162623272
10784.0,9228.0,1.0032629967994855
10966.0,23750.0,1.0002152896819438
10996.0,9316.0,1.0027952372985105
10996.0,17229.0,1.005357068017732
11077.0,14562.0,1.0023103638105044
11084.0,907.0,1.0029322823974003
11089.0,14301.0,1.0032466191311813
11136.0,10540.0,1.0033133481882
11147.0,14645.0,1.003907139914509
11169.0,6686.0,1.0033275641279233
8163.0,10909.0,1.0028507362772394
8163.0,2282.0,1.0040096586566916
8163.0,10737.0,1.0043093109728545
8163.0,3465.0,1.0055080314511984
8188.0,17446.0,1.0024187165219751
8188.0,34220.0,1.0026592841193236
8188.0,15235.0,1.0025427221387802
8188.0,14983.0,1.0011922839975762
8188.0,19212.0,1.0019332222948805
8188.0,23877.0,1.0014949541517344
8081.0,22173.0,1.003359644097459
8076.0,7531.0,1.0014741799026707
7922.0,8630.0,1.0014584205909707
7927.0,8630.0,1.0013207559932842
7992.0,10274.0,1.003259179023906
7998.0,14958.0,1.0020847917546274
7998.0,15838.0,1.0003763444301177
7998.0,18012.0,1.0038113872789052
8014.0,2.0,1.0028558144787516
8040.0,10302.0,1.002953317236298
8256.0,48201.0,1.001764954687822
8380.0,15034.0,1.0025637161560437
8380.0,7011.0,1.0018645270840105
8380.0,10692.0,1.0
8211.0,10408.0,1.0032961789436314
8192.0,36965.0,1.0012329932813167
8192.0,36480.0,1.0035738583794922
7450.0,10159.0,1.0036321974188764
7450.0,6166.0,1.0044166762696234
7496.0,9849.0,1.0028279644677365
7505.0,4290.0,1.0037500208189405
7550.0,9832.0,1.0033527331313463
7569.0,9981.0,1.007145527102143
7569.0,10425.0,1.0020639706653007
7569.0,12491.0,1.0042889644712547
7569.0,16416.0,1.0033888176997379
7395.0,9788.0,1.00216203687564
7395.0,10003.0,1.000569778298613
7302.0,9585.0,1.0025526079069305
7329.0,9139.0,1.0023033716241763
7336.0,805.0,1.0028941855514646
7336.0,8373.0,1.004062946261199
7336.0,9609.0,1.0032627295501428
7387.0,18950.0,1.002827746570425
7387.0,9422.0,1.0041694713884353
7387.0,19211.0,1.0035024792881535
7772.0,9956.0,1.0004036707629314
7646.0,15351.0,1.0015509783609096
7654.0,402.0,1.0004775141601685
7654.0,23479.0,1.001277176899837
8436.0,50094.0,1.0017710145812586
8436.0,11255.0,1.0014714116941434
8436.0,17655.0,1.00134105855716
8497.0,11024.0,1.0037814950271355
8385.0,7083.0,1.003832414210155
8691.0,19830.0,1.0041851169012863
8691.0,13652.0,1.0026711627662366
8691.0,14247.0,1.002802201567428
8691.0,13972.0,1.0041397746124212
8725.0,8420.0,1.0010907953399546
8532.0,17057.0,1.003366310569484
8532.0,2215.0,1.0025752102313243
8532.0,15361.0,1.002515028487533
8690.0,11034.0,1.0026240342622397
8690.0,14540.0,1.00323280047447
5005.0,8771.0,1.0045294168913186
2703.0,1456.0,1.012871131250895
2703.0,17811.0,1.0107418210403967
2703.0,36178.0,1.0104826185256248
2703.0,16742.0,1.0095755254275598
2703.0,16920.0,1.0127141879951598
2703.0,6572.0,1.0109267868806378
2703.0,16414.0,1.0109816479704408
2703.0,17451.0,1.0114757122074014
2703.0,10301.0,1.0114907080979365
2703.0,22809.0,1.0126330466464006
2703.0,26627.0,1.009929543225923
2703.0,41562.0,1.0094899282983834
2703.0,38520.0,1.0127744377020562
2703.0,27329.0,1.0105135715407232
2703.0,4320.0,1.0125001241392169
2703.0,3616.0,1.0094726680171702
2703.0,17723.0,1.0087593857559076
2703.0,4421.0,1.0113204336818955
2703.0,4796.0,1.0094465653990128
2703.0,23877.0,1.0106220399275219
2703.0,14984.0,1.0101464423695077
2703.0,18708.0,1.008642645993813
2703.0,18824.0,1.0111008804526047
2703.0,18833.0,1.0092321597966367
2703.0,22015.0,1.0101257492474607
2703.0,18280.0,1.0127128306190436
2703.0,17572.0,1.0112420282802763
2703.0,17610.0,1.0104415598155272
2703.0,18004.0,1.0112726375967158
2703.0,18199.0,1.0117218108270145
2703.0,23731.0,1.0098067174997445
2703.0,24005.0,1.0105251499236367
2703.0,24050.0,1.0115721741457213
2703.0,22862.0,1.0111921508573247
2703.0,23083.0,1.012068093684427
2703.0,23108.0,1.0100411675178353
2703.0,23216.0,1.0110184641406104
2703.0,23326.0,1.011594352268111
2703.0,23358.0,1.0120793744429692
2703.0,17501.0,1.0104783597609073
2703.0,17461.0,1.010925335611387
2703.0,3201.0,1.009963102672848
2703.0,12513.0,1.0133771200007833
2703.0,14626.0,1.0120415368063322
2703.0,15252.0,1.0102486616189166
2703.0,4434.0,1.0110848618916388
2703.0,8306.0,1.0104465070962372
2703.0,35364.0,1.009230327838104
2703.0,26724.0,1.0113334785029742
2703.0,26968.0,1.011097393134123
2703.0,17881.0,1.0119202984088882
2603.0,7188.0,1.0001841510867309
2603.0,9609.0,1.0026072583696322
2603.0,17054.0,1.0034922272907418
2603.0,9273.0,1.0024380053946762
2603.0,10985.0,1.0005431007210779
2637.0,5719.0,1.001723349118798
2697.0,3821.0,1.0018266630787074
2995.0,3433.0,1.001597279154519
3068.0,5691.0,1.0016491021561007
3068.0,3550.0,1.003042354799857
2974.0,4221.0,1.003246347937241
2857.0,3348.0,1.0013182302880932
2867.0,3371.0,1.0026190172403968
2893.0,3383.0,1.0033077176449403
2944.0,3433.0,1.0026905337454868
2954.0,3433.0,1.0018271982552616
2958.0,3000.0,1.002891204176856
3126.0,8146.0,1.0035334100369497
3126.0,10579.0,1.0020938012191567
3126.0,7765.0,1.0050164882417583
3126.0,8154.0,1.0018434013474113
3126.0,5337.0,1.002632205499276
3126.0,10183.0,1.002054410063825
3126.0,3058.0,1.0031720925249836
3114.0,4845.0,1.0031109396042655
3114.0,4597.0,1.002564552819177
3114.0,3070.0,1.003482964511838
2722.0,3150.0,1.010898538391095
2722.0,1570.0,1.0115265945002228
2722.0,3235.0,1.0111281652224775
2722.0,4087.0,1.0128729658269764
2828.0,35536.0,1.0008215292760778
2828.0,48450.0,1.0003627067062235
2828.0,27634.0,1.0000908071220003
2828.0,34403.0,1.0
2033.0,19298.0,1.0030420177599149
2033.0,27394.0,1.0
2033.0,8771.0,1.002721115714998
2033.0,8467.0,1.0028578223488855
2033.0,9937.0,1.001453816861357
2033.0,14299.0,1.0018287602112033
2033.0,23358.0,1.0027276330113912
2033.0,10224.0,1.000627178872028
2033.0,23306.0,1.0013422659952453
2033.0,14504.0,1.0000107139096877
2027.0,5264.0,1.0042191984969204
2027.0,4816.0,1.0031766538951905
2027.0,19665.0,1.0012010356797418
2067.0,1056.0,1.0013231293920906
2080.0,42662.0,1.0022753972825937
2087.0,3049.0,1.0006865208297888
2111.0,2507.0,1.001501824353001
2114.0,8560.0,1.0017266760640613
2011.0,2314.0,1.0034822240885086
1993.0,16414.0,1.0007551648795916
1791.0,1507.0,1.0035666436926
1792.0,598.0,1.0
1792.0,3117.0,1.0018650523726371
1762.0,2361.0,1.0032996948146542
1781.0,4828.0,1.0021508497617715
1781.0,6134.0,1.003833535789393
1898.0,2074.0,1.0033142754986017
1941.0,1823.0,1.0017181399274895
1941.0,2456.0,1.0011573863105516
1808.0,2024.0,1.0016485164656483
1835.0,2561.0,1.00328238457464
1835.0,15809.0,1.0023006347094798
2158.0,10696.0,1.0003535387161
2158.0,3111.0,1.0017577569248823
2158.0,5421.0,1.002254268211521
2158.0,9470.0,1.0014320392386034
2158.0,10132.0,1.000794200206427
2433.0,4709.0,1.004693575773877
2440.0,2929.0,1.0000072939947808
2459.0,4381.0,1.0032601490348407
2459.0,4551.0,1.0024891487097203
2459.0,5199.0,1.0031625547238658
2459.0,2482.0,1.0021846590216705
2459.0,4484.0,1.0021792013500048
2417.0,16071.0,1.0036534382497329
2382.0,5210.0,1.0029508189999925
2382.0,4989.0,1.0058130775498841
2383.0,8242.0,1.0017345955589196
2408.0,4245.0,1.0046370016105066
2411.0,39573.0,1.0000524774709134
2411.0,40107.0,1.003920483286214
2465.0,1915.0,1.0016140529832935
2464.0,5431.0,1.0006826780254323
2209.0,5998.0,1.0001878878875066
2224.0,6080.0,1.0013890023051701
2280.0,8067.0,1.0014408196451314
2280.0,3058.0,1.0025672746869445
2280.0,2796.0,1.0037836198945285
2280.0,2886.0,1.0001858560679877
2280.0,3016.0,1.0018742070106577
2280.0,20654.0,1.0029795505252068
2280.0,25330.0,1.0020271308990865
2280.0,10618.0,1.0027117418273555
2280.0,3603.0,1.0043239095166512
2280.0,9984.0,1.0036106170644594
2192.0,9044.0,1.0047382632952155
2177.0,3498.0,1.001158168870778
2287.0,2799.0,1.002293967975559
2356.0,2779.0,1.0011975460907898
3943.0,14123.0,1.0001766754652754
3943.0,10041.0,1.0003649446667735
3943.0,6574.0,1.0036084691924982
3943.0,42163.0,1.001873834761314
3943.0,7556.0,1.001584711571656
3943.0,32400.0,1.0016764897963146
3943.0,2241.0,1.0021108790806883
3943.0,3665.0,1.0024708227132764
3943.0,7782.0,1.0007443241525154
3943.0,8197.0,1.0013429102505629
3943.0,8440.0,1.0030592146411628
3943.0,6996.0,1.0012795231706257
3943.0,6620.0,1.0023930618288746
3943.0,20159.0,1.0004099801168762
3943.0,20703.0,1.002522423104612
3943.0,10112.0,1.0
3943.0,12327.0,1.0021915321651094
3943.0,8107.0,1.00099612333084
3943.0,6673.0,1.0002405157154015
3943.0,4838.0,1.0014144582336078
3943.0,5951.0,1.0025188606233113
3943.0,6434.0,1.0006590937594555
4020.0,20180.0,1.0019869879012115
4020.0,6828.0,1.000116020973042
4020.0,20753.0,1.003601469382467
4020.0,34542.0,1.0015028435834816
4020.0,3487.0,1.0032011587173777
4020.0,9214.0,1.001854817520527
4020.0,9700.0,1.0015252239210974
4047.0,3429.0,1.0026727525328882
4060.0,8912.0,1.0035791789381894
4082.0,4847.0,1.0024134000038092
3926.0,3389.0,1.0021655799513902
3926.0,5523.0,1.0031519482605478
3835.0,41361.0,1.0001575317530522
3835.0,50771.0,1.0021201173636776
3835.0,15278.0,1.0014974948626014
3835.0,15386.0,1.0029890171758493
3835.0,38520.0,1.0034623175778703
3835.0,805.0,1.0015383582381967
3835.0,27785.0,1.001040898492506
3835.0,31751.0,1.0
3835.0,44387.0,1.0017831071980001
3838.0,4886.0,1.0012574296856789
3840.0,4845.0,1.0014340578404102
4092.0,510.0,1.000785130113721
4092.0,5722.0,1.0
4092.0,7247.0,1.0002770717424716
4092.0,12450.0,1.0001868535961218
4092.0,13604.0,1.0
4092.0,5756.0,1.0008724750834634
4092.0,4120.0,1.0017507836635753
4092.0,10919.0,1.0021913249879244
4092.0,23721.0,1.001702760940449
4670.0,10664.0,1.001511622987578
4795.0,18423.0,1.0011048481467444
4795.0,31325.0,1.0019287664861039
4795.0,5916.0,1.0001194172193861
4795.0,16093.0,1.0012393056532018
4795.0,17497.0,1.0006080397849872
4795.0,18137.0,1.0004228856019215
4566.0,14886.0,1.0023518341669548
4566.0,15402.0,1.0022494986591037
4566.0,5871.0,1.0022113581725898
4573.0,5865.0,1.0026857913863063
4616.0,6029.0,1.0024045514991802
4859.0,6264.0,1.0004691407686268
4873.0,6272.0,1.0041047855885132
4887.0,16672.0,1.0050545332237637
4889.0,6297.0,1.006494341178412
4903.0,4765.0,1.0020545610187288
4910.0,8535.0,1.0
4910.0,8442.0,1.0013585526370237
4930.0,6363.0,1.0009126054972477
4855.0,8380.0,1.0043445739148913
4527.0,5465.0,1.0017965517307188
4146.0,17209.0,1.0037152074822993
4146.0,22329.0,1.0032766350901803
4199.0,5426.0,1.0023759022778298
4226.0,5461.0,1.0027104072105817
4263.0,5499.0,1.0
4278.0,5861.0,1.00079588251822
4278.0,5504.0,1.0001375794087506
4129.0,5413.0,1.0018908053031286
4301.0,23889.0,1.001688923787851
3451.0,37851.0,1.001050483986859
3451.0,5920.0,1.0028914956281545
3451.0,16401.0,1.0003551120674927
3451.0,8437.0,1.001337264783606
3458.0,35888.0,1.0010091525321847
3458.0,34482.0,1.0041957024319503
3337.0,4263.0,1.000784965059865
3343.0,13584.0,1.0030814904637366
3398.0,52110.0,1.0023071748386208
3575.0,41685.0,1.0016128073943353
3575.0,42787.0,1.0012308374336683
3606.0,3122.0,1.004067707537668
3606.0,9267.0,1.000522037647686
3480.0,8316.0,1.0011237390547836
3499.0,4105.0,1.0036032880816121
3508.0,5300.0,1.0040175847947843
3178.0,44883.0,1.000162978875213
3178.0,49844.0,1.0023753410173184
3178.0,40562.0,1.0006975500778974
3178.0,50647.0,1.0
3178.0,41191.0,1.0024763290842271
3178.0,43096.0,1.0
3178.0,44331.0,1.0
3178.0,44925.0,1.0009014804885898
3181.0,3637.0,1.0000673229115271
3194.0,4265.0,1.0005648474477382
3194.0,3235.0,1.0026368584403151
3194.0,3831.0,1.0031761768086613
3206.0,3777.0,1.0032119804397241
3211.0,6905.0,1.0031248415938405
3312.0,2560.0,1.0024800792730306
3312.0,1091.0,1.0024820030006532
3312.0,4037.0,1.0027028795775295
3252.0,1955.0,1.0
3288.0,3074.0,1.0
3790.0,15791.0,1.0
3790.0,4501.0,1.0
3790.0,22002.0,1.0
3790.0,9971.0,1.0
3790.0,30094.0,1.0000148293711244
3790.0,8635.0,1.00018638498752
3790.0,7680.0,1.001510934554684
3790.0,17572.0,1.0004250047520489
3790.0,9278.0,1.0
3790.0,5226.0,1.0
3790.0,10183.0,1.0
3790.0,5622.0,1.0000515477369116
3790.0,14856.0,1.0
3790.0,10587.0,1.0005108024733587
3790.0,22579.0,1.0
3790.0,26876.0,1.0011384120857998
3790.0,4753.0,1.0001411158769409
3790.0,5274.0,1.0
3790.0,7797.0,1.0
3790.0,6353.0,1.001443526457406
3668.0,20304.0,1.0042017262156158
3789.0,4740.0,1.0130691347208711
3677.0,45431.0,1.002856430073795
3704.0,7670.0,1.0036953653484166
3727.0,4681.0,1.001667265434517
3768.0,3360.0,1.0045732923122346
3776.0,965.0,1.0043752037403335
10939.0,1244.0,1.0046128098936098
26157.0,27352.0,1.0
