4.0,96.0,1.0017212438758494
4.0,2560.0,1.0033367903336852
25579.0,5003.0,1.0719221761023443
25579.0,7652.0,1.0696969274584187
25579.0,8841.0,1.0711798618613
25579.0,8904.0,1.071310943515802
25579.0,9158.0,1.0722782108061302
25579.0,4398.0,1.0730583155531825
25579.0,773.0,1.0739808499260834
25579.0,1367.0,1.0701918647227
25579.0,2093.0,1.0718962136536216
25579.0,2274.0,1.0709506791563685
25579.0,2968.0,1.0710603707876372
25579.0,3803.0,1.0705007979916235
25579.0,9964.0,1.0710240778418003
25579.0,12342.0,1.0701794661639543
25579.0,12373.0,1.0722651221132535
25579.0,13822.0,1.0719139033746168
25579.0,14841.0,1.0739484984957328
25579.0,32076.0,1.0718250488410743
25579.0,32323.0,1.0705067405223456
25579.0,31567.0,1.073722928393421
25579.0,31608.0,1.07143002626791
25579.0,31708.0,1.071619329296066
25579.0,31967.0,1.0719238581364443
25579.0,32015.0,1.0706778779212445
25579.0,31485.0,1.0710265226419162
25579.0,32694.0,1.0711214989273243
25579.0,34693.0,1.0702719764151318
25579.0,34704.0,1.0722088232073823
25579.0,34743.0,1.0708388050682356
25579.0,34749.0,1.0716010502927937
25579.0,35190.0,1.070782191062373
25579.0,35334.0,1.0699972653170065
25579.0,35365.0,1.0718010922449641
25579.0,35424.0,1.0722691463643406
25579.0,34644.0,1.0694766520409769
25579.0,34322.0,1.0714524004171335
25579.0,27530.0,1.0721639202789526
25579.0,27779.0,1.0726044657368006
25579.0,27794.0,1.0724443230388012
25579.0,27982.0,1.071758954306686
25579.0,27082.0,1.0701094131872382
25579.0,22208.0,1.071824620061981
25579.0,23395.0,1.0718487654447326
25579.0,23757.0,1.0708735487714853
25579.0,23868.0,1.0733384831959538
25579.0,26712.0,1.0716504525706259
25579.0,31402.0,1.0720441432903114
25579.0,30816.0,1.0715891775668955
25579.0,30873.0,1.070853582267519
25579.0,30929.0,1.0708188588277157
25579.0,31026.0,1.0709236897091736
25579.0,31206.0,1.0716626555815396
25579.0,30078.0,1.0722916613338185
25579.0,30031.0,1.0716236491443527
25579.0,28927.0,1.0731035560265918
25579.0,28350.0,1.071238746889421
25579.0,28382.0,1.0715608072757048
25579.0,28710.0,1.070937194678535
25579.0,28858.0,1.070939229987476
25579.0,35569.0,1.071450179545934
25579.0,40820.0,1.0715425046654854
25579.0,35637.0,1.072300536151871
25579.0,37524.0,1.0714091093012628
25579.0,37709.0,1.0722782821646302
25579.0,36224.0,1.0720018975592145
25579.0,36251.0,1.0695473181693675
25579.0,37276.0,1.0706130989632374
25579.0,38749.0,1.070762525834748
25579.0,39512.0,1.0715510861604791
25579.0,35624.0,1.0702532242587157
25579.0,37757.0,1.0737690944739915
25579.0,37811.0,1.0711325311010922
25579.0,37916.0,1.0703106382100314
25579.0,38460.0,1.0720967796734746
25579.0,38606.0,1.0703863432996021
25579.0,38283.0,1.0711263361343581
25579.0,37198.0,1.0705424435274487
25579.0,37286.0,1.0715558890123733
25579.0,37440.0,1.0710617954571577
25579.0,37603.0,1.0729272114911543
25579.0,37666.0,1.0733924166540745
25579.0,39648.0,1.0701352180773955
25579.0,39770.0,1.0711003024474537
25579.0,39420.0,1.069320044568124
25579.0,38775.0,1.0727017655687103
25579.0,38921.0,1.0699427693126575
25579.0,39025.0,1.072097629813355
25579.0,39063.0,1.0695620577732001
25579.0,39075.0,1.072003320228009
25579.0,39429.0,1.0716841665513317
25579.0,37179.0,1.070391981715406
25579.0,36074.0,1.0718331089971525
25579.0,36170.0,1.0709629631438917
25579.0,35968.0,1.0720509714413118
25579.0,35711.0,1.0724524013977768
25579.0,35791.0,1.0724731758444601
25579.0,35800.0,1.0725010497988863
25579.0,35848.0,1.073377440625058
25579.0,35930.0,1.0713567432338214
25579.0,36282.0,1.0719597343309246
25579.0,36837.0,1.070504398747241
25579.0,36957.0,1.0718739626767044
25579.0,37068.0,1.0710817046742416
25579.0,37108.0,1.0718767848237107
25579.0,37129.0,1.0692822496012666
25579.0,36327.0,1.0715333421189963
25579.0,36355.0,1.0702610097216734
25579.0,36453.0,1.0704061279239891
25579.0,36513.0,1.071507456825316
25579.0,36548.0,1.071398245197607
25579.0,36635.0,1.0718511524172123
25579.0,49875.0,1.0718362890660205
25579.0,50540.0,1.072583855453667
25579.0,48063.0,1.0715875845445129
25579.0,45622.0,1.0711702327749657
25579.0,45834.0,1.0736702553104585
25579.0,45977.0,1.0714412495230874
25579.0,47202.0,1.0718379409532584
25579.0,47374.0,1.0705018339463779
25579.0,47805.0,1.0730755551132067
25579.0,45317.0,1.0704611389295462
25579.0,42192.0,1.0709446584069648
25579.0,42259.0,1.0706833447071225
25579.0,42352.0,1.0720731158721906
25579.0,42363.0,1.0713436581641107
25579.0,42416.0,1.0717466797027173
25579.0,41832.0,1.070312844556217
25579.0,41763.0,1.0724096521075306
25579.0,40602.0,1.0704596216269608
25579.0,40725.0,1.0697560618043784
25579.0,40875.0,1.0725191954414581
25579.0,40881.0,1.0719094414442818
25579.0,40925.0,1.071996598505856
25579.0,41014.0,1.0717506288583147
25579.0,41494.0,1.0727801871251144
25579.0,41736.0,1.0709505321247783
25579.0,42440.0,1.0706618808707575
25579.0,43672.0,1.071978542022107
25579.0,44154.0,1.0718497969447123
25579.0,44365.0,1.0699572294364217
25579.0,44901.0,1.070417733497891
25579.0,45002.0,1.0722317493632514
25579.0,42997.0,1.0702989735697699
25579.0,43036.0,1.0710355334158492
25579.0,43274.0,1.072522821723075
25579.0,45363.0,1.0705100834136099
25375.0,41968.0,1.0018901917564815
25394.0,26590.0,1.0029923231748306
25398.0,48525.0,1.0021409544951414
25415.0,4956.0,1.0
25415.0,6923.0,1.0006344443787754
25415.0,36176.0,1.0
25415.0,44255.0,1.0
25415.0,44319.0,1.0005596397166743
25415.0,45694.0,1.0003069200348218
25415.0,45929.0,1.0005881083173516
25415.0,43496.0,1.0000138567956507
25415.0,37593.0,1.0
25415.0,38250.0,1.0
25415.0,39334.0,1.0001896736985287
25415.0,39437.0,1.0
25415.0,41842.0,1.0
25120.0,27223.0,1.0
25153.0,26486.0,1.0018636117317195
25206.0,40275.0,1.0016467675015457
25220.0,32418.0,1.0027095344497166
25281.0,26918.0,1.0000835095961051
25359.0,28279.0,1.001109514771716
25425.0,16419.0,1.0019795943006828
22400.0,23681.0,1.0036569330428742
22400.0,23449.0,1.0031906839403029
22504.0,18951.0,1.0015427033880129
22504.0,32951.0,1.0019719889432719
22504.0,32957.0,1.0012625605160757
22504.0,45589.0,1.0020855724977549
22385.0,43150.0,1.0
22385.0,32719.0,1.0010515126365969
22367.0,16234.0,1.0
22367.0,14090.0,1.0
22367.0,50294.0,1.0013312475285798
22367.0,52191.0,1.0
22367.0,48395.0,1.0007691602711373
22367.0,36029.0,1.0
22367.0,36594.0,1.000000198634929
22367.0,37266.0,1.0008612779475488
22367.0,38290.0,1.0
22367.0,38491.0,1.0004720015518254
22367.0,39802.0,1.0
22367.0,35783.0,1.0
22367.0,35608.0,1.0
22367.0,34236.0,1.0020539087322986
22367.0,34262.0,1.0003124881736116
22367.0,34825.0,1.0
22367.0,34846.0,1.0
22367.0,35153.0,1.0001435212106242
22367.0,35431.0,1.0
22367.0,35739.0,1.0
22367.0,46029.0,1.0009689993274085
22367.0,47186.0,1.0
22367.0,47821.0,1.0026981404174227
22367.0,47966.0,1.0
22367.0,44662.0,1.0
22367.0,40494.0,1.0
22367.0,40665.0,1.0003635383173186
22367.0,40716.0,1.000500886395956
22367.0,41000.0,1.0002458478576215
22367.0,41250.0,1.001347351267143
22367.0,32357.0,1.0
22367.0,32298.0,1.001340154866169
22367.0,4923.0,1.0005024278878747
22367.0,27758.0,1.0
22367.0,27918.0,1.0
22367.0,31319.0,1.0000781572356487
22367.0,31414.0,1.0003867689643784
22367.0,31949.0,1.0000669660311434
22367.0,26535.0,1.0010951819729519
22367.0,26366.0,1.0011746928778067
22367.0,7626.0,1.0
22367.0,16122.0,1.0
22367.0,20420.0,1.0017122021278753
22682.0,40820.0,1.0010334861646557
22682.0,44051.0,1.001093674666334
22733.0,23743.0,1.0008275111398244
22733.0,24099.0,1.0021850614621688
22784.0,12476.0,1.004172395577791
22806.0,26460.0,1.0015012142700954
22522.0,36926.0,1.00017618353697
22522.0,40535.0,1.002794475834477
22522.0,40900.0,1.0012988143551562
22545.0,26370.0,1.0031530567599998
22624.0,23619.0,1.0
22879.0,44245.0,1.004193220018342
23274.0,25262.0,1.0017314262126247
23293.0,8520.0,1.000327412443193
23481.0,47350.0,1.0014773562183876
23506.0,44100.0,1.0021783106957975
23506.0,45993.0,1.0022782740503842
23506.0,51944.0,1.0033860666800332
23149.0,52155.0,1.0003124456907457
23149.0,45017.0,1.000106137325596
23149.0,32459.0,1.0008184717357396
23149.0,44175.0,1.0
23188.0,1333.0,1.0021241948925537
23188.0,44935.0,1.0017240773326468
23188.0,47933.0,1.001513154394139
23203.0,36204.0,1.0
23254.0,20860.0,1.0046575898364614
24765.0,26416.0,1.0029569236180136
24937.0,25181.0,1.002749313345783
24966.0,23943.0,1.0008632344563804
24987.0,26671.0,1.0021872135873913
24991.0,26664.0,1.0021695167398468
23523.0,2080.0,1.0022198106720528
23554.0,39276.0,1.0011951000482537
23580.0,9701.0,1.0022701137009145
24599.0,35152.0,1.0028058243772662
24645.0,43371.0,1.002466134348968
24698.0,3430.0,1.0030811523372465
23087.0,27572.0,1.0
23087.0,28505.0,1.0001146296537429
23087.0,30234.0,1.0
23087.0,34481.0,1.0009176239650026
23087.0,14232.0,1.000869373945112
23087.0,15416.0,1.0
23087.0,44318.0,1.0016378298589723
23087.0,35472.0,1.0000039027386103
23087.0,40561.0,1.000185445016567
23087.0,41804.0,1.0005650367849186
23087.0,41989.0,1.0
22916.0,7013.0,1.0023632368852926
22922.0,23849.0,1.0003742489447007
22976.0,26494.0,1.0029520478144653
22976.0,27158.0,1.0004156754916247
23035.0,31388.0,1.0037907707283928
23059.0,25167.0,1.0019966454791698
23067.0,23967.0,1.000367109130936
26143.0,74.0,1.0013138642493689
26297.0,10490.0,1.0
26120.0,16763.0,1.00370487064284
26088.0,31385.0,1.0022839125990717
26046.0,23175.0,1.0018742889620396
25619.0,27726.0,1.0
25659.0,29994.0,1.0029660692489213
25723.0,27861.0,1.0017640804329266
25847.0,20313.0,1.0043404702166123
25868.0,27392.0,1.0024418618388824
26476.0,27940.0,1.0018306065243965
26648.0,30929.0,1.0
26648.0,31231.0,1.0
26648.0,25326.0,1.0
26648.0,8376.0,1.0
26648.0,8886.0,1.0
26648.0,9907.0,1.0012218120899943
26648.0,11220.0,1.0
26648.0,8048.0,1.00086257403476
26648.0,13945.0,1.0
26648.0,30972.0,1.0003532915562272
26648.0,31365.0,1.0
26648.0,30361.0,1.0
26648.0,30389.0,1.0
26648.0,30469.0,1.0
26648.0,30501.0,1.0020786530398025
26648.0,30507.0,1.0026907388530575
26648.0,30522.0,1.0006753673292847
26648.0,30796.0,1.0
26648.0,34463.0,1.0
26648.0,34494.0,1.0
26648.0,34513.0,1.0
26648.0,35168.0,1.0
26648.0,35178.0,1.0007659954791954
26648.0,35991.0,1.0011423450523875
26648.0,36017.0,1.0
26648.0,32706.0,1.0
26648.0,31896.0,1.0
26648.0,32209.0,1.0
26648.0,32423.0,1.0
26648.0,32469.0,1.0005298013500856
26648.0,19495.0,1.0008478431019592
26648.0,19804.0,1.0
26648.0,21937.0,1.0
26648.0,23560.0,1.0009613876612982
26648.0,23799.0,1.0022339564442981
26648.0,18586.0,1.0
26648.0,14178.0,1.0002011551998038
26648.0,14556.0,1.0014204268023463
26648.0,18432.0,1.0
26648.0,28787.0,1.0
26648.0,28865.0,1.0002157663121514
26648.0,28909.0,1.0002721004861796
26648.0,29984.0,1.0
26648.0,30093.0,1.0007063574545767
26648.0,30133.0,1.0
26648.0,28749.0,1.0003664981193499
26648.0,27202.0,1.0
26648.0,27814.0,1.0
26648.0,28179.0,1.000035782129353
26648.0,28415.0,1.0001543983828214
26648.0,28601.0,1.0
26648.0,37265.0,1.0
26648.0,42905.0,1.0005864230724795
26536.0,38416.0,1.001828248318269
26587.0,37284.0,1.0023287353714814
25597.0,35889.0,1.0
25597.0,38760.0,1.0
25597.0,39009.0,1.0
25597.0,39049.0,1.000046459992853
25597.0,39456.0,1.0
25597.0,39512.0,1.0000468039841754
25597.0,37459.0,1.000307322655914
25597.0,37557.0,1.0022754700802476
25597.0,37651.0,1.0
25597.0,37802.0,1.0004100742706097
25597.0,38015.0,1.0
25597.0,46171.0,1.0008400696360618
25597.0,47722.0,1.0
25597.0,47752.0,1.0005029541498895
25597.0,47839.0,1.0018337652467755
25597.0,48450.0,1.0
25597.0,45576.0,1.0
25597.0,45462.0,1.0001460507219198
25597.0,40312.0,1.0
25597.0,41270.0,1.0009188385806247
25597.0,41908.0,1.0006241972651837
25597.0,42946.0,1.0
25597.0,37385.0,1.001172771886061
25597.0,37309.0,1.0
25597.0,36535.0,1.0000130632320994
25597.0,14190.0,1.0
25597.0,31328.0,1.00096164006691
25597.0,31972.0,1.0007332042602972
25597.0,32149.0,1.002858616061961
25597.0,34361.0,1.0
25597.0,36288.0,1.0009520900635578
25597.0,36330.0,1.0
25597.0,36746.0,1.0001688132394695
25597.0,36797.0,1.0006930829178637
25597.0,37221.0,1.0012293574291127
25597.0,32805.0,1.0008207331558214
25597.0,34863.0,1.0
25597.0,35336.0,1.0
25597.0,35680.0,1.0
25597.0,37329.0,1.000302702501596
16777.0,47243.0,1.0022037157403902
16778.0,1367.0,1.0
16852.0,22456.0,1.0024516562953476
16878.0,13910.0,1.0000279207027967
16889.0,7119.0,1.0002944242784702
16894.0,28897.0,1.0017810951926305
16952.0,18943.0,1.0016257542767955
16959.0,47449.0,1.0034080477841432
16965.0,6788.0,1.0
16965.0,18950.0,1.0010069010612923
16419.0,20473.0,1.0002120042211384
16577.0,10461.0,1.002901774583867
16672.0,14886.0,1.002214433505585
16700.0,19915.0,1.001815114765555
16700.0,22489.0,1.0023515137360262
16711.0,18628.0,1.0039035141440653
17218.0,19223.0,1.0013699926331028
17355.0,22068.0,1.0040194836633212
17358.0,7087.0,1.0016250151333321
17358.0,19477.0,1.0021668918148405
16968.0,13554.0,1.0
16968.0,17608.0,1.0007079617247565
17044.0,18635.0,1.000522004251613
17062.0,19042.0,1.0
17062.0,19044.0,1.0002113518658198
17070.0,9089.0,1.0028263742024557
15636.0,15538.0,1.0039988153565977
15649.0,8739.0,1.0027177551933184
15936.0,16920.0,1.0019851793259247
15949.0,18173.0,1.001735879943927
15288.0,45893.0,1.0
15288.0,44879.0,1.0002100983164626
15288.0,34888.0,1.0005012285613226
15288.0,41755.0,1.0008983553358546
15288.0,42400.0,1.0004750898787587
15288.0,4762.0,1.0
15288.0,17530.0,1.0020542394397327
15288.0,18573.0,1.0
15288.0,19625.0,1.0008711698276567
15288.0,19784.0,1.00023511263834
15288.0,23504.0,1.0009753418193075
15288.0,44876.0,1.0
15483.0,8420.0,1.0021345408882512
15574.0,17695.0,1.00358345354717
15961.0,35213.0,1.001962581248181
15977.0,28672.0,1.0
15977.0,52027.0,1.000534980439859
16282.0,20006.0,1.0
16201.0,38383.0,1.0034184878154024
16194.0,14683.0,1.0024931496236764
16003.0,5268.0,1.0019060978778807
16003.0,19813.0,1.0031968049398263
17394.0,19298.0,1.000892745152472
17494.0,19362.0,1.0002947608062605
18322.0,5986.0,1.0028023720623935
18331.0,9663.0,1.0035058841186775
18335.0,18420.0,1.0
18335.0,22170.0,1.0023377026566054
18335.0,34272.0,1.00241346160044
18008.0,25280.0,1.0000448982385763
18008.0,46071.0,1.0
18008.0,19943.0,1.0002423907828664
18012.0,26947.0,1.0
18381.0,45514.0,1.0026320226292333
18404.0,15282.0,1.002327143260462
18414.0,20001.0,1.0018009634008815
18450.0,20092.0,1.0033645080727194
18519.0,6114.0,1.0015122548067907
17572.0,28230.0,1.0004814365049224
17572.0,415.0,1.0
17572.0,16490.0,1.0011710566361496
17575.0,40278.0,1.0010353484393073
17590.0,19353.0,1.0029662087246851
17748.0,19974.0,1.0015289357196666
17811.0,44214.0,1.0010345158230973
17526.0,39327.0,1.0047545009989518
17546.0,20003.0,1.0019317986873757
17834.0,40207.0,1.0020048568272997
17834.0,43009.0,1.0
17948.0,20835.0,1.0039012396259985
17960.0,19776.0,1.0
17986.0,47525.0,1.002176154400732
17914.0,41380.0,1.0031232523688165
13949.0,16313.0,1.0
13967.0,16864.0,1.0007234221371741
13967.0,27390.0,1.001265944496377
13521.0,16198.0,1.0018029285346137
13630.0,4972.0,1.002335393023261
13995.0,34205.0,1.0040850922990516
14160.0,16313.0,1.0005814744720536
14205.0,15004.0,1.0003854047598306
14436.0,16825.0,1.0001926560920165
14071.0,1959.0,1.0020188150525846
14002.0,8095.0,1.0007783118529543
14002.0,22241.0,1.0008297345990709
14002.0,22770.0,1.0008644902330208
14008.0,16277.0,1.0004441971455758
14018.0,16479.0,1.0022070496738065
14064.0,10864.0,1.0
14114.0,6798.0,1.0037410544997833
11957.0,25249.0,1.0021937798214828
11957.0,15238.0,1.0010830595805615
11993.0,8080.0,1.001094146818633
12033.0,15460.0,1.0017637102230608
12034.0,16096.0,1.001742981379528
13133.0,1990.0,1.0034299039840593
11905.0,13652.0,1.001739810690107
11777.0,1770.0,1.0014274068698894
11795.0,14707.0,1.0045496319440774
11798.0,1367.0,1.0014825255889261
11849.0,13798.0,1.0005728191438146
11870.0,15445.0,1.0
13187.0,23513.0,1.0024413254056332
13418.0,18168.0,1.0019552767722777
13464.0,23964.0,1.0017801666587147
13464.0,26764.0,1.0010397929283887
13190.0,4409.0,1.0011176945022404
13333.0,15278.0,1.0015684881315965
13388.0,10674.0,1.0012524462450787
15099.0,17422.0,1.003439605620431
15118.0,8531.0,1.0025669298525761
15184.0,7477.0,1.0015730666478848
15184.0,50080.0,1.0002265164475699
15249.0,14745.0,1.0020194768559274
15272.0,17584.0,1.0013675187139393
15040.0,16414.0,1.0023945148464874
14819.0,23757.0,1.0022942689987508
14911.0,2839.0,1.0010948889762885
14912.0,8263.0,1.0011678792477452
14912.0,6180.0,1.0
14765.0,18001.0,1.0023770059716393
14582.0,28446.0,1.0
14582.0,7209.0,1.0
14582.0,23964.0,1.0005916925761174
14582.0,28907.0,1.000861815569807
14582.0,31055.0,1.000210165778092
14582.0,32720.0,1.0013547006093824
14582.0,34598.0,1.0018872071754419
14582.0,27965.0,1.0
14582.0,27801.0,1.0
14582.0,25123.0,1.0014301918859179
14467.0,7287.0,1.0014064393638402
14508.0,13720.0,1.0014730049667897
14740.0,17921.0,1.0003633849874387
14740.0,19845.0,1.0
14749.0,17156.0,1.000671351265938
14736.0,13976.0,1.002117865821566
14622.0,36099.0,1.001481119738576
14651.0,19679.0,1.0023587751473695
14696.0,42318.0,1.0022475504085426
18544.0,21969.0,1.0004121195937703
18604.0,22073.0,1.0
18604.0,39193.0,1.0
18604.0,26964.0,1.0003448124392573
18604.0,3435.0,1.0
18604.0,22452.0,1.0
18604.0,22258.0,1.0019965974175968
18604.0,9193.0,1.0014318999069687
18604.0,21905.0,1.0008303668659526
18604.0,22086.0,1.0004499107914582
18604.0,22224.0,1.0009318053135592
21289.0,40697.0,1.0013813023561748
21289.0,47977.0,1.0001548016651747
21289.0,50302.0,1.0
21289.0,50324.0,1.0
21289.0,50460.0,1.0
21289.0,50724.0,1.00172388818856
21289.0,49877.0,1.0
21289.0,24055.0,1.0
21289.0,49805.0,1.0001435598453332
21224.0,19668.0,1.0007182619680017
21262.0,22463.0,1.0028595523778463
21297.0,48450.0,1.0
21297.0,3348.0,1.001151126439504
21297.0,19771.0,1.001163663572411
21297.0,28424.0,1.0003163752960236
21297.0,48333.0,1.0012659045874857
21433.0,30753.0,1.0010898911387673
21433.0,30264.0,1.0006133169037503
21433.0,30231.0,1.0012812151925128
21433.0,26913.0,1.0008076993700479
21441.0,22412.0,1.0021335150251383
21463.0,22632.0,1.0031263593831798
21494.0,22684.0,1.0036882314164066
21533.0,30983.0,1.003328749569469
21331.0,22663.0,1.0043563902017265
20749.0,26782.0,1.0003686814828692
20749.0,28314.0,1.0007746672480697
20749.0,30659.0,1.0
20749.0,31041.0,1.0
20749.0,31156.0,1.0007331245610058
20749.0,27612.0,1.0007249310282371
20749.0,27822.0,1.001272043832376
20749.0,27882.0,1.0005210256325223
20749.0,27934.0,1.0008867880670147
20749.0,28135.0,1.0013989807259982
20749.0,29951.0,1.0003242784754496
20749.0,27536.0,1.0
20749.0,6738.0,1.0
20749.0,8135.0,1.0
20749.0,27040.0,1.0007568685190218
20749.0,27123.0,1.0
20749.0,27291.0,1.0
20749.0,27033.0,1.0
20749.0,22345.0,1.0
20749.0,27019.0,1.0005353607285674
20749.0,22525.0,1.0
20749.0,22555.0,1.0006991939356347
20749.0,22630.0,1.0
20749.0,22735.0,1.0
20749.0,22958.0,1.0
20776.0,20389.0,1.00050727174766
20816.0,5057.0,1.0
20874.0,22489.0,1.0028501262821101
21537.0,22732.0,1.0019851227537357
21074.0,22020.0,1.001171129932848
21118.0,22606.0,1.001668881560015
21135.0,22347.0,1.0032171684285962
21196.0,2153.0,1.0
21196.0,26450.0,1.0
21208.0,17409.0,1.0033894828675192
21027.0,22607.0,1.0
20901.0,22091.0,1.0013132522840023
20991.0,22890.0,1.0015086065530865
20991.0,23072.0,1.002143846364255
21016.0,22411.0,1.0
21016.0,22464.0,1.0018363391777227
21542.0,26918.0,1.0005608853499963
21543.0,25222.0,1.0009133390629712
22247.0,8367.0,1.0
22247.0,49811.0,1.0003688962020285
22247.0,44313.0,1.0
22247.0,44354.0,1.0
22288.0,5480.0,1.0010086191919119
22324.0,50544.0,1.0007727321843096
22324.0,52234.0,1.0031035517221258
22364.0,22476.0,1.0024683544966804
22224.0,15573.0,1.0015733049112552
21826.0,37520.0,1.0018961667053499
21862.0,22785.0,1.0
21903.0,28667.0,1.003402476608666
21907.0,38434.0,1.0011758930408694
21916.0,23004.0,1.004639077696476
21930.0,47251.0,1.0022933874140025
21768.0,23078.0,1.0024479988434258
21570.0,22730.0,1.0032363226490615
21614.0,40098.0,1.0
21714.0,26372.0,1.002669909136553
21963.0,36950.0,1.0013379057842868
21963.0,49844.0,1.0
21963.0,32555.0,1.0
21963.0,39300.0,1.0007573971811896
21963.0,35729.0,1.0005769966239741
21963.0,36456.0,1.0000132181846502
21963.0,36883.0,1.0
21963.0,38107.0,1.0018675024065113
21976.0,31481.0,1.0040474409367095
22010.0,23095.0,1.0015962013182678
22031.0,23111.0,1.004999353898674
22157.0,3257.0,1.0030092690512258
22157.0,4217.0,1.0027441292781005
22188.0,32474.0,1.0
19250.0,1304.0,1.0
19250.0,16765.0,1.0
19250.0,7942.0,1.0
19250.0,8742.0,1.000489400368052
19250.0,13535.0,1.0003626728257922
19250.0,14654.0,1.0
19250.0,16743.0,1.0
19250.0,17400.0,1.0
19250.0,2970.0,1.0
19250.0,22384.0,1.000412262956926
19250.0,20523.0,1.0006344036323718
19250.0,20767.0,1.0001718491963423
19250.0,22017.0,1.0012678644176665
19250.0,22029.0,1.0
19114.0,23408.0,1.0057948012961224
19169.0,20459.0,1.0033918085422633
19183.0,31989.0,1.0029765072816375
19183.0,23354.0,1.0017986803595942
19338.0,20649.0,1.002129588787278
19346.0,33135.0,1.0
19346.0,5109.0,1.0002609876700008
19346.0,20831.0,1.0006579433512968
19346.0,27769.0,1.001451467379027
19346.0,32174.0,1.0
19346.0,52063.0,1.0000039248668025
19085.0,20459.0,1.001677530590518
19086.0,36704.0,1.0018175796867321
18646.0,52023.0,1.00062643195881
18646.0,44652.0,1.0029870072494544
18880.0,20304.0,1.0024108141127845
18882.0,1319.0,1.0022261698134494
19054.0,20645.0,1.0010296457432366
18784.0,20276.0,1.003781045574355
18755.0,22395.0,1.000553682176829
18704.0,20124.0,1.0000528365065569
18704.0,14028.0,1.0008932730920415
18708.0,20216.0,1.0015737119515822
20701.0,37557.0,1.0030468770116754
20701.0,35451.0,1.001500117911266
20701.0,37381.0,1.0011945848562607
20701.0,40117.0,1.0012402441152732
20701.0,43736.0,1.0
20701.0,14147.0,1.0001420136523174
19631.0,45130.0,1.0028099191649573
20688.0,39998.0,1.0010467842502482
20688.0,40585.0,1.002987721714419
20695.0,27723.0,1.0003081970085792
20695.0,35028.0,1.0020580281074307
20695.0,38031.0,1.0005731172567458
19407.0,20767.0,1.0009448960052265
19407.0,22394.0,1.0
19407.0,26656.0,1.0036826312744842
19441.0,19762.0,1.0030828701955832
19393.0,14556.0,1.0033808516321017
19504.0,20716.0,1.0013535902909112
19552.0,19744.0,1.0007104558116717
19552.0,9268.0,1.0007353540851132
19552.0,22145.0,1.0001860982628799
19552.0,20885.0,1.0
19552.0,22034.0,1.0
19552.0,22303.0,1.0
19552.0,22557.0,1.0
19552.0,20588.0,1.0
19552.0,19169.0,1.0
19552.0,20632.0,1.0008065437264833
19548.0,16784.0,1.0
11771.0,16022.0,1.0024414633446452
41728.0,47917.0,1.0
41728.0,41773.0,1.0005063601107516
41728.0,19044.0,1.0000560674060865
41728.0,45380.0,1.0
41728.0,51916.0,1.0
41728.0,40677.0,1.0
41728.0,45463.0,1.0
41728.0,45808.0,1.0
41728.0,46097.0,1.000798473139265
41728.0,46098.0,1.0002318174735751
41728.0,47184.0,1.0002096055973593
41728.0,47282.0,1.0009643673726996
41728.0,47453.0,1.0
41728.0,44039.0,1.0017377456161705
41728.0,44267.0,1.0006259177165424
41728.0,47716.0,1.000745471680704
41728.0,48530.0,1.0
41728.0,48586.0,1.0005545209969573
41728.0,50025.0,1.001009545866832
41728.0,50044.0,1.0
41728.0,50047.0,1.0008809416834032
41728.0,35082.0,1.000054677645665
41728.0,35132.0,1.0
41728.0,40346.0,1.0006916238632824
41728.0,13551.0,1.0
41728.0,17718.0,1.002132581388805
41728.0,40444.0,1.0
41728.0,42255.0,1.0013190900258997
41728.0,42705.0,1.001600426696518
41728.0,43018.0,1.0
41728.0,40629.0,1.0
41728.0,41372.0,1.0006651850138035
41728.0,45479.0,1.0
41812.0,39398.0,1.001468969275303
41815.0,5611.0,1.0013096323153794
41815.0,14581.0,1.0030280460047354
41815.0,47505.0,1.0005378305773642
41455.0,45298.0,1.002933538181366
41486.0,19836.0,1.0010820590649647
41577.0,47854.0,1.00154742179808
41577.0,44230.0,1.0020164912958907
41587.0,39235.0,1.0027684499102443
43527.0,45264.0,1.0981876315231052
43563.0,41562.0,1.001887499734107
43563.0,47560.0,1.002694736121125
43603.0,47305.0,1.0002797004694919
43603.0,42268.0,1.0
43603.0,40881.0,1.0004001767967656
43603.0,43779.0,1.0
43603.0,40898.0,1.0
43603.0,40983.0,1.0
43603.0,41066.0,1.0
43603.0,41214.0,1.0
43603.0,41401.0,1.0008554424151643
43603.0,41422.0,1.0
43603.0,44977.0,1.0002771254381015
43512.0,40431.0,1.0039322277560059
43509.0,3486.0,1.002590293153632
43242.0,35190.0,1.0
43242.0,38629.0,1.0008386701756276
43268.0,42600.0,1.001821069899392
43293.0,40270.0,1.0031270167304194
43852.0,42132.0,1.0035854456451692
43898.0,20347.0,1.0019120930694385
41916.0,49969.0,1.0
41916.0,50591.0,1.0
41916.0,15609.0,1.0
41916.0,40107.0,1.0
41965.0,39437.0,1.0006819257856499
41985.0,39495.0,1.0043476526490438
42326.0,39630.0,1.0032887054560247
42348.0,765.0,1.0016568076191326
42448.0,39752.0,1.0017163447255013
41882.0,52234.0,1.0024335919020946
43058.0,40096.0,1.000071812494897
43133.0,38529.0,1.0
43182.0,35883.0,1.0
42661.0,27662.0,1.0029972950381356
42706.0,42515.0,1.001651422123087
42780.0,39016.0,1.0024511120512423
39204.0,37566.0,1.0008546353976528
39225.0,37613.0,1.0032749620200627
39309.0,40397.0,1.0020413637755525
39185.0,30147.0,1.0
39375.0,39138.0,1.0009966915369746
39402.0,36038.0,1.0004670698026055
39100.0,43057.0,1.0
38979.0,41870.0,1.0020643978923642
38979.0,26988.0,1.0005357828711996
39009.0,46016.0,1.0010424818595054
39408.0,38088.0,1.0026232367203032
39592.0,52229.0,1.002256533754048
39663.0,39149.0,1.001022010605453
38970.0,37388.0,1.001634436119087
39459.0,42515.0,1.0000643090927215
39459.0,42169.0,1.000883027947218
39479.0,37796.0,1.0036327492242678
38429.0,34370.0,1.0
38429.0,40672.0,1.0
38429.0,39288.0,1.0011590051638597
38429.0,39822.0,1.0018821114319507
38429.0,40947.0,1.0
38429.0,38871.0,1.0
38429.0,40970.0,1.0
38429.0,25207.0,1.0
38429.0,38008.0,1.0021354503498725
38429.0,38196.0,1.0004660009822088
38429.0,38425.0,1.0
38429.0,38501.0,1.000592484452021
38429.0,38670.0,1.0
38429.0,41512.0,1.0
38429.0,42354.0,1.0003103591956062
38429.0,43587.0,1.000078554679214
38429.0,43688.0,1.0012880162069497
38403.0,50364.0,1.0010116063566927
39683.0,43198.0,1.0018393818912348
38771.0,35977.0,1.0016460890729653
38786.0,37269.0,1.002134835219458
38511.0,19022.0,1.0020491655630528
40542.0,38520.0,1.00375978076825
40775.0,38645.0,1.0
40806.0,38951.0,1.0021577396195183
40287.0,3246.0,1.0002640662703897
40121.0,38191.0,1.0013709405458269
40122.0,47821.0,1.0035895791676634
40122.0,47176.0,1.0010183674138893
40122.0,45631.0,1.0008144868048114
40235.0,32926.0,1.000373471343218
40846.0,39053.0,1.0004206104127973
40846.0,4146.0,1.0011544874667215
40846.0,41524.0,1.0004150953654498
41053.0,41434.0,1.0007979589521359
41194.0,14255.0,1.0024933414348312
40963.0,38423.0,1.0029233363607404
40963.0,13896.0,1.005159947677579
40916.0,42653.0,1.0
40916.0,48031.0,1.0
40916.0,44941.0,1.0
39975.0,38088.0,1.0020678313561995
39774.0,42495.0,1.0
39774.0,47395.0,1.0003041138083766
39774.0,47405.0,1.0012796068242737
39774.0,37989.0,1.0004333514258135
39774.0,38080.0,1.0006357221456335
39774.0,41285.0,1.0
39774.0,48399.0,1.0000466396078873
39774.0,47487.0,1.0
39774.0,47640.0,1.0
39774.0,48245.0,1.0002664156598087
39844.0,39028.0,1.0021808536126666
39853.0,38716.0,1.000533784325573
39853.0,47605.0,1.0
52399.0,48378.0,1.0007684921801057
52399.0,45838.0,1.0
52410.0,45249.0,1.0018440289397974
52413.0,50364.0,1.0008567150412144
52482.0,45329.0,1.000746505830078
52503.0,45353.0,1.0041811327408194
52183.0,47927.0,1.0645883163844656
52183.0,45603.0,1.0679180861568536
53272.0,52134.0,1.000280080783153
53415.0,28010.0,1.0043350598209098
52703.0,45668.0,1.0004442553541497
53054.0,50728.0,1.0051635118644044
53054.0,51852.0,1.0023664310462266
53054.0,51864.0,1.0039442029258645
52086.0,47505.0,1.0016707159635763
50189.0,1851.0,1.0029194933753744
50277.0,44684.0,1.0010822290022516
50315.0,44245.0,1.002385996125309
50315.0,44551.0,1.0010486800104326
50566.0,39189.0,1.002430860462327
48453.0,40084.0,1.001446897425338
48566.0,43742.0,1.002997747968414
48703.0,43805.0,1.0031201126446498
48813.0,22970.0,1.0014224745212164
49874.0,45993.0,1.0007641589013785
50602.0,45426.0,1.00108792440837
50794.0,43910.0,1.0
50830.0,231.0,1.001646281127355
50875.0,9144.0,1.0022619706084381
50615.0,44525.0,1.0023103500296948
50680.0,14134.0,1.001723432799788
50765.0,44687.0,1.0
58219.0,45878.0,1.0057681196959065
58664.0,51998.0,1.0
58675.0,15253.0,1.0010005308232148
58675.0,50551.0,1.000763404100239
58675.0,35185.0,1.0016722019415558
58675.0,50500.0,1.001381162220099
57213.0,48517.0,1.0009157103923974
57213.0,28770.0,1.0005518526080026
57250.0,48530.0,1.0002634879340195
57538.0,50385.0,1.0
57647.0,49782.0,1.0005282024381483
59737.0,52232.0,1.0006513863807298
59921.0,51973.0,1.0028091700954476
60062.0,4996.0,1.002549454998019
60082.0,35204.0,1.0027361933275354
60322.0,52177.0,1.0035664466803427
59625.0,3571.0,1.0022030599281344
59559.0,45808.0,1.0016439683124476
58856.0,12494.0,1.0016114354246004
59026.0,42638.0,1.0024878728690352
59131.0,42641.0,1.0026630178434486
59550.0,52058.0,1.001811146127248
57202.0,51934.0,1.0018043319201102
57202.0,52036.0,1.0026457947867944
57202.0,51910.0,1.0041913470491826
57202.0,49823.0,1.003437290446032
57202.0,50070.0,1.0041164245363987
55457.0,48409.0,1.002581328048482
55495.0,47475.0,1.0023198127230362
55499.0,46056.0,1.0011558102230764
55499.0,46129.0,1.00089865100754
55598.0,48409.0,1.004600189254576
55806.0,47453.0,1.0
55839.0,47627.0,1.0027734006340703
55215.0,47294.0,1.001740310020867
53506.0,38915.0,1.001751639418749
53771.0,10625.0,1.0057336574138644
53859.0,46083.0,1.0028989708938134
56765.0,48204.0,1.0016021442300933
56809.0,44719.0,1.0014463447194935
56885.0,10875.0,1.0001202196270866
56936.0,40347.0,1.0022252201593123
57017.0,48397.0,1.0005692859804263
57055.0,50445.0,1.0014944116113647
56104.0,47809.0,1.0051594759428268
56156.0,50713.0,1.000621701931849
56297.0,47933.0,1.0018723447101843
45957.0,41945.0,1.002961078924091
46077.0,15951.0,1.0
46077.0,7334.0,1.000591467279346
46077.0,42414.0,1.0
46077.0,43399.0,1.0
45501.0,47873.0,1.001163266841733
45661.0,43482.0,1.0040557560016385
45719.0,44142.0,1.0003926115568962
46142.0,42050.0,1.0028049935319416
46152.0,42063.0,1.0012598454379789
46182.0,42268.0,1.0002908181336834
46182.0,45833.0,1.0
46223.0,43917.0,1.0027333704257197
46288.0,50373.0,1.0029165639923798
46124.0,43878.0,1.0033894587764194
46093.0,45717.0,1.0033080114315147
46093.0,48509.0,1.0030488648311429
44268.0,40950.0,1.0005964639947509
44268.0,42733.0,1.0017208756729734
44268.0,36901.0,1.0010314527866961
44274.0,40943.0,1.0023240125862016
44609.0,41040.0,1.0012712052647792
44705.0,41093.0,1.002033569441812
44206.0,42627.0,1.0015036028836144
43981.0,40716.0,1.0038439085502067
43981.0,41833.0,1.0054248267330497
44152.0,51852.0,1.0000552694561895
44152.0,42077.0,1.0012799413375097
44152.0,48348.0,1.0006779652502513
44155.0,40790.0,1.0039144138473812
45112.0,41361.0,1.0026286867952685
45121.0,46023.0,1.003399236492931
45173.0,41361.0,1.0038293186301128
45178.0,41245.0,1.0025799573066618
45281.0,44376.0,1.0001272268801011
45049.0,7494.0,1.0031300188931946
44762.0,41824.0,1.0033447808011633
44787.0,18080.0,1.001320911057603
44999.0,41271.0,1.0015065020794833
45037.0,41292.0,1.0031621780422872
46320.0,40681.0,1.0018388871975903
48036.0,50732.0,1.00039013614577
48234.0,43482.0,1.0031280769342663
48266.0,43993.0,1.0215917225674822
48266.0,52003.0,1.0225991726138706
48266.0,8407.0,1.0228651162283187
48266.0,28210.0,1.0227371505243505
48266.0,34773.0,1.0238385528697682
48266.0,41559.0,1.023558844896603
48266.0,44071.0,1.0237531220722458
47435.0,51876.0,1.000524960337134
47445.0,50629.0,1.0001102538991846
47189.0,6010.0,1.003886250404606
46498.0,42436.0,1.0009190966686021
46498.0,42588.0,1.002763000785556
46756.0,38290.0,1.0027029068666853
46385.0,41234.0,1.0
46389.0,28696.0,1.0015657998553038
46433.0,9081.0,1.003223352882037
46433.0,48559.0,1.0026056274757704
46435.0,19914.0,1.0012531178941115
47045.0,42749.0,1.003130575174245
47069.0,45738.0,1.0
47018.0,37352.0,1.00182325767102
46917.0,50364.0,1.0020439320148078
46796.0,44903.0,1.0
46796.0,42630.0,1.0004243445705066
46796.0,43955.0,1.002662768200694
46856.0,5537.0,1.004666087682613
46867.0,10707.0,1.0015723152037175
46916.0,42660.0,1.0007837744699328
30536.0,31333.0,1.0031950720064775
30596.0,43914.0,1.0
30596.0,39276.0,1.0
30596.0,36710.0,1.0
30596.0,40687.0,1.0
30596.0,44499.0,1.0
30596.0,38696.0,1.0
30596.0,15344.0,1.0
30596.0,34403.0,1.0
30596.0,34516.0,1.0
30596.0,35234.0,1.0
30596.0,43550.0,1.0
30596.0,40936.0,1.0
30596.0,40481.0,1.0
30596.0,36658.0,1.0
30596.0,37428.0,1.0
30307.0,23395.0,1.0017307077501563
30307.0,42662.0,1.0004183320750275
30307.0,40438.0,1.0
30350.0,50105.0,1.0015843418751227
29579.0,48557.0,1.0
29579.0,7340.0,1.000150813421436
29579.0,45770.0,1.0
29579.0,41065.0,1.0017648000748698
29579.0,47227.0,1.0
29579.0,41089.0,1.000469811171906
29579.0,40156.0,1.0
29579.0,45715.0,1.0
29579.0,46056.0,1.0
29579.0,43592.0,1.0
29579.0,50023.0,1.0005807912009173
29579.0,27590.0,1.0006341764642899
29579.0,43736.0,1.0
29579.0,14181.0,1.0
29579.0,47238.0,1.0008176527239574
29579.0,39752.0,1.0
29579.0,31822.0,1.0
29579.0,47220.0,1.0
29579.0,50092.0,1.000736762128893
29579.0,40079.0,1.0
29579.0,40113.0,1.000485824521473
29579.0,47758.0,1.00091099756785
29579.0,51973.0,1.0
29579.0,43910.0,1.0
29579.0,46023.0,1.001211922361923
29579.0,45759.0,1.0
29579.0,47355.0,1.0
29579.0,43973.0,1.0
29579.0,52168.0,1.0
29579.0,50231.0,1.0012481906972537
29579.0,50326.0,1.000337092326077
29579.0,50380.0,1.0
29579.0,51830.0,1.0
29579.0,41595.0,1.0000619377660127
29579.0,41959.0,1.0
29579.0,8790.0,1.0007185510567358
29579.0,39711.0,1.0
29579.0,46112.0,1.0
29579.0,47201.0,1.0
29579.0,45343.0,1.0003987471425468
29579.0,48611.0,1.0
29579.0,49655.0,1.0
29579.0,47632.0,1.0
29579.0,47681.0,1.0023478576160458
29579.0,50112.0,1.00145939369423
29579.0,41080.0,1.001212711564666
29579.0,40460.0,1.0013755198933332
29579.0,39922.0,1.0
29579.0,40146.0,1.0
29579.0,40152.0,1.0
29579.0,40168.0,1.0
29579.0,40367.0,1.0
29579.0,40443.0,1.0
29579.0,43747.0,1.0000737514816829
29579.0,44681.0,1.0
29579.0,41659.0,1.0
29579.0,41741.0,1.0
29579.0,41860.0,1.0
29921.0,16568.0,1.0022275352208838
30066.0,32092.0,1.0
30092.0,30953.0,1.0028275559233495
30705.0,31349.0,1.001220316088419
31941.0,32283.0,1.0038756399415645
31982.0,26907.0,1.0024307726903532
31988.0,38533.0,1.0
31988.0,48521.0,1.0
31988.0,37230.0,1.0
31988.0,43525.0,1.0007765655261478
31721.0,35390.0,1.0037305581701568
31316.0,32250.0,1.0002176761610266
31416.0,31831.0,1.0025781950552228
31570.0,19373.0,1.0037435609947198
32040.0,32358.0,1.0039884187287715
32064.0,39600.0,1.012198796321611
32064.0,38126.0,1.0119824299454538
32064.0,38386.0,1.0119301841784407
32064.0,44703.0,1.0119530552739247
32064.0,45162.0,1.0127435643492921
32064.0,47815.0,1.0107493515106747
32064.0,47951.0,1.0111162628331873
32064.0,51866.0,1.0107612924100289
32064.0,45321.0,1.010119047241797
32007.0,28422.0,1.003129531569855
31229.0,51936.0,1.0898238179688222
30819.0,42662.0,1.0
30819.0,32326.0,1.000695391277427
30819.0,35764.0,1.0010413393066466
30819.0,42192.0,1.0
30819.0,20003.0,1.0008027252204164
30819.0,31534.0,1.0013329775348125
30819.0,41640.0,1.0006463913600527
30819.0,10707.0,1.0010427598433185
30819.0,32247.0,1.000064099288764
30819.0,34714.0,1.0000473769844906
30819.0,39397.0,1.0018269456762554
30819.0,2330.0,1.000793808606238
30819.0,49752.0,1.000870168466622
30819.0,44933.0,1.0
30819.0,45290.0,1.001090806575496
30819.0,48219.0,1.0
30736.0,4309.0,1.0035068294494374
30759.0,36837.0,1.000315477493517
30759.0,35955.0,1.0022755231860336
31004.0,33110.0,1.002743904212952
31004.0,34982.0,1.0029102832631323
31029.0,39258.0,1.0014260568507978
31124.0,31602.0,1.0013447861319382
31155.0,31665.0,1.0
31186.0,27536.0,1.0000129279842371
30909.0,31521.0,1.0034415907099719
29059.0,35576.0,1.0001595800950631
28929.0,44609.0,1.0013113888813678
28929.0,26784.0,1.0041274176146826
28929.0,30013.0,1.001297916500206
29073.0,50518.0,1.0013633565707827
28618.0,18161.0,1.0023942600705527
28658.0,28850.0,1.0017207355368396
28658.0,40844.0,1.0018864427510288
28602.0,30400.0,1.0041689133721783
29536.0,30788.0,1.0015295934805168
29536.0,30925.0,1.0018447824675556
29536.0,30759.0,1.001542141203611
29276.0,30339.0,1.0032064444878812
29398.0,37132.0,1.0017392498694777
26721.0,3093.0,1.0003924971307139
26789.0,38421.0,1.002962384696584
26875.0,36557.0,1.0
26662.0,28153.0,1.0034446840080722
27284.0,40900.0,1.0014284354346223
27366.0,28596.0,1.0012241541242872
28495.0,39800.0,1.0014986531630081
28497.0,37198.0,1.0024181852677436
28555.0,33127.0,1.0017832937052478
26931.0,24044.0,1.0018617246212416
26944.0,42268.0,1.0019342151085073
27004.0,28406.0,1.0012268341888857
36893.0,35977.0,1.0019289359993688
37186.0,36196.0,1.0013490655991875
37236.0,50772.0,1.0008486386608735
37236.0,39295.0,1.0
37236.0,44039.0,1.0018193662046018
37236.0,44117.0,1.000129566537856
37236.0,43588.0,1.0006115273573852
37236.0,42248.0,1.0
37236.0,42053.0,1.0000010104967292
37236.0,42343.0,1.0006073336914634
37236.0,40837.0,1.0
37236.0,35054.0,1.001326994244368
37236.0,36683.0,1.0006236891497673
37236.0,42640.0,1.0001323399629742
37236.0,42783.0,1.0001446770340312
37236.0,50201.0,1.0
37236.0,51821.0,1.0008300208733398
37236.0,43171.0,1.0
37236.0,47867.0,1.0
36637.0,37632.0,1.0004995540200423
36637.0,40808.0,1.0
36637.0,45448.0,1.0001252853032474
36637.0,51980.0,1.0
36637.0,42940.0,1.001623077619295
36637.0,9418.0,1.0013166256440453
36637.0,10092.0,1.0
36823.0,38227.0,1.0002435049580953
36840.0,35912.0,1.003698531285875
36211.0,35466.0,1.0043015391455474
36257.0,40712.0,1.0039149883052014
36308.0,37503.0,1.0
36308.0,39429.0,1.0004187711080013
36308.0,40098.0,1.0
36308.0,40256.0,1.0005534955467745
36308.0,40383.0,1.0
36308.0,36907.0,1.0002929781257508
36308.0,37069.0,1.0
36308.0,38818.0,1.0011266000642691
36308.0,39459.0,1.0
36308.0,39967.0,1.0
36129.0,22722.0,1.0005148588096393
36129.0,35482.0,1.0014140011204953
35925.0,36178.0,1.0
35987.0,35288.0,1.001463405830662
36411.0,38346.0,1.0025534290776337
36415.0,40567.0,1.0014428193715617
36485.0,35464.0,1.0025918694606286
37937.0,38024.0,1.002849571598293
37939.0,43742.0,1.0002559238112199
37939.0,47272.0,1.0
37939.0,40168.0,1.000713234813781
37939.0,8761.0,1.0009557207475823
37939.0,20180.0,1.0018707648854668
37939.0,38300.0,1.0
37939.0,39039.0,1.001328997773726
37766.0,38921.0,1.0
37766.0,39216.0,1.0015257638086654
37766.0,47347.0,1.0005681035133371
38256.0,10022.0,1.0001453526151372
38335.0,36965.0,1.0019941832614379
38337.0,48409.0,1.0028351103117217
38338.0,23618.0,1.0004486008187712
38251.0,40624.0,1.0003977731664841
38044.0,37198.0,1.0025016364050645
38044.0,38750.0,1.0029413639374507
38063.0,36812.0,1.0029799592812663
38150.0,36836.0,1.0005756724893022
37591.0,37780.0,1.001787530391548
37277.0,35096.0,1.001757204896864
37295.0,50518.0,1.0023290838101648
37325.0,40191.0,1.0015959531897516
37325.0,45000.0,1.000809247279798
37325.0,44056.0,1.0
37325.0,42389.0,1.0005428487964558
37325.0,39707.0,1.0
37325.0,40737.0,1.001524731286488
37405.0,141.0,1.0
37447.0,2094.0,1.0
37541.0,36461.0,1.0017938321706354
37582.0,46145.0,1.0016089136529807
37582.0,49772.0,1.0011697644918731
35826.0,35171.0,1.0029691791393431
32459.0,39042.0,1.0
32459.0,30860.0,1.0
32459.0,35502.0,1.0
32459.0,35506.0,1.0
32459.0,36697.0,1.0
32299.0,40925.0,1.0009861052998565
32299.0,50166.0,1.0014517209397344
32299.0,42086.0,1.000885792414097
32299.0,43111.0,1.0011224293359526
32299.0,43130.0,1.0023482192378934
32299.0,41987.0,1.0025031865331169
32299.0,5205.0,1.0
32299.0,7449.0,1.0001461130678977
32299.0,17324.0,1.0015470246272629
32299.0,18871.0,1.0007921225030676
32306.0,43039.0,1.0007782914839958
32630.0,41945.0,1.0020886809742546
32670.0,10327.0,1.001610519483139
32731.0,32836.0,1.0025019678625087
32789.0,48440.0,1.002708408188377
32491.0,37566.0,1.0
32497.0,43427.0,1.00287999775654
32214.0,32929.0,1.005432264967235
32262.0,34433.0,1.001020521420099
32262.0,36312.0,1.0029750800908521
32201.0,15609.0,1.0
32172.0,32509.0,1.0028742638295292
32126.0,32474.0,1.0
32132.0,32384.0,1.0021438365018491
35397.0,39352.0,1.0005351344760949
35633.0,36652.0,1.0015937663032994
35123.0,23682.0,1.0001719304604808
35144.0,18434.0,1.0022009572168513
35319.0,16223.0,1.0020375667418537
35386.0,38227.0,1.001606295602105
35731.0,42084.0,1.0
35731.0,37663.0,1.0006442115289615
35731.0,35317.0,1.000996250455614
35731.0,36317.0,1.0
35017.0,44150.0,1.0016166081896463
34385.0,35596.0,1.0
34385.0,35060.0,1.0002945134642514
34424.0,50182.0,1.0021261688940448
34476.0,2904.0,1.0008710830235659
34550.0,38191.0,1.0009040202098454
33169.0,40348.0,1.002529070396248
34588.0,52258.0,1.0017717036849554
34705.0,38764.0,1.0023273990942494
34600.0,20660.0,1.0041865148345943
34611.0,44098.0,1.0039243347318794
11702.0,15165.0,1.0015261520268517
11686.0,38976.0,1.0000566613324966
11686.0,39032.0,1.0
11686.0,42169.0,1.0010782186331342
11686.0,38228.0,1.0
454.0,1319.0,1.0
454.0,1059.0,1.0
454.0,1118.0,1.0
454.0,1920.0,1.0
454.0,2439.0,1.0010422314997667
454.0,4580.0,1.0002993639690703
454.0,5256.0,1.0006546981538362
454.0,5701.0,1.0
454.0,6466.0,1.001297730627991
454.0,6474.0,1.0
454.0,6479.0,1.0005345199158393
454.0,6595.0,1.0001552877883746
454.0,2982.0,1.0012286253406337
454.0,3253.0,1.000065657888264
454.0,10801.0,1.0
454.0,13898.0,1.0
454.0,10366.0,1.0
454.0,7885.0,1.0
454.0,7912.0,1.0000765556099078
454.0,8001.0,1.0009702633551776
454.0,8380.0,1.0
454.0,8881.0,1.0006403563602706
454.0,9220.0,1.0010894736389782
454.0,9973.0,1.0000465251729145
454.0,1653.0,1.0008323893148807
454.0,1805.0,1.0
454.0,2314.0,1.0004664714906248
454.0,2342.0,1.0
454.0,2485.0,1.0
454.0,2495.0,1.0
454.0,1652.0,1.0
454.0,1566.0,1.0001196101250949
466.0,1744.0,1.0026804375842515
482.0,6389.0,1.0001741274235714
396.0,447.0,1.0038322991384192
412.0,733.0,1.0022697132451737
417.0,2938.0,1.0038243306137913
427.0,5385.0,1.0003180057935148
427.0,11035.0,1.0008439949867125
432.0,598.0,1.0012112573455139
432.0,57.0,1.0003925516490246
386.0,2968.0,1.0
386.0,13606.0,1.0
386.0,1669.0,1.0
386.0,377.0,1.0
386.0,10702.0,1.0012127734155172
386.0,9621.0,1.0000114056804652
386.0,6187.0,1.0
386.0,9266.0,1.0008924943049298
386.0,9004.0,1.0
386.0,2799.0,1.0
386.0,717.0,1.0
386.0,743.0,1.0004052157194685
386.0,796.0,1.000404860708713
386.0,979.0,1.0
386.0,4271.0,1.000105174295799
386.0,6555.0,1.0005716640745612
386.0,6562.0,1.0012078439715855
386.0,7589.0,1.0
386.0,7722.0,1.0001392801879376
386.0,7998.0,1.000350877577004
386.0,6139.0,1.001196497013898
386.0,5881.0,1.0
386.0,617.0,1.0
486.0,569.0,1.0
486.0,3451.0,1.0005361942322653
486.0,1374.0,1.0
486.0,1438.0,1.0
486.0,2417.0,1.0
619.0,5133.0,1.000075078810573
619.0,5321.0,1.0
619.0,9030.0,1.001912985276757
619.0,10996.0,1.001386614107589
619.0,14129.0,1.0004066376139762
619.0,15052.0,1.0
619.0,2829.0,1.0014917653535005
604.0,10974.0,1.0011569593194962
612.0,4135.0,1.001503358722954
612.0,2314.0,1.0017457882209606
637.0,19521.0,1.0015904729160088
641.0,2934.0,1.001469884413914
646.0,13777.0,1.0020907698863155
657.0,2231.0,1.0009871636862693
657.0,2523.0,1.0024358952923191
631.0,598.0,1.0
631.0,1613.0,1.0
631.0,2334.0,1.0
631.0,7121.0,1.0
627.0,4681.0,1.0026489925759121
599.0,1246.0,1.0042806053083273
496.0,2578.0,1.0
525.0,34409.0,1.0012026366800846
525.0,45591.0,1.0
525.0,19914.0,1.0005747563020895
525.0,46107.0,1.0010850430252587
553.0,40718.0,1.0005708370160888
553.0,19408.0,1.0006428166768389
553.0,3544.0,1.0
530.0,575.0,1.0
530.0,1038.0,1.0009046310775997
530.0,1508.0,1.0014809145301704
549.0,3748.0,1.001748705149812
212.0,1499.0,1.0
212.0,944.0,1.0020657495127103
238.0,2667.0,1.0029053311813823
238.0,5993.0,1.0013483961160148
238.0,6035.0,1.0008765521005913
238.0,9045.0,1.0016520423988904
246.0,2150.0,1.0034512294319895
249.0,1311.0,1.0
249.0,4574.0,1.0032576895193754
249.0,6828.0,1.0028174714412625
263.0,1384.0,1.0
263.0,546.0,1.0
263.0,51878.0,1.0015530384498204
263.0,3316.0,1.0864608723428266
263.0,7739.0,1.0
196.0,10041.0,1.001222519561433
196.0,17047.0,1.0
196.0,24100.0,1.0
196.0,31338.0,1.000189247781547
196.0,34902.0,1.000197288119964
196.0,51841.0,1.000078622207884
196.0,136.0,1.001438049738154
196.0,23667.0,1.0022435425133958
196.0,6218.0,1.0025049036544667
196.0,6647.0,1.0
196.0,9792.0,1.0000438779747263
196.0,12463.0,1.0001706446167205
196.0,4265.0,1.0
196.0,504.0,1.0
196.0,2322.0,1.0
196.0,2458.0,1.0
273.0,4165.0,1.0
279.0,6386.0,1.0036120268282385
293.0,136.0,1.0034867265505876
294.0,1244.0,1.0000865784970683
300.0,4156.0,1.0016536002951621
188.0,453.0,1.0
188.0,1039.0,1.0
188.0,88.0,1.0003900666980814
190.0,460.0,1.0021074832650787
165.0,27056.0,1.0
165.0,32622.0,1.0006108795788624
165.0,44903.0,1.0
165.0,40602.0,1.0
165.0,36609.0,1.0002724409219468
165.0,8905.0,1.0
165.0,20318.0,1.0
165.0,37554.0,1.0008401861123297
165.0,8017.0,1.0
165.0,48523.0,1.0005710201230953
165.0,50037.0,1.0
165.0,50511.0,1.0002843483776898
165.0,4740.0,1.0742845718337672
165.0,10555.0,1.0001973596846097
165.0,16194.0,1.0016786173147292
165.0,17684.0,1.0000592976015268
165.0,19693.0,1.0
165.0,20621.0,1.001024021461825
165.0,27877.0,1.0
165.0,37967.0,1.0
165.0,43189.0,1.0001365219243716
165.0,28560.0,1.000448468046212
165.0,30868.0,1.0
165.0,31078.0,1.002355533306432
165.0,31103.0,1.0
165.0,32023.0,1.0013590674128436
165.0,32808.0,1.0
165.0,4139.0,1.0005073056710283
165.0,8472.0,1.0008720780248554
165.0,8936.0,1.0003120222636948
165.0,6375.0,1.0
185.0,361.0,1.0008393235142958
187.0,399.0,1.000842662192185
342.0,450.0,1.0023421164489468
342.0,1783.0,1.0014281164187016
342.0,16104.0,1.0022387410883613
349.0,570.0,1.0001889614191333
349.0,7060.0,1.0014481443331038
349.0,7285.0,1.001365167857788
349.0,7454.0,1.0007083473205558
373.0,981.0,1.0036179825348055
374.0,4124.0,1.0
374.0,5575.0,1.0017549426780594
374.0,8902.0,1.001721226464914
374.0,10619.0,1.0005492701737537
374.0,5519.0,1.0000892290896444
374.0,3411.0,1.0
374.0,3798.0,1.0
374.0,4081.0,1.0006877596408128
374.0,4133.0,1.0
334.0,1852.0,1.0
328.0,1624.0,1.0788318491832685
328.0,1384.0,1.000965892833503
328.0,1255.0,1.0017852802065819
328.0,3364.0,1.002458432865181
661.0,2644.0,1.0028724671337825
661.0,2203.0,1.004002602645929
1081.0,1569.0,1.001960356079697
1094.0,4561.0,1.002152282574356
1110.0,1444.0,1.0030429906512306
1110.0,1338.0,1.0022996281326961
1110.0,1417.0,1.0029625140477143
1111.0,38770.0,1.0
1073.0,8329.0,1.0021851570102647
1063.0,5415.0,1.0
1063.0,4890.0,1.0001219962617498
1063.0,2047.0,1.0012325399183102
1132.0,16414.0,1.0011347083320694
1183.0,3049.0,1.0
1183.0,6271.0,1.0003051791785618
1183.0,3082.0,1.0
1183.0,2021.0,1.0016338802330873
1183.0,2167.0,1.0008271622247253
1205.0,1829.0,1.001562964510512
1134.0,7648.0,1.002388412148231
1150.0,34687.0,1.0030557378215772
1044.0,36304.0,1.000338594701296
1044.0,38907.0,1.0
1044.0,25217.0,1.0007547819513034
1044.0,36158.0,1.0
1044.0,42364.0,1.000923347912403
1044.0,38802.0,1.000502237620285
1044.0,36457.0,1.000447072097296
1044.0,5514.0,1.0
1044.0,1499.0,1.0
1044.0,3364.0,1.0013969330019576
1044.0,1392.0,1.0
1044.0,30874.0,1.0
1044.0,36482.0,1.0007779995074313
1044.0,14533.0,1.0
1044.0,14569.0,1.0
1044.0,14832.0,1.0018831455953459
1044.0,22864.0,1.0012645248427376
1044.0,23374.0,1.0025685606987955
1044.0,2802.0,1.001713477256067
1044.0,3327.0,1.0
1044.0,5499.0,1.0
1044.0,6438.0,1.0
1044.0,6633.0,1.0024974324224658
1044.0,7055.0,1.000303349321668
1044.0,3691.0,1.0
1061.0,2199.0,1.0037919716588521
1061.0,2241.0,1.0023955167377483
1061.0,4639.0,1.0037990433709063
1049.0,1449.0,1.0011990399244146
1049.0,43894.0,1.0006839309432236
1208.0,2311.0,1.0002106568385976
1580.0,4724.0,1.0027116271817471
1580.0,23537.0,1.0038763715315195
1618.0,1976.0,1.0038453345632512
1624.0,1059.0,1.0002980612739474
1626.0,4508.0,1.0023914181119322
1626.0,2867.0,1.0011675043259598
1403.0,7188.0,1.001966286429051
1408.0,15005.0,1.0018666750750498
1409.0,301.0,1.0013524374299332
1409.0,1670.0,1.0026361730529456
1398.0,3506.0,1.0
1398.0,2117.0,1.000867857994922
1398.0,2175.0,1.0010783690732077
1398.0,2910.0,1.0
1690.0,5849.0,1.0006615640413437
1690.0,4203.0,1.0007353653240427
1690.0,4692.0,1.0014097383815954
1703.0,2211.0,1.0049963993463358
1708.0,2167.0,1.001610524789586
1735.0,2064.0,1.0008843467940927
1735.0,4098.0,1.0
1735.0,6381.0,1.0
1679.0,1896.0,1.0
1337.0,2938.0,1.001570810209106
1337.0,22534.0,1.0
1337.0,2330.0,1.0009807686522112
1337.0,1825.0,1.0
1337.0,4607.0,1.001502489731176
1305.0,8370.0,1.0
1305.0,7407.0,1.0006919959639782
1283.0,6921.0,1.0007589955533487
1299.0,23317.0,1.0024908850249092
1299.0,40922.0,1.0036335231320523
1300.0,5141.0,1.002072296090385
1343.0,2039.0,1.0007311405343233
1343.0,2350.0,1.0018455739704646
1343.0,2104.0,1.0010223679979433
1343.0,2236.0,1.0010107845087057
1343.0,1745.0,1.0
914.0,2001.0,1.001064598328924
914.0,18812.0,1.0010662789212414
878.0,3433.0,1.0
880.0,890.0,1.0025318631382747
949.0,45631.0,1.0
949.0,9727.0,1.0
949.0,35751.0,1.000439590140617
949.0,2150.0,1.0009792285450827
949.0,5459.0,1.0
949.0,1895.0,1.0017647804336065
949.0,2304.0,1.0007398317682787
949.0,3188.0,1.0023499816831773
949.0,8920.0,1.0001483768962627
949.0,9420.0,1.0007926462458212
949.0,10710.0,1.0005451915368635
949.0,10932.0,1.0
949.0,12472.0,1.0
949.0,18767.0,1.0
949.0,6489.0,1.0
949.0,7239.0,1.000521079770207
949.0,7327.0,1.0
949.0,20251.0,1.0000607760815434
949.0,47914.0,1.0008343090553729
949.0,43132.0,1.0
949.0,22825.0,1.0003810439636067
949.0,34756.0,1.0
949.0,39180.0,1.000357561885258
949.0,39845.0,1.0
919.0,4549.0,1.001553374169915
919.0,5300.0,1.0012028484621862
922.0,1266.0,1.0
929.0,1164.0,1.0019433533739703
932.0,9604.0,1.0027083352147053
867.0,4873.0,1.0008988750930148
867.0,2103.0,1.0009832100516989
867.0,5026.0,1.0016156122277755
867.0,5155.0,1.001064821381165
867.0,5159.0,1.0008522377784763
710.0,1169.0,1.0013280302992973
742.0,2458.0,1.0
782.0,5537.0,1.0029772888048558
782.0,7896.0,1.0029194003669117
782.0,9409.0,1.0016155788745347
800.0,1508.0,1.0
800.0,1074.0,1.0
805.0,40639.0,1.001718995437546
805.0,44376.0,1.0004039511224474
683.0,141.0,1.0007485272672483
669.0,3274.0,1.0013081483977095
681.0,1243.0,1.0014146298579587
826.0,3515.0,1.0009212024658445
826.0,19662.0,1.0024428850508664
826.0,1800.0,1.001549058724893
860.0,1118.0,1.0032848299202506
810.0,1825.0,1.0023571864818717
824.0,14766.0,1.0014534641111583
1039.0,15728.0,1.0
1039.0,2621.0,1.0
1039.0,3327.0,1.0
1039.0,3360.0,1.0
1039.0,7527.0,1.0003047689478841
1011.0,4707.0,1.0012360286108275
971.0,2167.0,1.0020110772400384
982.0,19786.0,1.0006419988140582
1007.0,3665.0,1.0009794340252556
23.0,6805.0,1.0
23.0,34322.0,1.0
23.0,28589.0,1.0
23.0,41787.0,1.0007870216666617
23.0,14178.0,1.0002006890801907
23.0,35927.0,1.0
23.0,36310.0,1.0
23.0,42363.0,1.0
23.0,4159.0,1.0
23.0,19593.0,1.0
23.0,10977.0,1.0
23.0,18700.0,1.0
23.0,4873.0,1.0002462929745009
23.0,43441.0,1.0
23.0,3486.0,1.0
23.0,39918.0,1.0
23.0,42534.0,1.0
23.0,44984.0,1.0002147427384949
23.0,42724.0,1.0012628616048675
23.0,31526.0,1.0009542183711257
23.0,50401.0,1.0000146680292168
23.0,47488.0,1.0
23.0,47551.0,1.0
23.0,40288.0,1.0
23.0,9661.0,1.0001187758341163
23.0,475.0,1.0
23.0,2150.0,1.000879659486297
23.0,7904.0,1.0
23.0,19447.0,1.0
23.0,7035.0,1.0002680128153962
23.0,5575.0,1.0015187432753876
23.0,4192.0,1.0
23.0,4607.0,1.0011779846720525
23.0,2802.0,1.001574113107154
23.0,19786.0,1.0
23.0,26799.0,1.0000346286419561
23.0,27442.0,1.0
23.0,27574.0,1.0008510663558774
23.0,27717.0,1.0017986668909271
23.0,27675.0,1.0
23.0,22234.0,1.0
23.0,23142.0,1.0
23.0,23848.0,1.0004971977955235
23.0,23913.0,1.0018986209479095
23.0,35779.0,1.0008202240115704
23.0,31862.0,1.0005401243652219
23.0,28844.0,1.0
23.0,30337.0,1.000446341251524
23.0,31084.0,1.0004362082650182
23.0,31848.0,1.0002046104106896
23.0,15314.0,1.0015170347070625
23.0,15734.0,1.0005823702271701
23.0,15903.0,1.0
23.0,15911.0,1.0011905446811915
23.0,15928.0,1.0
23.0,16007.0,1.0
23.0,14097.0,1.0009930160367544
23.0,14107.0,1.0
23.0,14280.0,1.0004945319122764
23.0,14325.0,1.0
23.0,14367.0,1.0
23.0,14381.0,1.0
23.0,35981.0,1.0010333923496972
23.0,19236.0,1.0
23.0,19924.0,1.0
23.0,20255.0,1.000131613622725
23.0,16270.0,1.0001422293193405
23.0,17932.0,1.0
23.0,18489.0,1.0
23.0,18543.0,1.000716405580305
23.0,18916.0,1.0
23.0,47786.0,1.0
23.0,49702.0,1.0015804686027852
23.0,49771.0,1.000898263682055
23.0,50040.0,1.0
23.0,4448.0,1.0
23.0,47675.0,1.0004278447673642
23.0,39717.0,1.0
23.0,39980.0,1.0001893220058338
23.0,42489.0,1.0004003443376148
23.0,44884.0,1.000011387876022
23.0,44800.0,1.0
23.0,44592.0,1.0027728657074277
23.0,42920.0,1.0013931888906287
23.0,43087.0,1.0
23.0,2694.0,1.001105284796075
23.0,3465.0,1.0
23.0,3542.0,1.0025416950363
23.0,2402.0,1.0022628148226973
23.0,4787.0,1.0
23.0,4978.0,1.0001683391077067
23.0,5238.0,1.0000480615592615
23.0,4582.0,1.0
23.0,4566.0,1.000811807155122
23.0,4502.0,1.0008348321020295
23.0,5343.0,1.0
23.0,9504.0,1.0017561281611207
23.0,9981.0,1.0
23.0,8471.0,1.0
23.0,8493.0,1.0000038149137853
23.0,8501.0,1.0007745762749
23.0,8614.0,1.001251394468468
23.0,8686.0,1.0
23.0,10038.0,1.0016630966654434
23.0,10915.0,1.0005098989401604
23.0,11054.0,1.0019109391674994
23.0,12507.0,1.0
23.0,13900.0,1.0
23.0,13915.0,1.0
23.0,10080.0,1.000407770155261
23.0,10154.0,1.0
23.0,10211.0,1.0002505255258327
23.0,10435.0,1.0
23.0,8217.0,1.0
23.0,6493.0,1.000980473509143
23.0,6553.0,1.001776341724533
23.0,6561.0,1.0
23.0,6643.0,1.0
23.0,6648.0,1.0001969805407889
23.0,6723.0,1.0010263202727796
23.0,6745.0,1.0004060007905728
23.0,6769.0,1.0
23.0,6847.0,1.0
23.0,5711.0,1.0011939803993388
23.0,5912.0,1.000624467845025
23.0,6024.0,1.0
23.0,6208.0,1.0
23.0,6275.0,1.0
23.0,7857.0,1.0002267000388867
23.0,7044.0,1.0007652951758563
23.0,7092.0,1.0
23.0,2693.0,1.0
24.0,18.0,1.0434139202086805
24.0,1678.0,1.043948635229126
24.0,956.0,1.0442265370178603
24.0,5373.0,1.0430818193439708
24.0,643.0,1.0418374095537353
34.0,4398.0,1.00167355725227
34.0,475.0,1.0000131750332555
34.0,1255.0,1.0007335654747522
34.0,32.0,1.000447607941811
34.0,950.0,1.0
34.0,12.0,1.0
34.0,210.0,1.0
34.0,297.0,1.0
34.0,514.0,1.000879005928031
34.0,1540.0,1.0
35.0,9830.0,1.0012739086866305
35.0,17313.0,1.000614724303684
35.0,18392.0,1.0008963526991306
15.0,361.0,1.0006635098220784
11.0,6377.0,1.0008259148102812
5.0,50205.0,1.0
5.0,6664.0,1.0008103833118365
5.0,44947.0,1.0
5.0,40107.0,1.0
5.0,231.0,1.000191585479253
5.0,2667.0,1.0013052364317416
5.0,256.0,1.0
5.0,1700.0,1.0
5.0,1355.0,1.0
5.0,1276.0,1.0
5.0,6095.0,1.0
5.0,278.0,1.0
5.0,2922.0,1.000061893502062
5.0,434.0,1.0001956080928434
5.0,218.0,1.0001565988430094
5.0,14110.0,1.0
5.0,14988.0,1.000532723386495
5.0,15819.0,1.0
5.0,19151.0,1.0006201048695116
10.0,3748.0,1.0010773173402643
10.0,262.0,1.0013128242222118
104.0,2761.0,1.018184932844752
104.0,30796.0,1.017185876982174
104.0,3506.0,1.016685291939267
104.0,18420.0,1.0165058716697457
104.0,2069.0,1.018258367392764
104.0,2262.0,1.01757264530059
104.0,23060.0,1.0183780372771911
104.0,40348.0,1.0182298609519806
104.0,30862.0,1.0179201447270572
104.0,30907.0,1.01955264744072
104.0,32028.0,1.0180962863084135
104.0,33114.0,1.016750251133761
104.0,36421.0,1.0170673290770742
104.0,16213.0,1.0178940124541198
104.0,20698.0,1.0193352447530206
104.0,26574.0,1.015467558846431
104.0,27364.0,1.017910366072587
104.0,38657.0,1.0178980439559322
104.0,39432.0,1.019415466701061
104.0,10574.0,1.017112237789316
104.0,41779.0,1.0190529217940445
123.0,487.0,1.0005428883449905
123.0,535.0,1.0020068694730477
123.0,243.0,1.000684349986724
141.0,227.0,1.001293825911193
143.0,1801.0,1.0
143.0,2975.0,1.0
143.0,32025.0,1.0
143.0,35263.0,1.0
114.0,260.0,1.0013581707926864
106.0,41274.0,1.0021731259957019
110.0,100.0,1.0
113.0,1091.0,1.0036993239706766
96.0,10606.0,1.0
96.0,34322.0,1.0037351611504415
96.0,154.0,1.0031295867395427
96.0,9193.0,1.0051798400190988
96.0,7450.0,1.0035972625409948
96.0,36064.0,1.003979824203418
96.0,956.0,1.004396116434993
96.0,2587.0,1.005319126389607
96.0,2417.0,1.0031882753536552
96.0,2540.0,1.0030518920199547
96.0,34756.0,1.0019841332188826
96.0,262.0,1.004562928475509
96.0,25173.0,1.004718057952796
96.0,28536.0,1.0035734730549815
96.0,39742.0,1.0052692904325942
96.0,2466.0,1.003487907003861
96.0,138.0,1.0037229132365624
96.0,8490.0,1.003191934557933
96.0,8807.0,1.002811826492342
96.0,9149.0,1.0047170604454214
96.0,8286.0,1.0051860500406344
96.0,7315.0,1.0019891796414049
96.0,7413.0,1.0027831175020017
96.0,7489.0,1.0045763827766678
96.0,7272.0,1.0041990719768317
96.0,19177.0,1.004977018607406
96.0,19312.0,1.0040654009448633
96.0,19395.0,1.0030314996767453
96.0,13772.0,1.0035045732199652
96.0,18415.0,1.0035044757714076
96.0,1782.0,1.0039302181475764
96.0,1960.0,1.0050172476342532
96.0,1994.0,1.0047269257527756
96.0,552.0,1.0040205743478534
96.0,6016.0,1.0041816923356566
96.0,6325.0,1.003601821732929
96.0,2612.0,1.0032978048250125
96.0,2629.0,1.0030871871832465
96.0,2649.0,1.0035553452865222
96.0,5283.0,1.003025733495941
100.0,250.0,1.0024988282627996
100.0,269.0,1.000665061625366
100.0,303.0,1.0
100.0,3345.0,1.0007577438752109
100.0,225.0,1.0002025059034472
98.0,57.0,1.0000955504135145
155.0,8067.0,1.0014911106230489
80.0,4886.0,1.0
80.0,101.0,1.0
80.0,5366.0,1.000260271664909
80.0,2243.0,1.0
80.0,3612.0,1.0003963628110406
82.0,41.0,1.0001293561275175
82.0,453.0,1.0
82.0,3635.0,1.0
82.0,2839.0,1.0
82.0,1101.0,1.0
82.0,1604.0,1.001839240875085
82.0,1746.0,1.0011229532142472
82.0,2178.0,1.0010206605265435
82.0,6355.0,1.0
82.0,5323.0,1.0005014084383832
83.0,74.0,1.0006513286763141
83.0,377.0,1.0
83.0,100.0,1.000660378772627
83.0,275.0,1.0003200198589048
83.0,23896.0,1.0023172314871533
85.0,68.0,1.0019128471305045
90.0,570.0,1.0001124531413015
79.0,15336.0,1.00052607526352
79.0,15886.0,1.0008753451155028
79.0,162.0,1.0
79.0,4630.0,1.0007209429300417
79.0,5021.0,1.0
79.0,8929.0,1.0003837165481995
39.0,1238.0,1.0
39.0,1366.0,1.0
39.0,6001.0,1.0
43.0,2862.0,1.0033303255933705
45.0,369.0,1.0
45.0,297.0,1.0
45.0,4840.0,1.0008851103509426
45.0,7783.0,1.0014049037840276
45.0,7953.0,1.0003987196263855
78.0,315.0,1.0019835147527663
64.0,22529.0,1.0004849994230973
64.0,1976.0,1.0011816106010045
64.0,156.0,1.0011714017855877
64.0,6888.0,1.0010763456727187
48.0,59.0,1.0031012919722992
49.0,976.0,1.0000594829042446
49.0,30094.0,1.0016358979847266
6656.0,18173.0,1.0169485232073323
6656.0,19974.0,1.016620083936134
6656.0,10625.0,1.018164590711513
6656.0,9377.0,1.0160824344434627
6656.0,8157.0,1.0182289439440875
6656.0,22002.0,1.0149732058642693
6656.0,8699.0,1.0184417130717258
6656.0,9466.0,1.0172099425521919
6656.0,8377.0,1.0169322533394138
6656.0,11071.0,1.0171456707165092
6656.0,19281.0,1.0187684642845718
6656.0,23404.0,1.0183980330883016
6656.0,19027.0,1.017999120725477
6656.0,18732.0,1.0156446947295663
6656.0,16369.0,1.016846437090678
6656.0,16400.0,1.0171684108627603
6629.0,27223.0,1.0
6629.0,9920.0,1.0008964361686743
6629.0,15745.0,1.000944959753088
6629.0,16829.0,1.0
6629.0,22395.0,1.000094044255609
6629.0,17519.0,1.0
6629.0,21907.0,1.0
6629.0,20115.0,1.000016518001232
6629.0,18338.0,1.0
6629.0,2141.0,1.0
6629.0,26730.0,1.0000518421536528
6629.0,30975.0,1.0004229223463774
6629.0,44348.0,1.0
6629.0,17483.0,1.0
6629.0,17966.0,1.0015428005884552
6652.0,10469.0,1.001509531436942
6444.0,20880.0,1.0031535769896642
6507.0,43193.0,1.001563232627786
6533.0,9029.0,1.000016237603881
6933.0,14232.0,1.0024298097653102
6933.0,9099.0,1.0008340561262534
6933.0,2168.0,1.002920741877735
6933.0,10566.0,1.0010129365948632
6956.0,20073.0,1.0004824015936853
7000.0,9184.0,1.005451034088845
7040.0,4771.0,1.0016062244434614
7052.0,6191.0,1.0034344027408506
6862.0,9019.0,1.0338885786733172
6862.0,10768.0,1.0316557726858393
6876.0,2600.0,1.0009425065485864
6876.0,9019.0,1.00048334565528
6876.0,9704.0,1.0008181288642268
7188.0,10906.0,1.0
7188.0,19577.0,1.0
7188.0,15768.0,1.0005698239211562
7188.0,10462.0,1.0
7189.0,4456.0,1.0031629086207399
7202.0,14028.0,1.0017084037401005
7202.0,14848.0,1.0015886414028583
7211.0,9543.0,1.0029553464067218
7280.0,8731.0,1.0
7280.0,23213.0,1.0
7152.0,44245.0,1.0011274157093437
7164.0,10049.0,1.002516872164102
6710.0,37081.0,1.000341219852362
6710.0,20502.0,1.0
6710.0,36162.0,1.0016456337839783
6710.0,47679.0,1.001028777382097
6673.0,9220.0,1.0038883839061752
6815.0,9971.0,1.0005998003725496
6844.0,47906.0,1.003551917634042
6844.0,15416.0,1.0017964355033726
6794.0,8933.0,1.0040466071367111
6397.0,18566.0,1.0019846751928705
5337.0,18329.0,1.0010608601512532
5337.0,43742.0,1.0003059123928182
5337.0,38351.0,1.0007972141360024
5337.0,2215.0,1.0015016555652103
5337.0,13612.0,1.0002106603402967
5337.0,19126.0,1.0019570428552569
5337.0,34813.0,1.0023035323894087
5326.0,10410.0,1.0019827859301365
5186.0,28403.0,1.001572366001648
5186.0,8682.0,1.0021520938642656
5272.0,3420.0,1.0043207191785624
5278.0,25316.0,1.0017852792607287
5510.0,23814.0,1.0022924818773407
5580.0,3371.0,1.0015955112320214
5617.0,7353.0,1.0
5686.0,7486.0,1.0
5696.0,8049.0,1.002670457230175
5487.0,10680.0,1.0
5487.0,17547.0,1.00215185120955
5487.0,37960.0,1.002506421948001
5388.0,7093.0,1.0010447317315514
5422.0,7882.0,1.0021812639762906
5462.0,7160.0,1.0
5120.0,8615.0,1.0031033462046106
5121.0,6704.0,1.0033746959745673
5125.0,50642.0,1.0015283088475455
5125.0,49979.0,1.000514654915566
5139.0,5268.0,1.0042357774306483
5142.0,12276.0,1.0019189921596627
5079.0,16175.0,1.0
5079.0,26478.0,1.0008191803498512
5079.0,34972.0,1.0015436061507408
5167.0,49932.0,1.0006000622033204
5167.0,35318.0,1.0003369016238153
5167.0,35904.0,1.0003960538848988
5167.0,9884.0,1.0
5167.0,27103.0,1.0
5167.0,32252.0,1.0
6236.0,17775.0,1.0002461977910648
6254.0,49708.0,1.0007905001935111
6254.0,18668.0,1.0016433604088195
6256.0,8650.0,1.0013831329817675
6263.0,16665.0,1.0
6268.0,8057.0,1.0018130711569515
6272.0,2112.0,1.0001027817851669
6272.0,399.0,1.0007333829008183
6308.0,41647.0,1.0019667197811584
6308.0,22709.0,1.0
6308.0,48351.0,1.0
6308.0,37922.0,1.0018385864285786
6308.0,38637.0,1.0009343721535624
6308.0,41004.0,1.001240236511849
6321.0,6839.0,1.003598417203081
6285.0,8146.0,1.002174698284579
5844.0,36638.0,1.0031744034085783
5850.0,7680.0,1.000350951460563
5877.0,10204.0,1.0013678515048998
5885.0,7931.0,1.0
5898.0,7668.0,1.0
5961.0,14772.0,1.0041862445574876
5961.0,18381.0,1.0048068145192268
5973.0,8056.0,1.0012851110455914
5973.0,9759.0,1.000347489850179
5827.0,23136.0,1.0004131952298572
5811.0,7666.0,1.0023024444480695
5730.0,41636.0,1.0028103881902604
5775.0,7267.0,1.001574127500878
5775.0,9502.0,1.0022488296322425
5775.0,9554.0,1.003490413091311
5775.0,13801.0,1.0019113653223464
6181.0,8516.0,1.0021656188987336
6185.0,5332.0,1.0001892815271187
6190.0,8055.0,1.0015077582057446
6228.0,17481.0,1.0027465463062142
6042.0,7589.0,1.0036381626919155
5027.0,20700.0,1.0032230808764429
5027.0,23145.0,1.0024390264033223
9094.0,51914.0,1.0026296744368146
9113.0,12472.0,1.0023955929901205
10208.0,13581.0,1.0
10232.0,548.0,1.003364381651306
10240.0,13578.0,1.000639510172164
8980.0,8757.0,1.0021078167609483
8980.0,13814.0,1.000347325165459
9039.0,37119.0,1.002168953175411
9085.0,12469.0,1.0025908886706123
10622.0,14524.0,1.003651962242552
10630.0,9938.0,1.0017410412420131
10611.0,18727.0,1.0018178349002973
10516.0,11249.0,1.0031780970191715
10570.0,13907.0,1.0021227527877363
8755.0,12438.0,1.0
8755.0,22815.0,1.0
8755.0,14263.0,1.0005007250074234
8755.0,28122.0,1.0010835545914243
8755.0,15483.0,1.0014853407594553
8755.0,14280.0,1.0005321105603113
8755.0,7353.0,1.0
8755.0,16228.0,1.0
8755.0,14680.0,1.0001810636627435
8755.0,32613.0,1.0
8755.0,20211.0,1.000327204191698
8755.0,23304.0,1.0005724860821272
8755.0,26841.0,1.0000878920260021
8755.0,13874.0,1.0
8755.0,14343.0,1.0
8755.0,14454.0,1.0
8755.0,11207.0,1.0
8755.0,13785.0,1.0000383809133055
8755.0,13807.0,1.0
8755.0,14026.0,1.0005632736687091
8755.0,17189.0,1.0
8755.0,17392.0,1.0003594312960713
8755.0,18660.0,1.0023058218647947
8755.0,11075.0,1.0
8858.0,11187.0,1.0032583854076464
8865.0,40096.0,1.0
8865.0,46056.0,1.0002209541318512
8865.0,39295.0,1.0
8865.0,18338.0,1.0
8865.0,39830.0,1.0
8883.0,49721.0,1.0
8930.0,19994.0,1.0019887387977688
11387.0,19092.0,1.0006376990421681
11387.0,28376.0,1.0
11400.0,11187.0,1.0002366742975106
11430.0,15086.0,1.0
11430.0,16265.0,1.001242784289636
11374.0,14881.0,1.0027538418681468
11209.0,30469.0,1.0000245002773775
11209.0,641.0,1.0
11209.0,22544.0,1.0
11209.0,38909.0,1.0004856006727059
11209.0,15167.0,1.0013775160414229
11209.0,16010.0,1.0007528572659765
11209.0,18246.0,1.0001984534297006
11209.0,14639.0,1.0005196078363747
11209.0,6577.0,1.0005733988158028
11313.0,14837.0,1.004948829572239
11384.0,3737.0,1.0005726309562641
11643.0,1059.0,1.0
11643.0,40967.0,1.0011867056592096
11643.0,31908.0,1.0004911471344966
11657.0,7341.0,1.0037451609544992
11515.0,1586.0,1.0002051681799617
11551.0,14983.0,1.0018769222267074
11577.0,15055.0,1.0013610694300563
11591.0,41240.0,1.003773843763894
11616.0,50551.0,1.0020516427402029
10784.0,9228.0,1.0033572853911727
10966.0,23750.0,1.0015816540988112
10996.0,9316.0,1.001460697823894
10996.0,17229.0,1.0
11077.0,14562.0,1.0019685491096495
11084.0,907.0,1.0
11089.0,14301.0,1.0022662915041354
11136.0,10540.0,1.0029761752816302
11147.0,14645.0,1.0010520438279205
11169.0,6686.0,1.0037697366255118
8163.0,10909.0,1.0016733611561401
8163.0,2282.0,1.003370835427969
8163.0,10737.0,1.0016626730116567
8163.0,3465.0,1.0007356682387667
8188.0,17446.0,1.0
8188.0,34220.0,1.0005599201280595
8188.0,15235.0,1.0000135222765307
8188.0,14983.0,1.0
8188.0,19212.0,1.0
8188.0,23877.0,1.0
8081.0,22173.0,1.002799118034724
8076.0,7531.0,1.00427753525866
7922.0,8630.0,1.00099957833065
7927.0,8630.0,1.0013608527821447
7992.0,10274.0,1.001887858989439
7998.0,14958.0,1.0023423873794677
7998.0,15838.0,1.0013991386218282
7998.0,18012.0,1.0007342681906892
8014.0,2.0,1.0043292878977363
8040.0,10302.0,1.0016776074442977
8256.0,48201.0,1.0045829659636127
8380.0,15034.0,1.001244955344954
8380.0,7011.0,1.0019774904030732
8380.0,10692.0,1.0017215270482653
8211.0,10408.0,1.0009604920113597
8192.0,36965.0,1.0009651676008124
8192.0,36480.0,1.003850538498369
7450.0,10159.0,1.000581657024902
7450.0,6166.0,1.0017646399757079
7496.0,9849.0,1.0
7505.0,4290.0,1.0027210183893664
7550.0,9832.0,1.0028024052568587
7569.0,9981.0,1.0006777244734695
7569.0,10425.0,1.0021187569613312
7569.0,12491.0,1.0028458199488337
7569.0,16416.0,1.0006624596465892
7395.0,9788.0,1.0
7395.0,10003.0,1.0010052264294782
7302.0,9585.0,1.0037663513755113
7329.0,9139.0,1.0
7336.0,805.0,1.0007921304235654
7336.0,8373.0,1.0013758210816504
7336.0,9609.0,1.0023185219121555
7387.0,18950.0,1.0016283885589368
7387.0,9422.0,1.0008226746963447
7387.0,19211.0,1.0
7772.0,9956.0,1.0034590465632918
7646.0,15351.0,1.002032783200084
7654.0,402.0,1.0
7654.0,23479.0,1.000838180099823
8436.0,50094.0,1.0005070827693239
8436.0,11255.0,1.000728786166234
8436.0,17655.0,1.0001763473925838
8497.0,11024.0,1.0011691904421016
8385.0,7083.0,1.0016117716804698
8691.0,19830.0,1.000819972434
8691.0,13652.0,1.0001932525238115
8691.0,14247.0,1.0010260789901841
8691.0,13972.0,1.0011115728712061
8725.0,8420.0,1.0030012581540713
8532.0,17057.0,1.0004014346193295
8532.0,2215.0,1.001175554309562
8532.0,15361.0,1.0010843050050944
8690.0,11034.0,1.0002104622119188
8690.0,14540.0,1.0023030019417498
5005.0,8771.0,1.0022716049812317
2703.0,1456.0,1.0132981276639346
2703.0,17811.0,1.0188165289983973
2703.0,36178.0,1.0170381516483658
2703.0,16742.0,1.01670411139298
2703.0,16920.0,1.0169923383363368
2703.0,6572.0,1.0157123215242914
2703.0,16414.0,1.0178935472139603
2703.0,17451.0,1.0158433367465454
2703.0,10301.0,1.017258420227607
2703.0,22809.0,1.0174456826961193
2703.0,26627.0,1.0170821196689053
2703.0,41562.0,1.016866724599011
2703.0,38520.0,1.0183215469073514
2703.0,27329.0,1.0171997169287894
2703.0,4320.0,1.0173366186749948
2703.0,3616.0,1.015166604286279
2703.0,17723.0,1.0168862959698335
2703.0,4421.0,1.0167481073505396
2703.0,4796.0,1.0174187776995856
2703.0,23877.0,1.0161681579529716
2703.0,14984.0,1.0186452315754353
2703.0,18708.0,1.0177149067169933
2703.0,18824.0,1.0175753790321516
2703.0,18833.0,1.018294879889972
2703.0,22015.0,1.0168502045580485
2703.0,18280.0,1.0173810426517893
2703.0,17572.0,1.0163926894385058
2703.0,17610.0,1.016836490107053
2703.0,18004.0,1.0170795135847484
2703.0,18199.0,1.0179095906097084
2703.0,23731.0,1.016142347139277
2703.0,24005.0,1.0185766828624783
2703.0,24050.0,1.0195437974987722
2703.0,22862.0,1.0171922798663164
2703.0,23083.0,1.0195584655085104
2703.0,23108.0,1.0174785929998105
2703.0,23216.0,1.01763322363765
2703.0,23326.0,1.0169144838092021
2703.0,23358.0,1.0167082677365427
2703.0,17501.0,1.017392050595436
2703.0,17461.0,1.0182089556155542
2703.0,3201.0,1.0177012667033682
2703.0,12513.0,1.018175857077493
2703.0,14626.0,1.0178233803292691
2703.0,15252.0,1.016259373004493
2703.0,4434.0,1.0182460510169162
2703.0,8306.0,1.0182055686750906
2703.0,35364.0,1.0170571685832912
2703.0,26724.0,1.0169249545267192
2703.0,26968.0,1.0176207157671882
2703.0,17881.0,1.0169528457845105
2603.0,7188.0,1.0
2603.0,9609.0,1.0
2603.0,17054.0,1.0
2603.0,9273.0,1.0
2603.0,10985.0,1.0
2637.0,5719.0,1.0029509217607118
2697.0,3821.0,1.002386066194182
2995.0,3433.0,1.000280232641111
3068.0,5691.0,1.0002560098767004
3068.0,3550.0,1.0003156824634558
2974.0,4221.0,1.002971395858381
2857.0,3348.0,1.0033144954589857
2867.0,3371.0,1.001177380604671
2893.0,3383.0,1.0013797414668777
2944.0,3433.0,1.0032868087437667
2954.0,3433.0,1.0030828882688831
2958.0,3000.0,1.0008222580060049
3126.0,8146.0,1.0005651316926485
3126.0,10579.0,1.0000131986490652
3126.0,7765.0,1.000602039124687
3126.0,8154.0,1.0
3126.0,5337.0,1.0005323260977457
3126.0,10183.0,1.0009064072121308
3126.0,3058.0,1.0005159864776028
3114.0,4845.0,1.0010389760777678
3114.0,4597.0,1.000853045446277
3114.0,3070.0,1.0
2722.0,3150.0,1.043548249455023
2722.0,1570.0,1.0437710239951903
2722.0,3235.0,1.0431416166094392
2722.0,4087.0,1.0448249152129583
2828.0,35536.0,1.0000693927997786
2828.0,48450.0,1.000417985702437
2828.0,27634.0,1.0024243844862102
2828.0,34403.0,1.00109917000176
2033.0,19298.0,1.0
2033.0,27394.0,1.0
2033.0,8771.0,1.0
2033.0,8467.0,1.0
2033.0,9937.0,1.0
2033.0,14299.0,1.0
2033.0,23358.0,1.0
2033.0,10224.0,1.0010401831281326
2033.0,23306.0,1.0013840398714642
2033.0,14504.0,1.0
2027.0,5264.0,1.0002496001414267
2027.0,4816.0,1.0029601389993283
2027.0,19665.0,1.0026866376811143
2067.0,1056.0,1.0032364041529425
2080.0,42662.0,1.0010495586528099
2087.0,3049.0,1.0
2111.0,2507.0,1.000547064172165
2114.0,8560.0,1.001747277597589
2011.0,2314.0,1.0025788453815552
1993.0,16414.0,1.0036760761325496
1791.0,1507.0,1.0
1792.0,598.0,1.0003882860443798
1792.0,3117.0,1.000329834843465
1762.0,2361.0,1.0036705488445992
1781.0,4828.0,1.0017310855610522
1781.0,6134.0,1.0025131504860334
1898.0,2074.0,1.003081186820593
1941.0,1823.0,1.002503541639811
1941.0,2456.0,1.0024579898568802
1808.0,2024.0,1.0021709151429512
1835.0,2561.0,1.0009996329149122
1835.0,15809.0,1.001843235225284
2158.0,10696.0,1.000134418025395
2158.0,3111.0,1.0008867660549317
2158.0,5421.0,1.0019206213363285
2158.0,9470.0,1.00240631478636
2158.0,10132.0,1.0023608345033774
2433.0,4709.0,1.0016368024289768
2440.0,2929.0,1.0020918224858835
2459.0,4381.0,1.0
2459.0,4551.0,1.0
2459.0,5199.0,1.0
2459.0,2482.0,1.0008412536946056
2459.0,4484.0,1.0
2417.0,16071.0,1.002092383455726
2382.0,5210.0,1.0003162630574405
2382.0,4989.0,1.0009529084387856
2383.0,8242.0,1.0009052983291307
2408.0,4245.0,1.0013822199453366
2411.0,39573.0,1.0041027607395847
2411.0,40107.0,1.0000294010305828
2465.0,1915.0,1.000978078857371
2464.0,5431.0,1.0006305792993662
2209.0,5998.0,1.0028976981826379
2224.0,6080.0,1.0022468866527787
2280.0,8067.0,1.0001390019998628
2280.0,3058.0,1.0004487409046212
2280.0,2796.0,1.0007726360576976
2280.0,2886.0,1.0010870794378985
2280.0,3016.0,1.0014558589460791
2280.0,20654.0,1.0
2280.0,25330.0,1.0
2280.0,10618.0,1.0
2280.0,3603.0,1.0
2280.0,9984.0,1.000596180930811
2192.0,9044.0,1.0
2177.0,3498.0,1.0014765471284541
2287.0,2799.0,1.001173829535923
2356.0,2779.0,1.000590046391965
3943.0,14123.0,1.0
3943.0,10041.0,1.0011943830915901
3943.0,6574.0,1.0002040689193352
3943.0,42163.0,1.0
3943.0,7556.0,1.00116478183739
3943.0,32400.0,1.0006320304443002
3943.0,2241.0,1.0
3943.0,3665.0,1.0
3943.0,7782.0,1.0
3943.0,8197.0,1.000261447667291
3943.0,8440.0,1.0001659887645198
3943.0,6996.0,1.0
3943.0,6620.0,1.000652888007222
3943.0,20159.0,1.0013960542480267
3943.0,20703.0,1.0017496175872203
3943.0,10112.0,1.0022303978401659
3943.0,12327.0,1.0
3943.0,8107.0,1.0
3943.0,6673.0,1.0
3943.0,4838.0,1.0
3943.0,5951.0,1.0009143594771408
3943.0,6434.0,1.0006033187635763
4020.0,20180.0,1.001983354981471
4020.0,6828.0,1.0018427014249516
4020.0,20753.0,1.0011777218268771
4020.0,34542.0,1.0020289478390854
4020.0,3487.0,1.0
4020.0,9214.0,1.0006948178107848
4020.0,9700.0,1.0010590398830215
4047.0,3429.0,1.0037603300931708
4060.0,8912.0,1.003874511720575
4082.0,4847.0,1.003402687103876
3926.0,3389.0,1.002052297650237
3926.0,5523.0,1.0011832253451436
3835.0,41361.0,1.001467539047878
3835.0,50771.0,1.000192177733405
3835.0,15278.0,1.0
3835.0,15386.0,1.0019961526241705
3835.0,38520.0,1.0014001651984166
3835.0,805.0,1.0000562924896204
3835.0,27785.0,1.000087686487706
3835.0,31751.0,1.0011007641290248
3835.0,44387.0,1.0004932380838265
3838.0,4886.0,1.0017656270318689
3840.0,4845.0,1.0037860267323335
4092.0,510.0,1.0003626173923332
4092.0,5722.0,1.0
4092.0,7247.0,1.0
4092.0,12450.0,1.000140960351496
4092.0,13604.0,1.0011276075230473
4092.0,5756.0,1.0003536976271898
4092.0,4120.0,1.0
4092.0,10919.0,1.0004115715170199
4092.0,23721.0,1.0000304805539484
4670.0,10664.0,1.0011284545955428
4795.0,18423.0,1.0011457502840753
4795.0,31325.0,1.0014471022742444
4795.0,5916.0,1.0027074178221882
4795.0,16093.0,1.0011555834018717
4795.0,17497.0,1.0
4795.0,18137.0,1.0008701555070951
4566.0,14886.0,1.0019848447625217
4566.0,15402.0,1.0007842526878072
4566.0,5871.0,1.0
4573.0,5865.0,1.0030680583908924
4616.0,6029.0,1.0016382169939837
4859.0,6264.0,1.0005905630226906
4873.0,6272.0,1.0017347715463958
4887.0,16672.0,1.0011915016451625
4889.0,6297.0,1.0023971656832953
4903.0,4765.0,1.0024983664153655
4910.0,8535.0,1.0033455631647987
4910.0,8442.0,1.0029101559350517
4930.0,6363.0,1.0020146120187776
4855.0,8380.0,1.001520020179855
4527.0,5465.0,1.001140313911072
4146.0,17209.0,1.0002690363167632
4146.0,22329.0,1.0027552783690121
4199.0,5426.0,1.0045422524116303
4226.0,5461.0,1.0034634421942044
4263.0,5499.0,1.001515446408229
4278.0,5861.0,1.0029760698456718
4278.0,5504.0,1.0024308307494856
4129.0,5413.0,1.0054732379729525
4301.0,23889.0,1.001188878538962
3451.0,37851.0,1.001714449215163
3451.0,5920.0,1.0009126697279744
3451.0,16401.0,1.0
3451.0,8437.0,1.0005671981293238
3458.0,35888.0,1.0018283040355858
3458.0,34482.0,1.0018413353101878
3337.0,4263.0,1.0017612540558816
3343.0,13584.0,1.0007102786538673
3398.0,52110.0,1.0022990625299635
3575.0,41685.0,1.0
3575.0,42787.0,1.0001682136601568
3606.0,3122.0,1.0
3606.0,9267.0,1.0
3480.0,8316.0,1.0
3499.0,4105.0,1.0030842744690671
3508.0,5300.0,1.0023205250915737
3178.0,44883.0,1.000618698225212
3178.0,49844.0,1.0
3178.0,40562.0,1.0
3178.0,50647.0,1.0
3178.0,41191.0,1.0
3178.0,43096.0,1.0013089055985749
3178.0,44331.0,1.0001110894020606
3178.0,44925.0,1.0008660215593823
3181.0,3637.0,1.0
3194.0,4265.0,1.0000206014727646
3194.0,3235.0,1.0000104298534735
3194.0,3831.0,1.0
3206.0,3777.0,1.0035208913141849
3211.0,6905.0,1.0
3312.0,2560.0,1.0039207236266163
3312.0,1091.0,1.0030689013178744
3312.0,4037.0,1.0022756575331668
3252.0,1955.0,1.0024718807254076
3288.0,3074.0,1.0025121931576706
3790.0,15791.0,1.0
3790.0,4501.0,1.0000000462048202
3790.0,22002.0,1.0
3790.0,9971.0,1.0
3790.0,30094.0,1.0005187968669234
3790.0,8635.0,1.0000799717162792
3790.0,7680.0,1.0
3790.0,17572.0,1.0
3790.0,9278.0,1.0
3790.0,5226.0,1.0
3790.0,10183.0,1.0002453253683659
3790.0,5622.0,1.0000254135759516
3790.0,14856.0,1.0
3790.0,10587.0,1.0
3790.0,22579.0,1.0007917266538926
3790.0,26876.0,1.0
3790.0,4753.0,1.0
3790.0,5274.0,1.00008418666825
3790.0,7797.0,1.0
3790.0,6353.0,1.000558214197551
3668.0,20304.0,1.001927755971469
3789.0,4740.0,1.0756538272408285
3677.0,45431.0,1.001540582886111
3704.0,7670.0,1.0009217639449772
3727.0,4681.0,1.0021345792348653
3768.0,3360.0,1.000603610895157
3776.0,965.0,1.0041460167242588
10939.0,1244.0,1.0020341561688582
26157.0,27352.0,1.0024998647869487
