4.0,96.0,1.0025153824865762
4.0,2560.0,1.0020604089631937
25579.0,5003.0,1.071168796540603
25579.0,7652.0,1.0727081241600396
25579.0,8841.0,1.072050274616124
25579.0,8904.0,1.0709792702366825
25579.0,9158.0,1.0714347676893214
25579.0,4398.0,1.0710733222776856
25579.0,773.0,1.0702418848025521
25579.0,1367.0,1.0720195820815577
25579.0,2093.0,1.070332186561447
25579.0,2274.0,1.0721500418033274
25579.0,2968.0,1.073469957958056
25579.0,3803.0,1.071665341748187
25579.0,9964.0,1.0723523996375746
25579.0,12342.0,1.0720621831787371
25579.0,12373.0,1.0713098215751125
25579.0,13822.0,1.071283356200121
25579.0,14841.0,1.0711400852680908
25579.0,32076.0,1.0711270644832376
25579.0,32323.0,1.0718683310620407
25579.0,31567.0,1.071345018198479
25579.0,31608.0,1.0698679677770246
25579.0,31708.0,1.070268137508531
25579.0,31967.0,1.0711654958334669
25579.0,32015.0,1.0716072865559376
25579.0,31485.0,1.0727528242315452
25579.0,32694.0,1.0717074713562074
25579.0,34693.0,1.0721876716182879
25579.0,34704.0,1.072497248052466
25579.0,34743.0,1.072532879225538
25579.0,34749.0,1.0705941249634903
25579.0,35190.0,1.0718983403636575
25579.0,35334.0,1.0718489854692133
25579.0,35365.0,1.070947170185957
25579.0,35424.0,1.0727304013108954
25579.0,34644.0,1.070711617278509
25579.0,34322.0,1.0707787236339519
25579.0,27530.0,1.0711618422384983
25579.0,27779.0,1.0703947052316762
25579.0,27794.0,1.071354255823356
25579.0,27982.0,1.0716600621971126
25579.0,27082.0,1.0718143297501754
25579.0,22208.0,1.0710158317773228
25579.0,23395.0,1.072992167163909
25579.0,23757.0,1.0702291105112405
25579.0,23868.0,1.0709058621981469
25579.0,26712.0,1.0700610165157107
25579.0,31402.0,1.0722796179986147
25579.0,30816.0,1.0705917692356492
25579.0,30873.0,1.071509127559086
25579.0,30929.0,1.069581945896407
25579.0,31026.0,1.0718258035445847
25579.0,31206.0,1.070844831589843
25579.0,30078.0,1.0720287417499144
25579.0,30031.0,1.072275957249153
25579.0,28927.0,1.072030775592942
25579.0,28350.0,1.0709601906751334
25579.0,28382.0,1.0714800053493074
25579.0,28710.0,1.0718490464980222
25579.0,28858.0,1.0700291847464547
25579.0,35569.0,1.0715727226021448
25579.0,40820.0,1.070884768777528
25579.0,35637.0,1.071211399445347
25579.0,37524.0,1.0713000413223248
25579.0,37709.0,1.070880495602613
25579.0,36224.0,1.0716969279099562
25579.0,36251.0,1.0718595628539322
25579.0,37276.0,1.0723543609912425
25579.0,38749.0,1.0693251421185397
25579.0,39512.0,1.0723380620270826
25579.0,35624.0,1.0708832069984247
25579.0,37757.0,1.0705538742374867
25579.0,37811.0,1.0711272640492364
25579.0,37916.0,1.0709820354956516
25579.0,38460.0,1.0727965314986974
25579.0,38606.0,1.0714538905415125
25579.0,38283.0,1.0733503234520358
25579.0,37198.0,1.0716619725925893
25579.0,37286.0,1.0708337870573006
25579.0,37440.0,1.071166772160217
25579.0,37603.0,1.0729368131736334
25579.0,37666.0,1.0708143002869615
25579.0,39648.0,1.07156075918395
25579.0,39770.0,1.069737357761076
25579.0,39420.0,1.0726643702080672
25579.0,38775.0,1.0739413236759092
25579.0,38921.0,1.071501131944318
25579.0,39025.0,1.072215296856732
25579.0,39063.0,1.0700087830595388
25579.0,39075.0,1.0718059403575089
25579.0,39429.0,1.0706856558302582
25579.0,37179.0,1.071756814490765
25579.0,36074.0,1.070344274421649
25579.0,36170.0,1.0715965884641019
25579.0,35968.0,1.0715347420769268
25579.0,35711.0,1.0690076946535547
25579.0,35791.0,1.0711714569804032
25579.0,35800.0,1.0713938788066217
25579.0,35848.0,1.0698768217933203
25579.0,35930.0,1.0723527011724048
25579.0,36282.0,1.071973431546437
25579.0,36837.0,1.070623673427561
25579.0,36957.0,1.0697353970214187
25579.0,37068.0,1.0718471952125432
25579.0,37108.0,1.0711884671558485
25579.0,37129.0,1.070654702590823
25579.0,36327.0,1.0707575681720545
25579.0,36355.0,1.0716656090107834
25579.0,36453.0,1.071524993637992
25579.0,36513.0,1.072188364276038
25579.0,36548.0,1.069277112919882
25579.0,36635.0,1.0733345381555008
25579.0,49875.0,1.072364256522919
25579.0,50540.0,1.0710608946100488
25579.0,48063.0,1.0700913262706386
25579.0,45622.0,1.0708061911392468
25579.0,45834.0,1.0715901248945177
25579.0,45977.0,1.0704596198286476
25579.0,47202.0,1.0716609694135404
25579.0,47374.0,1.0709436590112014
25579.0,47805.0,1.0704336474865694
25579.0,45317.0,1.0694646121047908
25579.0,42192.0,1.0704454731293211
25579.0,42259.0,1.0713895862488145
25579.0,42352.0,1.070998923313286
25579.0,42363.0,1.06940962713569
25579.0,42416.0,1.0710278924926535
25579.0,41832.0,1.0702756170306131
25579.0,41763.0,1.070784598180191
25579.0,40602.0,1.0719791985552711
25579.0,40725.0,1.0713942003517598
25579.0,40875.0,1.0711895856523894
25579.0,40881.0,1.070199814857904
25579.0,40925.0,1.0697063495446733
25579.0,41014.0,1.070523850465205
25579.0,41494.0,1.070887454040541
25579.0,41736.0,1.073144056793023
25579.0,42440.0,1.0716184356040042
25579.0,43672.0,1.070105086339804
25579.0,44154.0,1.0696019778108286
25579.0,44365.0,1.0721269766277326
25579.0,44901.0,1.0715348223485042
25579.0,45002.0,1.069800077207678
25579.0,42997.0,1.0696919948246706
25579.0,43036.0,1.0709388029524194
25579.0,43274.0,1.0724468808405925
25579.0,45363.0,1.070602346930197
25375.0,41968.0,1.003248124130361
25394.0,26590.0,1.0031774483442315
25398.0,48525.0,1.0013463076136873
25415.0,4956.0,1.0
25415.0,6923.0,1.0
25415.0,36176.0,1.0
25415.0,44255.0,1.0002721739978482
25415.0,44319.0,1.0018205534668025
25415.0,45694.0,1.0
25415.0,45929.0,1.001600379286829
25415.0,43496.0,1.00006640065357
25415.0,37593.0,1.0007947263425148
25415.0,38250.0,1.0002539724017732
25415.0,39334.0,1.0
25415.0,39437.0,1.0002050746343047
25415.0,41842.0,1.0
25120.0,27223.0,1.0009532959955476
25153.0,26486.0,1.0
25206.0,40275.0,1.003995133285802
25220.0,32418.0,1.0015450725509951
25281.0,26918.0,1.0019382064519353
25359.0,28279.0,1.0012182134549175
25425.0,16419.0,1.0025203340216575
22400.0,23681.0,1.002895704026846
22400.0,23449.0,1.0034947764420308
22504.0,18951.0,1.0
22504.0,32951.0,1.0009493085244838
22504.0,32957.0,1.00236129206963
22504.0,45589.0,1.0011025163515468
22385.0,43150.0,1.0
22385.0,32719.0,1.000504034193942
22367.0,16234.0,1.0
22367.0,14090.0,1.0
22367.0,50294.0,1.0
22367.0,52191.0,1.0003945853634983
22367.0,48395.0,1.0
22367.0,36029.0,1.0006106652323854
22367.0,36594.0,1.0
22367.0,37266.0,1.001220003752193
22367.0,38290.0,1.0014746200327471
22367.0,38491.0,1.000202818135541
22367.0,39802.0,1.0
22367.0,35783.0,1.0
22367.0,35608.0,1.0
22367.0,34236.0,1.0
22367.0,34262.0,1.0007041250664264
22367.0,34825.0,1.0
22367.0,34846.0,1.0005581177086014
22367.0,35153.0,1.0001973717283807
22367.0,35431.0,1.0
22367.0,35739.0,1.0
22367.0,46029.0,1.0
22367.0,47186.0,1.0
22367.0,47821.0,1.0009057603345142
22367.0,47966.0,1.0
22367.0,44662.0,1.000565571530555
22367.0,40494.0,1.0
22367.0,40665.0,1.0
22367.0,40716.0,1.0
22367.0,41000.0,1.000641393286999
22367.0,41250.0,1.0
22367.0,32357.0,1.0
22367.0,32298.0,1.0
22367.0,4923.0,1.0
22367.0,27758.0,1.0
22367.0,27918.0,1.0005106754647013
22367.0,31319.0,1.0
22367.0,31414.0,1.00115163239484
22367.0,31949.0,1.0
22367.0,26535.0,1.0010282849072571
22367.0,26366.0,1.0004357349335875
22367.0,7626.0,1.0008434506538904
22367.0,16122.0,1.0001524646559647
22367.0,20420.0,1.0005901428391957
22682.0,40820.0,1.0
22682.0,44051.0,1.0
22733.0,23743.0,1.0033562818010275
22733.0,24099.0,1.0031838218825266
22784.0,12476.0,1.0022373488971101
22806.0,26460.0,1.0029163606368552
22522.0,36926.0,1.0
22522.0,40535.0,1.001038699816585
22522.0,40900.0,1.0015369158070082
22545.0,26370.0,1.0017897391737876
22624.0,23619.0,1.0010083438023376
22879.0,44245.0,1.00135787671713
23274.0,25262.0,1.0
23293.0,8520.0,1.0018840119327812
23481.0,47350.0,1.001620581929262
23506.0,44100.0,1.0020140758704865
23506.0,45993.0,1.0002388388928394
23506.0,51944.0,1.0006402859165011
23149.0,52155.0,1.0016477899076408
23149.0,45017.0,1.0
23149.0,32459.0,1.0018828923031486
23149.0,44175.0,1.0012260361932148
23188.0,1333.0,1.0023111790096808
23188.0,44935.0,1.0011896749992417
23188.0,47933.0,1.0024820311957017
23203.0,36204.0,1.0035820765220256
23254.0,20860.0,1.0015732289151469
24765.0,26416.0,1.000458900312401
24937.0,25181.0,1.0011862746825528
24966.0,23943.0,1.0006875472043824
24987.0,26671.0,1.0031423009031073
24991.0,26664.0,1.005434520191686
23523.0,2080.0,1.0006834956570734
23554.0,39276.0,1.005667820703892
23580.0,9701.0,1.002322557763119
24599.0,35152.0,1.0024441015145897
24645.0,43371.0,1.0031354660841587
24698.0,3430.0,1.0019079252160281
23087.0,27572.0,1.0
23087.0,28505.0,1.000194012420199
23087.0,30234.0,1.0021508773498449
23087.0,34481.0,1.0005759527947542
23087.0,14232.0,1.0000921505434799
23087.0,15416.0,1.0
23087.0,44318.0,1.0
23087.0,35472.0,1.0021009154196276
23087.0,40561.0,1.002256407445924
23087.0,41804.0,1.0000710575567537
23087.0,41989.0,1.0009808380359788
22916.0,7013.0,1.003494305325065
22922.0,23849.0,1.0027057126163341
22976.0,26494.0,1.0038554617955904
22976.0,27158.0,1.0038682299342785
23035.0,31388.0,1.0026701423526134
23059.0,25167.0,1.0032479156701664
23067.0,23967.0,1.0032110877174998
26143.0,74.0,1.002590412572851
26297.0,10490.0,1.0
26120.0,16763.0,1.0014135825575563
26088.0,31385.0,1.00299536538546
26046.0,23175.0,1.0017662253613802
25619.0,27726.0,1.0005608598757447
25659.0,29994.0,1.0004871697149351
25723.0,27861.0,1.0006376721779275
25847.0,20313.0,1.004671452004238
25868.0,27392.0,1.0004884822784241
26476.0,27940.0,1.0022824057071784
26648.0,30929.0,1.0
26648.0,31231.0,1.0
26648.0,25326.0,1.0012127233095636
26648.0,8376.0,1.0010368501372584
26648.0,8886.0,1.0015479939304446
26648.0,9907.0,1.0
26648.0,11220.0,1.0007045076077201
26648.0,8048.0,1.0
26648.0,13945.0,1.0014470467676866
26648.0,30972.0,1.0000935943746618
26648.0,31365.0,1.0
26648.0,30361.0,1.0
26648.0,30389.0,1.0
26648.0,30469.0,1.0005338963560915
26648.0,30501.0,1.0
26648.0,30507.0,1.0
26648.0,30522.0,1.0003430713687265
26648.0,30796.0,1.0
26648.0,34463.0,1.0007594473673886
26648.0,34494.0,1.0003276726848152
26648.0,34513.0,1.0007859761904763
26648.0,35168.0,1.0009669137046104
26648.0,35178.0,1.0
26648.0,35991.0,1.0
26648.0,36017.0,1.0
26648.0,32706.0,1.0
26648.0,31896.0,1.0
26648.0,32209.0,1.0002102411754281
26648.0,32423.0,1.0
26648.0,32469.0,1.0009913644271646
26648.0,19495.0,1.0
26648.0,19804.0,1.0012802047032454
26648.0,21937.0,1.0014000037770552
26648.0,23560.0,1.0
26648.0,23799.0,1.0
26648.0,18586.0,1.0
26648.0,14178.0,1.0
26648.0,14556.0,1.0
26648.0,18432.0,1.0
26648.0,28787.0,1.0
26648.0,28865.0,1.000583749376409
26648.0,28909.0,1.0012521807985102
26648.0,29984.0,1.0
26648.0,30093.0,1.0019513500540569
26648.0,30133.0,1.0006056586123608
26648.0,28749.0,1.0
26648.0,27202.0,1.00029097162541
26648.0,27814.0,1.0
26648.0,28179.0,1.0000805279203855
26648.0,28415.0,1.0021748721933688
26648.0,28601.0,1.0019396499976516
26648.0,37265.0,1.002326305803254
26648.0,42905.0,1.0
26536.0,38416.0,1.0
26587.0,37284.0,1.0007110641796464
25597.0,35889.0,1.000362012274084
25597.0,38760.0,1.0008918922860794
25597.0,39009.0,1.0002801970361752
25597.0,39049.0,1.0008312657478917
25597.0,39456.0,1.000848920170523
25597.0,39512.0,1.0010882361100724
25597.0,37459.0,1.0025503266681328
25597.0,37557.0,1.0012741734175477
25597.0,37651.0,1.000865282883675
25597.0,37802.0,1.0
25597.0,38015.0,1.001133867091961
25597.0,46171.0,1.0
25597.0,47722.0,1.0004010995288055
25597.0,47752.0,1.0008897858425236
25597.0,47839.0,1.0
25597.0,48450.0,1.0
25597.0,45576.0,1.001485160540471
25597.0,45462.0,1.0
25597.0,40312.0,1.0
25597.0,41270.0,1.0
25597.0,41908.0,1.0012361291742622
25597.0,42946.0,1.0
25597.0,37385.0,1.0010193264173077
25597.0,37309.0,1.0
25597.0,36535.0,1.0
25597.0,14190.0,1.0
25597.0,31328.0,1.000049195310998
25597.0,31972.0,1.001101988254182
25597.0,32149.0,1.0003150638273821
25597.0,34361.0,1.0
25597.0,36288.0,1.0
25597.0,36330.0,1.0
25597.0,36746.0,1.001294587150297
25597.0,36797.0,1.0
25597.0,37221.0,1.0019079879451676
25597.0,32805.0,1.0
25597.0,34863.0,1.0
25597.0,35336.0,1.0012211801906312
25597.0,35680.0,1.0013901299871326
25597.0,37329.0,1.0005484659382946
16777.0,47243.0,1.0012712430653903
16778.0,1367.0,1.0018279631998717
16852.0,22456.0,1.0035375087713354
16878.0,13910.0,1.000649130466474
16889.0,7119.0,1.0033631090209432
16894.0,28897.0,1.0021159495687126
16952.0,18943.0,1.0007666226512064
16959.0,47449.0,1.000491218071456
16965.0,6788.0,1.0018543936849136
16965.0,18950.0,1.0020966178399793
16419.0,20473.0,1.0025542851252343
16577.0,10461.0,1.000614361585302
16672.0,14886.0,1.0
16700.0,19915.0,1.001379719732308
16700.0,22489.0,1.0
16711.0,18628.0,1.0033845355157005
17218.0,19223.0,1.003103813764143
17355.0,22068.0,1.0022434592129352
17358.0,7087.0,1.0
17358.0,19477.0,1.000021156426545
16968.0,13554.0,1.0023569661361265
16968.0,17608.0,1.002007914214271
17044.0,18635.0,1.0000394044611547
17062.0,19042.0,1.0040833206354614
17062.0,19044.0,1.0028446325313172
17070.0,9089.0,1.0028156942076099
15636.0,15538.0,1.0015583687501637
15649.0,8739.0,1.0006575784989074
15936.0,16920.0,1.0
15949.0,18173.0,1.0016945388633753
15288.0,45893.0,1.0014496969371967
15288.0,44879.0,1.000856182214588
15288.0,34888.0,1.0
15288.0,41755.0,1.0
15288.0,42400.0,1.0
15288.0,4762.0,1.0003361325635691
15288.0,17530.0,1.0006105948681931
15288.0,18573.0,1.000197406587885
15288.0,19625.0,1.0
15288.0,19784.0,1.0
15288.0,23504.0,1.0
15288.0,44876.0,1.0004079137899335
15483.0,8420.0,1.002317100708982
15574.0,17695.0,1.0023685721736386
15961.0,35213.0,1.0019626456031452
15977.0,28672.0,1.0004894003484
15977.0,52027.0,1.0000788797692557
16282.0,20006.0,1.0015679742490013
16201.0,38383.0,1.0018407596343253
16194.0,14683.0,1.0014316068106641
16003.0,5268.0,1.003793845802726
16003.0,19813.0,1.0045065161532085
17394.0,19298.0,1.0006633830862093
17494.0,19362.0,1.0005369342113326
18322.0,5986.0,1.0008503378513862
18331.0,9663.0,1.0028967348008695
18335.0,18420.0,1.003445997689779
18335.0,22170.0,1.0017301519200787
18335.0,34272.0,1.0001149594600292
18008.0,25280.0,1.0
18008.0,46071.0,1.0000285059495262
18008.0,19943.0,1.0003660988145144
18012.0,26947.0,1.000404491053151
18381.0,45514.0,1.0006575861022846
18404.0,15282.0,1.0053437372385894
18414.0,20001.0,1.0002156756571796
18450.0,20092.0,1.005124098232687
18519.0,6114.0,1.001128796877835
17572.0,28230.0,1.0
17572.0,415.0,1.0
17572.0,16490.0,1.0004318564301315
17575.0,40278.0,1.001424567968685
17590.0,19353.0,1.0
17748.0,19974.0,1.002773376009217
17811.0,44214.0,1.0025561222116197
17526.0,39327.0,1.0023616585758124
17546.0,20003.0,1.0021943868649907
17834.0,40207.0,1.000015630984281
17834.0,43009.0,1.001122603119685
17948.0,20835.0,1.0021512095956704
17960.0,19776.0,1.0006586158695119
17986.0,47525.0,1.0027684698993349
17914.0,41380.0,1.004471744849219
13949.0,16313.0,1.0
13967.0,16864.0,1.0019814206219357
13967.0,27390.0,1.000933904774413
13521.0,16198.0,1.0017331186724734
13630.0,4972.0,1.002871931812661
13995.0,34205.0,1.0036654900216326
14160.0,16313.0,1.0
14205.0,15004.0,1.0021701552973974
14436.0,16825.0,1.001974155064155
14071.0,1959.0,1.001868772142447
14002.0,8095.0,1.0007947723186048
14002.0,22241.0,1.0013179132322279
14002.0,22770.0,1.0019293759266161
14008.0,16277.0,1.0017311183005813
14018.0,16479.0,1.0021652951896232
14064.0,10864.0,1.0
14114.0,6798.0,1.0028116694617262
11957.0,25249.0,1.0016330651476197
11957.0,15238.0,1.0016836738763344
11993.0,8080.0,1.0030917832614454
12033.0,15460.0,1.0022904219806534
12034.0,16096.0,1.0028016263013775
13133.0,1990.0,1.0009086564665588
11905.0,13652.0,1.0
11777.0,1770.0,1.0014287914082458
11795.0,14707.0,1.0055191686940586
11798.0,1367.0,1.004632336905807
11849.0,13798.0,1.002956633243972
11870.0,15445.0,1.0
13187.0,23513.0,1.0028279850402166
13418.0,18168.0,1.0
13464.0,23964.0,1.001731199980094
13464.0,26764.0,1.0004670941628313
13190.0,4409.0,1.00078291199885
13333.0,15278.0,1.002780779514177
13388.0,10674.0,1.0014514145627593
15099.0,17422.0,1.0010278812681288
15118.0,8531.0,1.0035490908146196
15184.0,7477.0,1.0008920192917665
15184.0,50080.0,1.000719441512321
15249.0,14745.0,1.0031921819857577
15272.0,17584.0,1.0030840580765261
15040.0,16414.0,1.0024339301315017
14819.0,23757.0,1.0005656264407943
14911.0,2839.0,1.0030393117229839
14912.0,8263.0,1.0016784066212998
14912.0,6180.0,1.0016057207142737
14765.0,18001.0,1.0037142813251552
14582.0,28446.0,1.000506370852392
14582.0,7209.0,1.0005767236917609
14582.0,23964.0,1.0013409960608721
14582.0,28907.0,1.0005378116042665
14582.0,31055.0,1.0
14582.0,32720.0,1.0
14582.0,34598.0,1.0
14582.0,27965.0,1.0
14582.0,27801.0,1.0019352821028453
14582.0,25123.0,1.0007145222733647
14467.0,7287.0,1.0
14508.0,13720.0,1.0008930371142177
14740.0,17921.0,1.0015768121249993
14740.0,19845.0,1.0027219615966474
14749.0,17156.0,1.0025233884463283
14736.0,13976.0,1.0008421297538908
14622.0,36099.0,1.0013806832866041
14651.0,19679.0,1.0
14696.0,42318.0,1.0
18544.0,21969.0,1.0025863355140634
18604.0,22073.0,1.0
18604.0,39193.0,1.0
18604.0,26964.0,1.0
18604.0,3435.0,1.0
18604.0,22452.0,1.000716019283154
18604.0,22258.0,1.0003802295787978
18604.0,9193.0,1.0
18604.0,21905.0,1.0008332754978204
18604.0,22086.0,1.000251654519849
18604.0,22224.0,1.0
21289.0,40697.0,1.0003079811566506
21289.0,47977.0,1.000116721657863
21289.0,50302.0,1.0002247667380841
21289.0,50324.0,1.00009461128873
21289.0,50460.0,1.0002215272469035
21289.0,50724.0,1.0010030875244529
21289.0,49877.0,1.0
21289.0,24055.0,1.0
21289.0,49805.0,1.0005665245206066
21224.0,19668.0,1.0036622274953
21262.0,22463.0,1.0032070659119048
21297.0,48450.0,1.0
21297.0,3348.0,1.0004401678707473
21297.0,19771.0,1.0022362457375737
21297.0,28424.0,1.0
21297.0,48333.0,1.001016886615452
21433.0,30753.0,1.0
21433.0,30264.0,1.000675552896018
21433.0,30231.0,1.0008364640799188
21433.0,26913.0,1.0
21441.0,22412.0,1.0028252420411505
21463.0,22632.0,1.0
21494.0,22684.0,1.0038142857014822
21533.0,30983.0,1.000947163571968
21331.0,22663.0,1.0
20749.0,26782.0,1.0
20749.0,28314.0,1.0
20749.0,30659.0,1.0005283338044146
20749.0,31041.0,1.0
20749.0,31156.0,1.0
20749.0,27612.0,1.0
20749.0,27822.0,1.0010510858834352
20749.0,27882.0,1.0
20749.0,27934.0,1.0
20749.0,28135.0,1.0
20749.0,29951.0,1.0
20749.0,27536.0,1.0022118320262496
20749.0,6738.0,1.001376679128594
20749.0,8135.0,1.0
20749.0,27040.0,1.0005993968717648
20749.0,27123.0,1.0006090491751893
20749.0,27291.0,1.0008203084651877
20749.0,27033.0,1.0
20749.0,22345.0,1.0014059184264266
20749.0,27019.0,1.0
20749.0,22525.0,1.0009984122659235
20749.0,22555.0,1.0
20749.0,22630.0,1.0
20749.0,22735.0,1.0
20749.0,22958.0,1.0
20776.0,20389.0,1.0002309690485085
20816.0,5057.0,1.00315691816297
20874.0,22489.0,1.0
21537.0,22732.0,1.003121923671121
21074.0,22020.0,1.0020784720475204
21118.0,22606.0,1.0019803146174837
21135.0,22347.0,1.0022130949558794
21196.0,2153.0,1.0
21196.0,26450.0,1.001638320230631
21208.0,17409.0,1.0013933488850686
21027.0,22607.0,1.0027633017090893
20901.0,22091.0,1.0017525129750635
20991.0,22890.0,1.0023747678589368
20991.0,23072.0,1.0021770950827655
21016.0,22411.0,1.0
21016.0,22464.0,1.0039189515308027
21542.0,26918.0,1.0
21543.0,25222.0,1.001388345700868
22247.0,8367.0,1.0
22247.0,49811.0,1.0011295823012138
22247.0,44313.0,1.0
22247.0,44354.0,1.0006173635705842
22288.0,5480.0,1.002381934126306
22324.0,50544.0,1.0014647212813732
22324.0,52234.0,1.0020672731019178
22364.0,22476.0,1.0021121536683508
22224.0,15573.0,1.0000981811824643
21826.0,37520.0,1.002792864905802
21862.0,22785.0,1.0028075475505833
21903.0,28667.0,1.002615632790595
21907.0,38434.0,1.002796427902292
21916.0,23004.0,1.0022815316358533
21930.0,47251.0,1.0019430673019292
21768.0,23078.0,1.0020677138708933
21570.0,22730.0,1.0013367952555934
21614.0,40098.0,1.0013067395206277
21714.0,26372.0,1.0
21963.0,36950.0,1.0017771303038085
21963.0,49844.0,1.0
21963.0,32555.0,1.000189119482815
21963.0,39300.0,1.0009206600327418
21963.0,35729.0,1.0
21963.0,36456.0,1.0002259568334664
21963.0,36883.0,1.0000270097005843
21963.0,38107.0,1.0001701758633865
21976.0,31481.0,1.0023067821125846
22010.0,23095.0,1.0012311652531911
22031.0,23111.0,1.0000625207099427
22157.0,3257.0,1.0033486653505455
22157.0,4217.0,1.0041953508353711
22188.0,32474.0,1.0
19250.0,1304.0,1.0
19250.0,16765.0,1.0010436759933696
19250.0,7942.0,1.000782726422969
19250.0,8742.0,1.0
19250.0,13535.0,1.0
19250.0,14654.0,1.0005051635398023
19250.0,16743.0,1.0
19250.0,17400.0,1.0025259678794953
19250.0,2970.0,1.0
19250.0,22384.0,1.0
19250.0,20523.0,1.0
19250.0,20767.0,1.0
19250.0,22017.0,1.0010745657780107
19250.0,22029.0,1.0
19114.0,23408.0,1.0014781775738681
19169.0,20459.0,1.001773257329817
19183.0,31989.0,1.0010826350543491
19183.0,23354.0,1.0028681521606553
19338.0,20649.0,1.0012974993738344
19346.0,33135.0,1.0
19346.0,5109.0,1.0016326568342167
19346.0,20831.0,1.0007880543008396
19346.0,27769.0,1.0001909081274882
19346.0,32174.0,1.0016705353324706
19346.0,52063.0,1.0
19085.0,20459.0,1.0013870557570983
19086.0,36704.0,1.0011799618374286
18646.0,52023.0,1.0035692345682101
18646.0,44652.0,1.0016398149013916
18880.0,20304.0,1.0033754133507236
18882.0,1319.0,1.0019138139430566
19054.0,20645.0,1.0010125331435231
18784.0,20276.0,1.0033806276726098
18755.0,22395.0,1.0051121695577139
18704.0,20124.0,1.0011171442581615
18704.0,14028.0,1.000693896515119
18708.0,20216.0,1.0022277631056333
20701.0,37557.0,1.0016928867792638
20701.0,35451.0,1.0009461744141377
20701.0,37381.0,1.001622860000624
20701.0,40117.0,1.0001822196756587
20701.0,43736.0,1.0012318243463385
20701.0,14147.0,1.0009727650014242
19631.0,45130.0,1.0035330124679336
20688.0,39998.0,1.0028641129733034
20688.0,40585.0,1.0015275579560363
20695.0,27723.0,1.0009559290520638
20695.0,35028.0,1.001827320706582
20695.0,38031.0,1.0008526767210952
19407.0,20767.0,1.0
19407.0,22394.0,1.0
19407.0,26656.0,1.0
19441.0,19762.0,1.0004370822352957
19393.0,14556.0,1.0
19504.0,20716.0,1.0040962929618713
19552.0,19744.0,1.0004225575599213
19552.0,9268.0,1.0
19552.0,22145.0,1.0
19552.0,20885.0,1.00082679261731
19552.0,22034.0,1.000554807472525
19552.0,22303.0,1.0004856812326672
19552.0,22557.0,1.0034887417183116
19552.0,20588.0,1.0
19552.0,19169.0,1.0001112724725039
19552.0,20632.0,1.0004592275703479
19548.0,16784.0,1.0025349810127868
11771.0,16022.0,1.003062933764365
41728.0,47917.0,1.0
41728.0,41773.0,1.000777926605297
41728.0,19044.0,1.0004315681403306
41728.0,45380.0,1.0008868500839725
41728.0,51916.0,1.0
41728.0,40677.0,1.0
41728.0,45463.0,1.0
41728.0,45808.0,1.0
41728.0,46097.0,1.0
41728.0,46098.0,1.0
41728.0,47184.0,1.0016125609249826
41728.0,47282.0,1.0000444784941167
41728.0,47453.0,1.0006215442630662
41728.0,44039.0,1.0
41728.0,44267.0,1.0013408127227454
41728.0,47716.0,1.0
41728.0,48530.0,1.000705460417383
41728.0,48586.0,1.0012272021768434
41728.0,50025.0,1.0007215445516793
41728.0,50044.0,1.0002184677599482
41728.0,50047.0,1.0020033610829966
41728.0,35082.0,1.0
41728.0,35132.0,1.0001675176215028
41728.0,40346.0,1.0
41728.0,13551.0,1.000801912298819
41728.0,17718.0,1.0
41728.0,40444.0,1.0011780247337447
41728.0,42255.0,1.0008829772120256
41728.0,42705.0,1.0
41728.0,43018.0,1.0
41728.0,40629.0,1.0
41728.0,41372.0,1.0
41728.0,45479.0,1.0
41812.0,39398.0,1.001538034516921
41815.0,5611.0,1.000295284531078
41815.0,14581.0,1.0016812331737532
41815.0,47505.0,1.0017616665960758
41455.0,45298.0,1.0
41486.0,19836.0,1.0032319147421687
41577.0,47854.0,1.004071217863829
41577.0,44230.0,1.0025980575252906
41587.0,39235.0,1.0031526752423285
43527.0,45264.0,1.0979079967084793
43563.0,41562.0,1.000083580753292
43563.0,47560.0,1.0011296049112077
43603.0,47305.0,1.0
43603.0,42268.0,1.0
43603.0,40881.0,1.0
43603.0,43779.0,1.0
43603.0,40898.0,1.00098553320593
43603.0,40983.0,1.0
43603.0,41066.0,1.0003310338295073
43603.0,41214.0,1.0017914249327677
43603.0,41401.0,1.0007852648583766
43603.0,41422.0,1.0006490742989917
43603.0,44977.0,1.0
43512.0,40431.0,1.0020112242419033
43509.0,3486.0,1.0034908886442426
43242.0,35190.0,1.0015543763174053
43242.0,38629.0,1.0016908243681024
43268.0,42600.0,1.0039949616918986
43293.0,40270.0,1.0000887808296737
43852.0,42132.0,1.0004215049453675
43898.0,20347.0,1.0024491371830866
41916.0,49969.0,1.0005321094870756
41916.0,50591.0,1.0
41916.0,15609.0,1.0
41916.0,40107.0,1.0
41965.0,39437.0,1.001769518218645
41985.0,39495.0,1.0023029131788737
42326.0,39630.0,1.0019089823181089
42348.0,765.0,1.0021651066512598
42448.0,39752.0,1.0031854163867082
41882.0,52234.0,1.0014593172144297
43058.0,40096.0,1.0013214526828031
43133.0,38529.0,1.0
43182.0,35883.0,1.0
42661.0,27662.0,1.0013212646305953
42706.0,42515.0,1.0
42780.0,39016.0,1.0
39204.0,37566.0,1.0005008520207939
39225.0,37613.0,1.0026064037825548
39309.0,40397.0,1.0009940937078305
39185.0,30147.0,1.0012790274956542
39375.0,39138.0,1.0014479881282798
39402.0,36038.0,1.0
39100.0,43057.0,1.0024339952771304
38979.0,41870.0,1.002330034454514
38979.0,26988.0,1.0032034645323165
39009.0,46016.0,1.0033759870884909
39408.0,38088.0,1.002706934511741
39592.0,52229.0,1.0036093917605289
39663.0,39149.0,1.0010534226814511
38970.0,37388.0,1.0009998021087774
39459.0,42515.0,1.0
39459.0,42169.0,1.0016798468264554
39479.0,37796.0,1.0030255782006383
38429.0,34370.0,1.0
38429.0,40672.0,1.0
38429.0,39288.0,1.0005868899206496
38429.0,39822.0,1.0
38429.0,40947.0,1.0008851510023096
38429.0,38871.0,1.0
38429.0,40970.0,1.00084730809836
38429.0,25207.0,1.0002968940675296
38429.0,38008.0,1.0004673269137483
38429.0,38196.0,1.0
38429.0,38425.0,1.0
38429.0,38501.0,1.0
38429.0,38670.0,1.000470360787322
38429.0,41512.0,1.0
38429.0,42354.0,1.0
38429.0,43587.0,1.000651049550148
38429.0,43688.0,1.0
38403.0,50364.0,1.0011431890931084
39683.0,43198.0,1.0012384366433715
38771.0,35977.0,1.0015492427588992
38786.0,37269.0,1.0027089765117496
38511.0,19022.0,1.0022539793467364
40542.0,38520.0,1.0005170718487884
40775.0,38645.0,1.0009529340909358
40806.0,38951.0,1.0007990273248581
40287.0,3246.0,1.000531267247644
40121.0,38191.0,1.000236390078905
40122.0,47821.0,1.0025332099158348
40122.0,47176.0,1.0007260871938939
40122.0,45631.0,1.001546542812721
40235.0,32926.0,1.001369603013325
40846.0,39053.0,1.0010591758784295
40846.0,4146.0,1.0016087016534783
40846.0,41524.0,1.0
41053.0,41434.0,1.0010786660051936
41194.0,14255.0,1.0008895101512914
40963.0,38423.0,1.0034572628872833
40963.0,13896.0,1.0013176858991726
40916.0,42653.0,1.0
40916.0,48031.0,1.0
40916.0,44941.0,1.0
39975.0,38088.0,1.0008895589637712
39774.0,42495.0,1.0004045926880971
39774.0,47395.0,1.0
39774.0,47405.0,1.0
39774.0,37989.0,1.0011088482053516
39774.0,38080.0,1.0000642157166406
39774.0,41285.0,1.0007192238046192
39774.0,48399.0,1.0007929547884784
39774.0,47487.0,1.0
39774.0,47640.0,1.0
39774.0,48245.0,1.00028509028247
39844.0,39028.0,1.0
39853.0,38716.0,1.0
39853.0,47605.0,1.0025621045159117
52399.0,48378.0,1.0029632182291648
52399.0,45838.0,1.0024648251853505
52410.0,45249.0,1.0020272794799459
52413.0,50364.0,1.0029954184458676
52482.0,45329.0,1.0041264954182374
52503.0,45353.0,1.0027192364427922
52183.0,47927.0,1.0656798114235966
52183.0,45603.0,1.0665126518085113
53272.0,52134.0,1.0022518856600504
53415.0,28010.0,1.0061192603777178
52703.0,45668.0,1.004963915620729
53054.0,50728.0,1.0018186559230438
53054.0,51852.0,1.0014154320211335
53054.0,51864.0,1.001212651278205
52086.0,47505.0,1.0024123298832879
50189.0,1851.0,1.0026542117514954
50277.0,44684.0,1.001717320936206
50315.0,44245.0,1.0
50315.0,44551.0,1.0001409658268972
50566.0,39189.0,1.0027509324384727
48453.0,40084.0,1.0041736720431644
48566.0,43742.0,1.003049186134442
48703.0,43805.0,1.0058499348303744
48813.0,22970.0,1.0013325809782345
49874.0,45993.0,1.0028121282940279
50602.0,45426.0,1.001299651487803
50794.0,43910.0,1.0010986793718697
50830.0,231.0,1.0045613296962659
50875.0,9144.0,1.0010271532262969
50615.0,44525.0,1.0036243290300624
50680.0,14134.0,1.00309986476561
50765.0,44687.0,1.003033931701793
58219.0,45878.0,1.002941708409851
58664.0,51998.0,1.0
58675.0,15253.0,1.0
58675.0,50551.0,1.0005913927054573
58675.0,35185.0,1.0
58675.0,50500.0,1.0013229919216473
57213.0,48517.0,1.0033330048642137
57213.0,28770.0,1.0024203913640752
57250.0,48530.0,1.003318986406721
57538.0,50385.0,1.0009840692797933
57647.0,49782.0,1.0002294142037846
59737.0,52232.0,1.0034299661725952
59921.0,51973.0,1.0047191725586353
60062.0,4996.0,1.0029479480127361
60082.0,35204.0,1.001615622586407
60322.0,52177.0,1.0037474485202649
59625.0,3571.0,1.002764362160355
59559.0,45808.0,1.0019496038933704
58856.0,12494.0,1.002090330894448
59026.0,42638.0,1.0015801092493415
59131.0,42641.0,1.0016199839184303
59550.0,52058.0,1.0006940204838022
57202.0,51934.0,1.0
57202.0,52036.0,1.0025616763948497
57202.0,51910.0,1.0
57202.0,49823.0,1.0
57202.0,50070.0,1.0004114047811299
55457.0,48409.0,1.0011589959526233
55495.0,47475.0,1.0006061534959372
55499.0,46056.0,1.002015814923699
55499.0,46129.0,1.000822487770102
55598.0,48409.0,1.001075090740697
55806.0,47453.0,1.0030286248920754
55839.0,47627.0,1.0
55215.0,47294.0,1.002850447749224
53506.0,38915.0,1.003457079606517
53771.0,10625.0,1.0025796810903644
53859.0,46083.0,1.0009622394047397
56765.0,48204.0,1.002856002633364
56809.0,44719.0,1.0
56885.0,10875.0,1.00196970625229
56936.0,40347.0,1.0026969208370404
57017.0,48397.0,1.0006263143925265
57055.0,50445.0,1.001805015320755
56104.0,47809.0,1.0031867511845438
56156.0,50713.0,1.002412963728226
56297.0,47933.0,1.0019286715694677
45957.0,41945.0,1.002870388914853
46077.0,15951.0,1.0009934542118557
46077.0,7334.0,1.0001718690367747
46077.0,42414.0,1.0003699260794545
46077.0,43399.0,1.000363690101093
45501.0,47873.0,1.0023575794014983
45661.0,43482.0,1.0008190717986127
45719.0,44142.0,1.0040939996691296
46142.0,42050.0,1.0017982244362587
46152.0,42063.0,1.0016545178808067
46182.0,42268.0,1.000848782196414
46182.0,45833.0,1.0018968745082573
46223.0,43917.0,1.0025090081414492
46288.0,50373.0,1.0029741567676131
46124.0,43878.0,1.0027925750397195
46093.0,45717.0,1.0
46093.0,48509.0,1.0
44268.0,40950.0,1.0007195128689423
44268.0,42733.0,1.0021685589491476
44268.0,36901.0,1.002182913985927
44274.0,40943.0,1.0023400141869057
44609.0,41040.0,1.00065180696001
44705.0,41093.0,1.0016039246162836
44206.0,42627.0,1.0000377838371253
43981.0,40716.0,1.0
43981.0,41833.0,1.0
44152.0,51852.0,1.0006317127949091
44152.0,42077.0,1.0002283466518045
44152.0,48348.0,1.0
44155.0,40790.0,1.001772165533782
45112.0,41361.0,1.0029080230516358
45121.0,46023.0,1.0004293348597961
45173.0,41361.0,1.002612459897495
45178.0,41245.0,1.0
45281.0,44376.0,1.0006831866468484
45049.0,7494.0,1.0012110860029668
44762.0,41824.0,1.0032270443719669
44787.0,18080.0,1.0030278117008016
44999.0,41271.0,1.000333238782145
45037.0,41292.0,1.0031908502185396
46320.0,40681.0,1.0029840215992851
48036.0,50732.0,1.001915654044612
48234.0,43482.0,1.000661008478288
48266.0,43993.0,1.0230145572281104
48266.0,52003.0,1.0240272473279821
48266.0,8407.0,1.0244159180518047
48266.0,28210.0,1.0242887887804593
48266.0,34773.0,1.022630853496562
48266.0,41559.0,1.0208776981690972
48266.0,44071.0,1.0241401002715902
47435.0,51876.0,1.0002518556244027
47445.0,50629.0,1.0013726056277528
47189.0,6010.0,1.0016683403761921
46498.0,42436.0,1.0019461706662582
46498.0,42588.0,1.0001857346870182
46756.0,38290.0,1.0039703867094012
46385.0,41234.0,1.0028072797723278
46389.0,28696.0,1.0028599447730322
46433.0,9081.0,1.0010873120447918
46433.0,48559.0,1.0026265798730454
46435.0,19914.0,1.0012081242134871
47045.0,42749.0,1.0005873368594607
47069.0,45738.0,1.0
47018.0,37352.0,1.0035376396833555
46917.0,50364.0,1.002043923207576
46796.0,44903.0,1.0006491210826984
46796.0,42630.0,1.000004145733325
46796.0,43955.0,1.0024223920131499
46856.0,5537.0,1.0024947397569806
46867.0,10707.0,1.0020081473953455
46916.0,42660.0,1.003110450479739
30536.0,31333.0,1.0023189769150425
30596.0,43914.0,1.0
30596.0,39276.0,1.0
30596.0,36710.0,1.0
30596.0,40687.0,1.0
30596.0,44499.0,1.0
30596.0,38696.0,1.0
30596.0,15344.0,1.0
30596.0,34403.0,1.0
30596.0,34516.0,1.0
30596.0,35234.0,1.0
30596.0,43550.0,1.0
30596.0,40936.0,1.0
30596.0,40481.0,1.0
30596.0,36658.0,1.0
30596.0,37428.0,1.0
30307.0,23395.0,1.002140769872546
30307.0,42662.0,1.0008736174820192
30307.0,40438.0,1.0
30350.0,50105.0,1.0005794457488717
29579.0,48557.0,1.0
29579.0,7340.0,1.0002389045361773
29579.0,45770.0,1.0000626362433638
29579.0,41065.0,1.000179476500769
29579.0,47227.0,1.000342299120381
29579.0,41089.0,1.0
29579.0,40156.0,1.0
29579.0,45715.0,1.0
29579.0,46056.0,1.0
29579.0,43592.0,1.000362050086003
29579.0,50023.0,1.0
29579.0,27590.0,1.000237961359098
29579.0,43736.0,1.0003916262114816
29579.0,14181.0,1.0
29579.0,47238.0,1.0
29579.0,39752.0,1.0005422812595939
29579.0,31822.0,1.0
29579.0,47220.0,1.0
29579.0,50092.0,1.0008608810404132
29579.0,40079.0,1.0
29579.0,40113.0,1.0
29579.0,47758.0,1.0
29579.0,51973.0,1.000922150420787
29579.0,43910.0,1.0
29579.0,46023.0,1.0
29579.0,45759.0,1.0
29579.0,47355.0,1.0
29579.0,43973.0,1.0
29579.0,52168.0,1.0
29579.0,50231.0,1.0016737486747131
29579.0,50326.0,1.0
29579.0,50380.0,1.0
29579.0,51830.0,1.000106016396091
29579.0,41595.0,1.0006615337477662
29579.0,41959.0,1.001048786184604
29579.0,8790.0,1.0
29579.0,39711.0,1.0
29579.0,46112.0,1.0
29579.0,47201.0,1.0003883179079849
29579.0,45343.0,1.0
29579.0,48611.0,1.0
29579.0,49655.0,1.0
29579.0,47632.0,1.0
29579.0,47681.0,1.0
29579.0,50112.0,1.0
29579.0,41080.0,1.0027372499873617
29579.0,40460.0,1.0
29579.0,39922.0,1.0
29579.0,40146.0,1.0003680934031276
29579.0,40152.0,1.0
29579.0,40168.0,1.0
29579.0,40367.0,1.0
29579.0,40443.0,1.0
29579.0,43747.0,1.000331444376765
29579.0,44681.0,1.0
29579.0,41659.0,1.0011367201752086
29579.0,41741.0,1.0007067353396948
29579.0,41860.0,1.0
29921.0,16568.0,1.004601855368683
30066.0,32092.0,1.0
30092.0,30953.0,1.0015217156492975
30705.0,31349.0,1.0032266531003087
31941.0,32283.0,1.0032043545235638
31982.0,26907.0,1.0
31988.0,38533.0,1.0006630663317764
31988.0,48521.0,1.0
31988.0,37230.0,1.000863692639289
31988.0,43525.0,1.0007349846545124
31721.0,35390.0,1.0012364885184972
31316.0,32250.0,1.0022753535256073
31416.0,31831.0,1.003030002382176
31570.0,19373.0,1.0044275747471423
32040.0,32358.0,1.001534536708386
32064.0,39600.0,1.0115384158272467
32064.0,38126.0,1.011214538385457
32064.0,38386.0,1.0120512148060747
32064.0,44703.0,1.0112191555820549
32064.0,45162.0,1.0118196998047064
32064.0,47815.0,1.0113893947760664
32064.0,47951.0,1.0135777712088458
32064.0,51866.0,1.0115489152954142
32064.0,45321.0,1.0096412723248192
32007.0,28422.0,1.0013051996487463
31229.0,51936.0,1.092786640247621
30819.0,42662.0,1.0004122876335029
30819.0,32326.0,1.0008052524985318
30819.0,35764.0,1.0
30819.0,42192.0,1.0
30819.0,20003.0,1.001005626774931
30819.0,31534.0,1.0007219988002862
30819.0,41640.0,1.0006328317589435
30819.0,10707.0,1.0
30819.0,32247.0,1.0
30819.0,34714.0,1.0
30819.0,39397.0,1.0011041185671548
30819.0,2330.0,1.0003660067944136
30819.0,49752.0,1.0013398548175336
30819.0,44933.0,1.0
30819.0,45290.0,1.0008145673225655
30819.0,48219.0,1.0002034457326112
30736.0,4309.0,1.0016060276088676
30759.0,36837.0,1.0007085690662048
30759.0,35955.0,1.0010427807566697
31004.0,33110.0,1.0005801443916589
31004.0,34982.0,1.0007343704639655
31029.0,39258.0,1.0010461569408966
31124.0,31602.0,1.0028917052868407
31155.0,31665.0,1.0
31186.0,27536.0,1.0058910954970806
30909.0,31521.0,1.0027047822101827
29059.0,35576.0,1.0
28929.0,44609.0,1.0015025905971633
28929.0,26784.0,1.0027604259830756
28929.0,30013.0,1.0019811077508771
29073.0,50518.0,1.0022993479060103
28618.0,18161.0,1.0036181336128347
28658.0,28850.0,1.0015738338129878
28658.0,40844.0,1.0038310169140972
28602.0,30400.0,1.0022265154691883
29536.0,30788.0,1.0
29536.0,30925.0,1.001559301561797
29536.0,30759.0,1.0012833284611315
29276.0,30339.0,1.0016062928468352
29398.0,37132.0,1.0045667321174123
26721.0,3093.0,1.0009953926381567
26789.0,38421.0,1.004930577125895
26875.0,36557.0,1.000975362921945
26662.0,28153.0,1.0015709856896364
27284.0,40900.0,1.0016545355853193
27366.0,28596.0,1.003513687717683
28495.0,39800.0,1.0025077609519626
28497.0,37198.0,1.0027165946341956
28555.0,33127.0,1.0
26931.0,24044.0,1.0
26944.0,42268.0,1.002832489303472
27004.0,28406.0,1.0021130937689882
36893.0,35977.0,1.0009672816927977
37186.0,36196.0,1.0013322671208549
37236.0,50772.0,1.0
37236.0,39295.0,1.0004461218950185
37236.0,44039.0,1.0
37236.0,44117.0,1.0
37236.0,43588.0,1.0
37236.0,42248.0,1.0003657052960186
37236.0,42053.0,1.0003768421190629
37236.0,42343.0,1.0007226887029654
37236.0,40837.0,1.0
37236.0,35054.0,1.0
37236.0,36683.0,1.0010644713997985
37236.0,42640.0,1.000678702248368
37236.0,42783.0,1.0000816691819212
37236.0,50201.0,1.0010336186864826
37236.0,51821.0,1.001500626043687
37236.0,43171.0,1.0
37236.0,47867.0,1.0002012552564141
36637.0,37632.0,1.000248541567009
36637.0,40808.0,1.0
36637.0,45448.0,1.0
36637.0,51980.0,1.0
36637.0,42940.0,1.0006467737715945
36637.0,9418.0,1.0014017504834163
36637.0,10092.0,1.0010463152849964
36823.0,38227.0,1.0013943463371915
36840.0,35912.0,1.000844164881398
36211.0,35466.0,1.0017057427695657
36257.0,40712.0,1.003114618637359
36308.0,37503.0,1.0
36308.0,39429.0,1.0
36308.0,40098.0,1.0
36308.0,40256.0,1.0007702695077216
36308.0,40383.0,1.0010936876306187
36308.0,36907.0,1.0007670023865958
36308.0,37069.0,1.0
36308.0,38818.0,1.000568873937458
36308.0,39459.0,1.0014219640309623
36308.0,39967.0,1.0008427776044724
36129.0,22722.0,1.0014234442088827
36129.0,35482.0,1.0017102286810151
35925.0,36178.0,1.001831491157086
35987.0,35288.0,1.0030279817601944
36411.0,38346.0,1.0010626951553079
36415.0,40567.0,1.0
36485.0,35464.0,1.0024979906488551
37937.0,38024.0,1.000646399227568
37939.0,43742.0,1.0011444682024413
37939.0,47272.0,1.001296635976651
37939.0,40168.0,1.0003679302018815
37939.0,8761.0,1.0002977330470115
37939.0,20180.0,1.0020847646637168
37939.0,38300.0,1.0034730097202051
37939.0,39039.0,1.000354881858067
37766.0,38921.0,1.0007508296446401
37766.0,39216.0,1.0
37766.0,47347.0,1.0000612059033722
38256.0,10022.0,1.0
38335.0,36965.0,1.0030388901031735
38337.0,48409.0,1.001828211634447
38338.0,23618.0,1.0016906581593827
38251.0,40624.0,1.0011729978962942
38044.0,37198.0,1.0024476929941613
38044.0,38750.0,1.0024357072551926
38063.0,36812.0,1.0029464721334784
38150.0,36836.0,1.000200911569082
37591.0,37780.0,1.0021278706512922
37277.0,35096.0,1.0016987829664636
37295.0,50518.0,1.0022424197630584
37325.0,40191.0,1.0003671994167638
37325.0,45000.0,1.0002555932875699
37325.0,44056.0,1.0010607998653864
37325.0,42389.0,1.0
37325.0,39707.0,1.0007592427819787
37325.0,40737.0,1.0013306337144048
37405.0,141.0,1.0014015484085008
37447.0,2094.0,1.0
37541.0,36461.0,1.002982995366079
37582.0,46145.0,1.0030840429009542
37582.0,49772.0,1.000398659860079
35826.0,35171.0,1.0015383427647209
32459.0,39042.0,1.0
32459.0,30860.0,1.0
32459.0,35502.0,1.0
32459.0,35506.0,1.0
32459.0,36697.0,1.0
32299.0,40925.0,1.0
32299.0,50166.0,1.0
32299.0,42086.0,1.0
32299.0,43111.0,1.0022547798911638
32299.0,43130.0,1.000471167801653
32299.0,41987.0,1.000635798514975
32299.0,5205.0,1.0011527488451633
32299.0,7449.0,1.0022013349632588
32299.0,17324.0,1.0011108024816469
32299.0,18871.0,1.0
32306.0,43039.0,1.0012041425084361
32630.0,41945.0,1.003920336650135
32670.0,10327.0,1.0021208366048004
32731.0,32836.0,1.0030272432325318
32789.0,48440.0,1.003112152464095
32491.0,37566.0,1.0
32497.0,43427.0,1.0036598943319022
32214.0,32929.0,1.0049377083389766
32262.0,34433.0,1.0035134315234604
32262.0,36312.0,1.002607128369681
32201.0,15609.0,1.0
32172.0,32509.0,1.0024914422457702
32126.0,32474.0,1.000135330757883
32132.0,32384.0,1.002958934194097
35397.0,39352.0,1.0014059715075299
35633.0,36652.0,1.0007797790085573
35123.0,23682.0,1.0014185346916833
35144.0,18434.0,1.000164386061669
35319.0,16223.0,1.001392432168534
35386.0,38227.0,1.0
35731.0,42084.0,1.000682472199219
35731.0,37663.0,1.0
35731.0,35317.0,1.001386524084855
35731.0,36317.0,1.0019197021393194
35017.0,44150.0,1.0010137327309048
34385.0,35596.0,1.0007076871158487
34385.0,35060.0,1.0005999686585179
34424.0,50182.0,1.0012116513583988
34476.0,2904.0,1.00157676831034
34550.0,38191.0,1.0010373016158616
33169.0,40348.0,1.0018310930486012
34588.0,52258.0,1.0
34705.0,38764.0,1.0016592262646562
34600.0,20660.0,1.002769270030057
34611.0,44098.0,1.0029801124438005
11702.0,15165.0,1.003155843159737
11686.0,38976.0,1.0007772214559234
11686.0,39032.0,1.0032901222618513
11686.0,42169.0,1.0039864103238714
11686.0,38228.0,1.002700916152801
454.0,1319.0,1.0
454.0,1059.0,1.0000365248397471
454.0,1118.0,1.0
454.0,1920.0,1.0006478852199028
454.0,2439.0,1.0
454.0,4580.0,1.0
454.0,5256.0,1.0
454.0,5701.0,1.0
454.0,6466.0,1.0
454.0,6474.0,1.0
454.0,6479.0,1.0014363997812143
454.0,6595.0,1.0
454.0,2982.0,1.002014401255267
454.0,3253.0,1.001177262264539
454.0,10801.0,1.0
454.0,13898.0,1.000559132691022
454.0,10366.0,1.0005638345257037
454.0,7885.0,1.0
454.0,7912.0,1.0
454.0,8001.0,1.00093131048379
454.0,8380.0,1.000871234112593
454.0,8881.0,1.0
454.0,9220.0,1.0009293289552306
454.0,9973.0,1.0002983297351198
454.0,1653.0,1.0
454.0,1805.0,1.0
454.0,2314.0,1.0
454.0,2342.0,1.000159378550406
454.0,2485.0,1.0
454.0,2495.0,1.0
454.0,1652.0,1.0007599535459502
454.0,1566.0,1.0
466.0,1744.0,1.0013690623505316
482.0,6389.0,1.0029014781128582
396.0,447.0,1.004482109989645
412.0,733.0,1.0022645649755586
417.0,2938.0,1.0004022147668887
427.0,5385.0,1.0036176466428994
427.0,11035.0,1.000195114656468
432.0,598.0,1.0018812459631734
432.0,57.0,1.0
386.0,2968.0,1.0022856974186056
386.0,13606.0,1.0002410347337838
386.0,1669.0,1.0
386.0,377.0,1.0
386.0,10702.0,1.0011169671373863
386.0,9621.0,1.0
386.0,6187.0,1.0016198488313204
386.0,9266.0,1.0
386.0,9004.0,1.000939986993588
386.0,2799.0,1.0
386.0,717.0,1.0002250214597301
386.0,743.0,1.0
386.0,796.0,1.0000283497003557
386.0,979.0,1.0008161628312977
386.0,4271.0,1.0007998763163688
386.0,6555.0,1.0
386.0,6562.0,1.0
386.0,7589.0,1.0
386.0,7722.0,1.0
386.0,7998.0,1.000674925709607
386.0,6139.0,1.0008357891170103
386.0,5881.0,1.0004982821921973
386.0,617.0,1.0006383157690004
486.0,569.0,1.0
486.0,3451.0,1.0010544296796609
486.0,1374.0,1.0
486.0,1438.0,1.0
486.0,2417.0,1.0
619.0,5133.0,1.0007254592211614
619.0,5321.0,1.0
619.0,9030.0,1.0
619.0,10996.0,1.0004078588672785
619.0,14129.0,1.0015423943421644
619.0,15052.0,1.0001920597926264
619.0,2829.0,1.0005994639605296
604.0,10974.0,1.0
612.0,4135.0,1.0002218184616707
612.0,2314.0,1.0
637.0,19521.0,1.0020187371525577
641.0,2934.0,1.0002185546661069
646.0,13777.0,1.0022514338216773
657.0,2231.0,1.0021805249065525
657.0,2523.0,1.0021964431463979
631.0,598.0,1.0012844487112336
631.0,1613.0,1.0014292609835798
631.0,2334.0,1.0
631.0,7121.0,1.0007856707469
627.0,4681.0,1.002092434646591
599.0,1246.0,1.0031376012973454
496.0,2578.0,1.0
525.0,34409.0,1.0023905440822167
525.0,45591.0,1.001945138242325
525.0,19914.0,1.001575063042537
525.0,46107.0,1.0040169219679078
553.0,40718.0,1.0
553.0,19408.0,1.001012654107295
553.0,3544.0,1.0019411056886918
530.0,575.0,1.0
530.0,1038.0,1.0012452489968342
530.0,1508.0,1.000782837714169
549.0,3748.0,1.0026318864206216
212.0,1499.0,1.000706299931933
212.0,944.0,1.0011395450641727
238.0,2667.0,1.0013155620232963
238.0,5993.0,1.0017912839865695
238.0,6035.0,1.0019642356807446
238.0,9045.0,1.0009386498136126
246.0,2150.0,1.0022993217006475
249.0,1311.0,1.0
249.0,4574.0,1.0020529313872335
249.0,6828.0,1.0
263.0,1384.0,1.001563935955395
263.0,546.0,1.0001731835268934
263.0,51878.0,1.0016508205409007
263.0,3316.0,1.0889136881393846
263.0,7739.0,1.0
196.0,10041.0,1.000697173223321
196.0,17047.0,1.0000684839371472
196.0,24100.0,1.0
196.0,31338.0,1.0
196.0,34902.0,1.0
196.0,51841.0,1.0019916503535327
196.0,136.0,1.0
196.0,23667.0,1.0010646713178686
196.0,6218.0,1.0
196.0,6647.0,1.0
196.0,9792.0,1.0007506231380616
196.0,12463.0,1.0006064454148627
196.0,4265.0,1.0002844212372615
196.0,504.0,1.0
196.0,2322.0,1.0
196.0,2458.0,1.0
273.0,4165.0,1.0
279.0,6386.0,1.0
293.0,136.0,1.000722927021707
294.0,1244.0,1.0005416035564552
300.0,4156.0,1.0010068609789113
188.0,453.0,1.0002781873084476
188.0,1039.0,1.0
188.0,88.0,1.0
190.0,460.0,1.0009047721253814
165.0,27056.0,1.0003174376999893
165.0,32622.0,1.001709041064912
165.0,44903.0,1.0
165.0,40602.0,1.0007884076782252
165.0,36609.0,1.0
165.0,8905.0,1.0
165.0,20318.0,1.000229956115381
165.0,37554.0,1.0
165.0,8017.0,1.0003047940076526
165.0,48523.0,1.0003220301950415
165.0,50037.0,1.0
165.0,50511.0,1.0
165.0,4740.0,1.0750663397434506
165.0,10555.0,1.0
165.0,16194.0,1.00098201100315
165.0,17684.0,1.0
165.0,19693.0,1.0
165.0,20621.0,1.0
165.0,27877.0,1.0023027229545254
165.0,37967.0,1.0
165.0,43189.0,1.0017996929794648
165.0,28560.0,1.0001959010502126
165.0,30868.0,1.0012721563047888
165.0,31078.0,1.0014536125727183
165.0,31103.0,1.0015313024204564
165.0,32023.0,1.0
165.0,32808.0,1.0010721059195535
165.0,4139.0,1.001013852989685
165.0,8472.0,1.0000595300711355
165.0,8936.0,1.0
165.0,6375.0,1.0005929963232707
185.0,361.0,1.0020662146859844
187.0,399.0,1.0005691749964625
342.0,450.0,1.0001478752275927
342.0,1783.0,1.0021542058657191
342.0,16104.0,1.001490534775872
349.0,570.0,1.0
349.0,7060.0,1.0023646565659752
349.0,7285.0,1.0024030242627706
349.0,7454.0,1.000717289730051
373.0,981.0,1.0013142681720733
374.0,4124.0,1.0
374.0,5575.0,1.00093844328242
374.0,8902.0,1.0010381621718778
374.0,10619.0,1.0
374.0,5519.0,1.0019170551150747
374.0,3411.0,1.0
374.0,3798.0,1.0008758590098152
374.0,4081.0,1.0001195769154587
374.0,4133.0,1.000311300855889
334.0,1852.0,1.0012601093778597
328.0,1624.0,1.07863250718296
328.0,1384.0,1.0028434511856157
328.0,1255.0,1.0012984625205297
328.0,3364.0,1.000251711282669
661.0,2644.0,1.0025622542008732
661.0,2203.0,1.002476017539331
1081.0,1569.0,1.0014674354638178
1094.0,4561.0,1.0029487078825041
1110.0,1444.0,1.0026290067531904
1110.0,1338.0,1.0013694624807952
1110.0,1417.0,1.002549973420525
1111.0,38770.0,1.0026012144617233
1073.0,8329.0,1.002575826703345
1063.0,5415.0,1.0012006315589772
1063.0,4890.0,1.0004712863368814
1063.0,2047.0,1.0013132591657399
1132.0,16414.0,1.0016305638124
1183.0,3049.0,1.001255246937544
1183.0,6271.0,1.0003376905948724
1183.0,3082.0,1.0011393918415052
1183.0,2021.0,1.0
1183.0,2167.0,1.0
1205.0,1829.0,1.0020399197555483
1134.0,7648.0,1.0
1150.0,34687.0,1.0006944189345923
1044.0,36304.0,1.0
1044.0,38907.0,1.0007153052856954
1044.0,25217.0,1.0
1044.0,36158.0,1.0
1044.0,42364.0,1.0
1044.0,38802.0,1.0
1044.0,36457.0,1.0
1044.0,5514.0,1.0
1044.0,1499.0,1.0
1044.0,3364.0,1.0
1044.0,1392.0,1.0
1044.0,30874.0,1.002004929911886
1044.0,36482.0,1.0
1044.0,14533.0,1.0001196786477853
1044.0,14569.0,1.000041404885298
1044.0,14832.0,1.0
1044.0,22864.0,1.0003539741385141
1044.0,23374.0,1.0005365999250364
1044.0,2802.0,1.0012785258921753
1044.0,3327.0,1.0003801043172558
1044.0,5499.0,1.0019806691401403
1044.0,6438.0,1.0
1044.0,6633.0,1.0010737341121514
1044.0,7055.0,1.0003348495795839
1044.0,3691.0,1.0000043710932878
1061.0,2199.0,1.0
1061.0,2241.0,1.0
1061.0,4639.0,1.0
1049.0,1449.0,1.0002499067861774
1049.0,43894.0,1.0008294025588775
1208.0,2311.0,1.0
1580.0,4724.0,1.0026422308754372
1580.0,23537.0,1.004992596125084
1618.0,1976.0,1.0021032118312425
1624.0,1059.0,1.0025269265655592
1626.0,4508.0,1.0009015679399529
1626.0,2867.0,1.0
1403.0,7188.0,1.0
1408.0,15005.0,1.0001454082703602
1409.0,301.0,1.0007196617824616
1409.0,1670.0,1.0026978616395144
1398.0,3506.0,1.0
1398.0,2117.0,1.000286994047032
1398.0,2175.0,1.0016961619373634
1398.0,2910.0,1.0017325459940964
1690.0,5849.0,1.0014662154033802
1690.0,4203.0,1.0011202441877949
1690.0,4692.0,1.0
1703.0,2211.0,1.000380216778164
1708.0,2167.0,1.0012097187109614
1735.0,2064.0,1.0
1735.0,4098.0,1.0
1735.0,6381.0,1.0
1679.0,1896.0,1.001219239534844
1337.0,2938.0,1.0
1337.0,22534.0,1.0
1337.0,2330.0,1.000171368200946
1337.0,1825.0,1.0
1337.0,4607.0,1.0
1305.0,8370.0,1.0030221668628445
1305.0,7407.0,1.0040158189332864
1283.0,6921.0,1.001311519583733
1299.0,23317.0,1.0031408630097256
1299.0,40922.0,1.0024472897545007
1300.0,5141.0,1.0015801800851698
1343.0,2039.0,1.002869733873604
1343.0,2350.0,1.0
1343.0,2104.0,1.0017264972610231
1343.0,2236.0,1.0003212920644349
1343.0,1745.0,1.0
914.0,2001.0,1.000917373654186
914.0,18812.0,1.0010351808868618
878.0,3433.0,1.001088835610311
880.0,890.0,1.0026779677673112
949.0,45631.0,1.000049419156751
949.0,9727.0,1.0008972687715525
949.0,35751.0,1.000502438932823
949.0,2150.0,1.0
949.0,5459.0,1.0
949.0,1895.0,1.0005274562036806
949.0,2304.0,1.0
949.0,3188.0,1.0
949.0,8920.0,1.0
949.0,9420.0,1.0
949.0,10710.0,1.0002448826360206
949.0,10932.0,1.0001701243282453
949.0,12472.0,1.0
949.0,18767.0,1.0
949.0,6489.0,1.0
949.0,7239.0,1.0
949.0,7327.0,1.0004888507385057
949.0,20251.0,1.0011464688213618
949.0,47914.0,1.0
949.0,43132.0,1.0011506116677422
949.0,22825.0,1.0
949.0,34756.0,1.0
949.0,39180.0,1.0
949.0,39845.0,1.0008603326597478
919.0,4549.0,1.0024219049243386
919.0,5300.0,1.0029305738041572
922.0,1266.0,1.0001927618418343
929.0,1164.0,1.0010918377147384
932.0,9604.0,1.0042050574579293
867.0,4873.0,1.002143398638982
867.0,2103.0,1.0015376885334835
867.0,5026.0,1.001896141003095
867.0,5155.0,1.0020961885427628
867.0,5159.0,1.0015684286486333
710.0,1169.0,1.002624604283426
742.0,2458.0,1.0
782.0,5537.0,1.000378803200093
782.0,7896.0,1.0
782.0,9409.0,1.0020110218544263
800.0,1508.0,1.001974578359374
800.0,1074.0,1.0007721318350642
805.0,40639.0,1.000937800076482
805.0,44376.0,1.0017605677093153
683.0,141.0,1.0026272842669315
669.0,3274.0,1.003622061266089
681.0,1243.0,1.0003901727932387
826.0,3515.0,1.0
826.0,19662.0,1.0007249424644542
826.0,1800.0,1.0
860.0,1118.0,1.0017240766882447
810.0,1825.0,1.0025037212378327
824.0,14766.0,1.0025166450737673
1039.0,15728.0,1.0006826597990202
1039.0,2621.0,1.0011918098312445
1039.0,3327.0,1.0008702126441833
1039.0,3360.0,1.0
1039.0,7527.0,1.0014023676736918
1011.0,4707.0,1.0007295577577122
971.0,2167.0,1.001380055918239
982.0,19786.0,1.0031440216062557
1007.0,3665.0,1.0019403438640582
23.0,6805.0,1.0
23.0,34322.0,1.0
23.0,28589.0,1.0
23.0,41787.0,1.0
23.0,14178.0,1.0000253255950515
23.0,35927.0,1.0008341743272058
23.0,36310.0,1.0
23.0,42363.0,1.0
23.0,4159.0,1.0002867028743834
23.0,19593.0,1.0
23.0,10977.0,1.0000102432805007
23.0,18700.0,1.000047623647544
23.0,4873.0,1.0011447994706602
23.0,43441.0,1.0
23.0,3486.0,1.0008205242869115
23.0,39918.0,1.0017610849465763
23.0,42534.0,1.0
23.0,44984.0,1.0
23.0,42724.0,1.0008181960776719
23.0,31526.0,1.0006589296520896
23.0,50401.0,1.0
23.0,47488.0,1.0
23.0,47551.0,1.0007445935062702
23.0,40288.0,1.0
23.0,9661.0,1.000784370290394
23.0,475.0,1.000243866884515
23.0,2150.0,1.0
23.0,7904.0,1.0
23.0,19447.0,1.0
23.0,7035.0,1.0006794412707802
23.0,5575.0,1.0007438399027677
23.0,4192.0,1.0
23.0,4607.0,1.0
23.0,2802.0,1.0014022531604743
23.0,19786.0,1.0004201872064868
23.0,26799.0,1.0
23.0,27442.0,1.0009980028322598
23.0,27574.0,1.0
23.0,27717.0,1.0
23.0,27675.0,1.0
23.0,22234.0,1.0000689176082396
23.0,23142.0,1.0
23.0,23848.0,1.0000634155820867
23.0,23913.0,1.0007878516584678
23.0,35779.0,1.0007597931027072
23.0,31862.0,1.0
23.0,28844.0,1.0
23.0,30337.0,1.0007161541168987
23.0,31084.0,1.0
23.0,31848.0,1.0007755445304731
23.0,15314.0,1.0016131609488972
23.0,15734.0,1.0007828604747075
23.0,15903.0,1.0014583286533718
23.0,15911.0,1.0
23.0,15928.0,1.0
23.0,16007.0,1.0
23.0,14097.0,1.0014260371505896
23.0,14107.0,1.0005421035191813
23.0,14280.0,1.001007854722658
23.0,14325.0,1.0
23.0,14367.0,1.0
23.0,14381.0,1.0013075805748752
23.0,35981.0,1.0
23.0,19236.0,1.0
23.0,19924.0,1.000747748733635
23.0,20255.0,1.0004859184809858
23.0,16270.0,1.0
23.0,17932.0,1.0
23.0,18489.0,1.0
23.0,18543.0,1.0
23.0,18916.0,1.0
23.0,47786.0,1.0000257096992233
23.0,49702.0,1.001384094987941
23.0,49771.0,1.0006234415951119
23.0,50040.0,1.0
23.0,4448.0,1.0
23.0,47675.0,1.0
23.0,39717.0,1.0
23.0,39980.0,1.0
23.0,42489.0,1.0
23.0,44884.0,1.001427705345254
23.0,44800.0,1.0012807265774155
23.0,44592.0,1.0006185656940856
23.0,42920.0,1.0
23.0,43087.0,1.0005021598438375
23.0,2694.0,1.0017964555912524
23.0,3465.0,1.000948752329336
23.0,3542.0,1.0001750781381864
23.0,2402.0,1.0
23.0,4787.0,1.0
23.0,4978.0,1.0003803360841435
23.0,5238.0,1.0
23.0,4582.0,1.0007033996897654
23.0,4566.0,1.0008001842313792
23.0,4502.0,1.002696134083622
23.0,5343.0,1.0002892325614152
23.0,9504.0,1.0006150562120057
23.0,9981.0,1.0
23.0,8471.0,1.0005870929938532
23.0,8493.0,1.0
23.0,8501.0,1.0000640322625753
23.0,8614.0,1.000224434218616
23.0,8686.0,1.0
23.0,10038.0,1.0009970597566613
23.0,10915.0,1.0009261068349629
23.0,11054.0,1.0
23.0,12507.0,1.0
23.0,13900.0,1.0
23.0,13915.0,1.0
23.0,10080.0,1.0000731904999287
23.0,10154.0,1.0
23.0,10211.0,1.0007742561577846
23.0,10435.0,1.0010653668090272
23.0,8217.0,1.0007412287271966
23.0,6493.0,1.0008356732977632
23.0,6553.0,1.0005387902250273
23.0,6561.0,1.0
23.0,6643.0,1.0
23.0,6648.0,1.0000998241825751
23.0,6723.0,1.0017407762274804
23.0,6745.0,1.000232539202263
23.0,6769.0,1.0
23.0,6847.0,1.000618041989184
23.0,5711.0,1.0
23.0,5912.0,1.000226067361679
23.0,6024.0,1.001520444205306
23.0,6208.0,1.0029733307704947
23.0,6275.0,1.0015662366157447
23.0,7857.0,1.0
23.0,7044.0,1.001175314033042
23.0,7092.0,1.0
23.0,2693.0,1.0
24.0,18.0,1.0436856613068937
24.0,1678.0,1.042737796838841
24.0,956.0,1.0432225180208656
24.0,5373.0,1.0432522142764866
24.0,643.0,1.0421426227771995
34.0,4398.0,1.000533149717615
34.0,475.0,1.0009605237925578
34.0,1255.0,1.0004490046796546
34.0,32.0,1.0004476066159926
34.0,950.0,1.0016963750877288
34.0,12.0,1.0
34.0,210.0,1.0
34.0,297.0,1.0018084131527052
34.0,514.0,1.0016193792048622
34.0,1540.0,1.0
35.0,9830.0,1.0006922742410496
35.0,17313.0,1.0
35.0,18392.0,1.0009223532887082
15.0,361.0,1.003580944754339
11.0,6377.0,1.0010561981137733
5.0,50205.0,1.0
5.0,6664.0,1.0001629832095316
5.0,44947.0,1.0
5.0,40107.0,1.0
5.0,231.0,1.0025199664439317
5.0,2667.0,1.0
5.0,256.0,1.0
5.0,1700.0,1.0
5.0,1355.0,1.000961583702641
5.0,1276.0,1.0005057239272128
5.0,6095.0,1.001051843213915
5.0,278.0,1.0
5.0,2922.0,1.0003888871392845
5.0,434.0,1.001496629951661
5.0,218.0,1.000462363441625
5.0,14110.0,1.000545438262782
5.0,14988.0,1.0002996211582613
5.0,15819.0,1.0014624859457302
5.0,19151.0,1.0008327360290727
10.0,3748.0,1.0032222237212725
10.0,262.0,1.0024177639272607
104.0,2761.0,1.0177947621763868
104.0,30796.0,1.0177083992819236
104.0,3506.0,1.016013562441947
104.0,18420.0,1.020676479192656
104.0,2069.0,1.0190803549648422
104.0,2262.0,1.0184228940494453
104.0,23060.0,1.0179692774187146
104.0,40348.0,1.0180842779634756
104.0,30862.0,1.0192024747642836
104.0,30907.0,1.0171375194925205
104.0,32028.0,1.0169498142316526
104.0,33114.0,1.0177830551697382
104.0,36421.0,1.0198089745779895
104.0,16213.0,1.0163257748964876
104.0,20698.0,1.01694092517584
104.0,26574.0,1.0146803769093966
104.0,27364.0,1.018955903847815
104.0,38657.0,1.021029217225815
104.0,39432.0,1.019669042246916
104.0,10574.0,1.0177219025842845
104.0,41779.0,1.0178849777931864
123.0,487.0,1.0018711148769774
123.0,535.0,1.0020167536497757
123.0,243.0,1.001953364075262
141.0,227.0,1.0032010598051335
143.0,1801.0,1.0
143.0,2975.0,1.0
143.0,32025.0,1.0
143.0,35263.0,1.0
114.0,260.0,1.001710542515746
106.0,41274.0,1.0008722234081802
110.0,100.0,1.0
113.0,1091.0,1.000091270396629
96.0,10606.0,1.000256685231763
96.0,34322.0,1.0032325104715005
96.0,154.0,1.0034361769729812
96.0,9193.0,1.003396780078226
96.0,7450.0,1.0038285274488385
96.0,36064.0,1.0050673748102261
96.0,956.0,1.0035326899449357
96.0,2587.0,1.0038332498900067
96.0,2417.0,1.002861055559784
96.0,2540.0,1.0047899007529586
96.0,34756.0,1.0024501238585624
96.0,262.0,1.0032839809271177
96.0,25173.0,1.002022204323265
96.0,28536.0,1.0038037178279193
96.0,39742.0,1.0055701172208291
96.0,2466.0,1.0050415299033582
96.0,138.0,1.006251653113194
96.0,8490.0,1.003083969438207
96.0,8807.0,1.0025931643621504
96.0,9149.0,1.0031318384203873
96.0,8286.0,1.0027823531962312
96.0,7315.0,1.0049645025180443
96.0,7413.0,1.0038617430330021
96.0,7489.0,1.004708710964421
96.0,7272.0,1.0042020400660083
96.0,19177.0,1.0028886370063215
96.0,19312.0,1.0043550944675586
96.0,19395.0,1.0052494901362663
96.0,13772.0,1.0020709930309275
96.0,18415.0,1.0024969639487495
96.0,1782.0,1.0045244825724438
96.0,1960.0,1.003762258120843
96.0,1994.0,1.0043983043525329
96.0,552.0,1.004683372411281
96.0,6016.0,1.0045505926526097
96.0,6325.0,1.0025374133332172
96.0,2612.0,1.003726818047643
96.0,2629.0,1.003555573043862
96.0,2649.0,1.0032547578777062
96.0,5283.0,1.0039319311584403
100.0,250.0,1.0
100.0,269.0,1.0007950790121105
100.0,303.0,1.0010555613864274
100.0,3345.0,1.0014884210367496
100.0,225.0,1.0
98.0,57.0,1.0006086637731013
155.0,8067.0,1.001453165810462
80.0,4886.0,1.0012972213368136
80.0,101.0,1.0
80.0,5366.0,1.0004282590234672
80.0,2243.0,1.0
80.0,3612.0,1.0
82.0,41.0,1.0
82.0,453.0,1.0
82.0,3635.0,1.0014021349855577
82.0,2839.0,1.0
82.0,1101.0,1.0
82.0,1604.0,1.0003528803548998
82.0,1746.0,1.0
82.0,2178.0,1.0002277486047721
82.0,6355.0,1.0
82.0,5323.0,1.0
83.0,74.0,1.0001403190494518
83.0,377.0,1.0
83.0,100.0,1.0
83.0,275.0,1.0003331960913153
83.0,23896.0,1.0
85.0,68.0,1.0015779953096364
90.0,570.0,1.0
79.0,15336.0,1.0003168377184861
79.0,15886.0,1.0010428741605373
79.0,162.0,1.0
79.0,4630.0,1.0011831637253883
79.0,5021.0,1.0007642498952283
79.0,8929.0,1.0012980942892888
39.0,1238.0,1.0
39.0,1366.0,1.0019331828143654
39.0,6001.0,1.0012563952347782
43.0,2862.0,1.0012122756865989
45.0,369.0,1.0011900519306556
45.0,297.0,1.0016362908541898
45.0,4840.0,1.0
45.0,7783.0,1.0
45.0,7953.0,1.0
78.0,315.0,1.0002880078318483
64.0,22529.0,1.0004145794867196
64.0,1976.0,1.000564312873441
64.0,156.0,1.0013555966392915
64.0,6888.0,1.0010123915140179
48.0,59.0,1.0015992384261798
49.0,976.0,1.002777722077044
49.0,30094.0,1.002687790533486
6656.0,18173.0,1.0163889032014364
6656.0,19974.0,1.0168370773058688
6656.0,10625.0,1.017401179414486
6656.0,9377.0,1.016843144508329
6656.0,8157.0,1.0168541703951832
6656.0,22002.0,1.0133570417213378
6656.0,8699.0,1.0173136385579664
6656.0,9466.0,1.01653659518367
6656.0,8377.0,1.017820480842239
6656.0,11071.0,1.0173723094108982
6656.0,19281.0,1.0173222848790804
6656.0,23404.0,1.0173357861426489
6656.0,19027.0,1.0175642514134822
6656.0,18732.0,1.0158911083601256
6656.0,16369.0,1.0175003021245441
6656.0,16400.0,1.0178336269154382
6629.0,27223.0,1.0001844267077165
6629.0,9920.0,1.0001071353158784
6629.0,15745.0,1.0
6629.0,16829.0,1.0000299043188259
6629.0,22395.0,1.0016126006819366
6629.0,17519.0,1.0
6629.0,21907.0,1.0011428201954402
6629.0,20115.0,1.0000071561636488
6629.0,18338.0,1.0007281910383876
6629.0,2141.0,1.0004340686656679
6629.0,26730.0,1.0001855394693013
6629.0,30975.0,1.0008238634512094
6629.0,44348.0,1.0014915387329777
6629.0,17483.0,1.0010268450633817
6629.0,17966.0,1.0002730795388666
6652.0,10469.0,1.001306523134364
6444.0,20880.0,1.002508095960003
6507.0,43193.0,1.0023860359220507
6533.0,9029.0,1.0002144144187137
6933.0,14232.0,1.0010543095024498
6933.0,9099.0,1.0014845784179924
6933.0,2168.0,1.0028200924295523
6933.0,10566.0,1.0007925525458385
6956.0,20073.0,1.0012081597571891
7000.0,9184.0,1.0032954470199047
7040.0,4771.0,1.0023129466180383
7052.0,6191.0,1.0024589911393416
6862.0,9019.0,1.034805568304694
6862.0,10768.0,1.0325300891963591
6876.0,2600.0,1.0026379740968567
6876.0,9019.0,1.0015569068375956
6876.0,9704.0,1.0000745216422495
7188.0,10906.0,1.0
7188.0,19577.0,1.0006892110461363
7188.0,15768.0,1.0022043749815817
7188.0,10462.0,1.0006171204648435
7189.0,4456.0,1.0029371969432712
7202.0,14028.0,1.0008289709818319
7202.0,14848.0,1.0022265265849193
7211.0,9543.0,1.0050240854959245
7280.0,8731.0,1.0
7280.0,23213.0,1.0
7152.0,44245.0,1.000633252133278
7164.0,10049.0,1.0025761642014115
6710.0,37081.0,1.0
6710.0,20502.0,1.0009452230685059
6710.0,36162.0,1.0
6710.0,47679.0,1.0011163417303397
6673.0,9220.0,1.0046761759043554
6815.0,9971.0,1.0013615902178556
6844.0,47906.0,1.0
6844.0,15416.0,1.0004351919665835
6794.0,8933.0,1.0023053527838
6397.0,18566.0,1.0003515660511324
5337.0,18329.0,1.0
5337.0,43742.0,1.0016635392307665
5337.0,38351.0,1.000618078830812
5337.0,2215.0,1.0017578593567054
5337.0,13612.0,1.003404575952615
5337.0,19126.0,1.0
5337.0,34813.0,1.0
5326.0,10410.0,1.0016178718861704
5186.0,28403.0,1.0010101628947743
5186.0,8682.0,1.002406837635517
5272.0,3420.0,1.000777110944553
5278.0,25316.0,1.0021424943818924
5510.0,23814.0,1.003058059350653
5580.0,3371.0,1.0039333245817565
5617.0,7353.0,1.0
5686.0,7486.0,1.0027419464051832
5696.0,8049.0,1.00074877139182
5487.0,10680.0,1.0015622683050869
5487.0,17547.0,1.0023393032253072
5487.0,37960.0,1.0004220180327819
5388.0,7093.0,1.001973930044808
5422.0,7882.0,1.0038916837217473
5462.0,7160.0,1.0043041179449435
5120.0,8615.0,1.0013545598593718
5121.0,6704.0,1.0032245410551406
5125.0,50642.0,1.0
5125.0,49979.0,1.0011900776177767
5139.0,5268.0,1.0023030979426613
5142.0,12276.0,1.0020348105887302
5079.0,16175.0,1.0
5079.0,26478.0,1.0
5079.0,34972.0,1.0005013397721767
5167.0,49932.0,1.0
5167.0,35318.0,1.0018963812396164
5167.0,35904.0,1.0008539874534537
5167.0,9884.0,1.0
5167.0,27103.0,1.0001916344108688
5167.0,32252.0,1.0012530271140847
6236.0,17775.0,1.0005128470070561
6254.0,49708.0,1.0
6254.0,18668.0,1.000734079428791
6256.0,8650.0,1.0022435398857328
6263.0,16665.0,1.0016304674664696
6268.0,8057.0,1.004477508642521
6272.0,2112.0,1.0003070034980814
6272.0,399.0,1.0
6308.0,41647.0,1.0
6308.0,22709.0,1.0
6308.0,48351.0,1.0
6308.0,37922.0,1.000506849580135
6308.0,38637.0,1.0
6308.0,41004.0,1.0
6321.0,6839.0,1.0
6285.0,8146.0,1.0028698356329975
5844.0,36638.0,1.0020443017779073
5850.0,7680.0,1.0017469677789403
5877.0,10204.0,1.0019219351104145
5885.0,7931.0,1.0
5898.0,7668.0,1.001061054730195
5961.0,14772.0,1.0038812498402605
5961.0,18381.0,1.0046851019317495
5973.0,8056.0,1.0008228728446724
5973.0,9759.0,1.000953104722231
5827.0,23136.0,1.0024345208816854
5811.0,7666.0,1.0017208292262965
5730.0,41636.0,1.0006203450702356
5775.0,7267.0,1.000590836130139
5775.0,9502.0,1.0
5775.0,9554.0,1.0013143934239643
5775.0,13801.0,1.0015337164515254
6181.0,8516.0,1.0034890084519892
6185.0,5332.0,1.0023473138639722
6190.0,8055.0,1.002075915853013
6228.0,17481.0,1.003631403895556
6042.0,7589.0,1.0001222477225054
5027.0,20700.0,1.004179999110403
5027.0,23145.0,1.0036200166787697
9094.0,51914.0,1.0044768824494528
9113.0,12472.0,1.002071202834732
10208.0,13581.0,1.001142871483003
10232.0,548.0,1.003914720305188
10240.0,13578.0,1.0046035336133088
8980.0,8757.0,1.0010108257426888
8980.0,13814.0,1.0009033637357854
9039.0,37119.0,1.0034093202893333
9085.0,12469.0,1.0017823931097982
10622.0,14524.0,1.0033823688151235
10630.0,9938.0,1.0
10611.0,18727.0,1.0
10516.0,11249.0,1.003874411945978
10570.0,13907.0,1.001214091344078
8755.0,12438.0,1.0
8755.0,22815.0,1.0002047585631224
8755.0,14263.0,1.0018473291620926
8755.0,28122.0,1.0
8755.0,15483.0,1.0007521851671048
8755.0,14280.0,1.0007799315626857
8755.0,7353.0,1.0
8755.0,16228.0,1.0004097440515196
8755.0,14680.0,1.0
8755.0,32613.0,1.0012538029877183
8755.0,20211.0,1.0003391950250207
8755.0,23304.0,1.0
8755.0,26841.0,1.0
8755.0,13874.0,1.0011071408801402
8755.0,14343.0,1.0
8755.0,14454.0,1.0007693178669863
8755.0,11207.0,1.0
8755.0,13785.0,1.0
8755.0,13807.0,1.000523213094517
8755.0,14026.0,1.0
8755.0,17189.0,1.0
8755.0,17392.0,1.0003125018565155
8755.0,18660.0,1.0
8755.0,11075.0,1.0
8858.0,11187.0,1.003812128815459
8865.0,40096.0,1.0
8865.0,46056.0,1.0001658189913005
8865.0,39295.0,1.0005352394631515
8865.0,18338.0,1.0006301990810895
8865.0,39830.0,1.0000737318729183
8883.0,49721.0,1.0
8930.0,19994.0,1.000114629453319
11387.0,19092.0,1.0
11387.0,28376.0,1.0009451729792034
11400.0,11187.0,1.0026638908774528
11430.0,15086.0,1.0012162805936642
11430.0,16265.0,1.0019138182702398
11374.0,14881.0,1.0027362827149577
11209.0,30469.0,1.0004549853400797
11209.0,641.0,1.0
11209.0,22544.0,1.0012255223519397
11209.0,38909.0,1.0009274680492044
11209.0,15167.0,1.000099525727588
11209.0,16010.0,1.0008150106168474
11209.0,18246.0,1.0016819421876522
11209.0,14639.0,1.0000386433904103
11209.0,6577.0,1.0
11313.0,14837.0,1.00462384762192
11384.0,3737.0,1.0052292759631847
11643.0,1059.0,1.001711244136981
11643.0,40967.0,1.0008704593656093
11643.0,31908.0,1.0009361900288243
11657.0,7341.0,1.0024436245214965
11515.0,1586.0,1.0001761851195072
11551.0,14983.0,1.0019656438123345
11577.0,15055.0,1.0004531885543695
11591.0,41240.0,1.0045662901358383
11616.0,50551.0,1.0041750293225515
10784.0,9228.0,1.0015904629209553
10966.0,23750.0,1.0055799308432702
10996.0,9316.0,1.001283632806969
10996.0,17229.0,1.0014353782685002
11077.0,14562.0,1.0031873164731806
11084.0,907.0,1.000774928150799
11089.0,14301.0,1.002327680694624
11136.0,10540.0,1.0023660560644998
11147.0,14645.0,1.0049638918155126
11169.0,6686.0,1.001255082769589
8163.0,10909.0,1.0013108625482363
8163.0,2282.0,1.0051296719198959
8163.0,10737.0,1.0017283020769174
8163.0,3465.0,1.0033676361024295
8188.0,17446.0,1.0006393434338785
8188.0,34220.0,1.0006764475850811
8188.0,15235.0,1.000583111636786
8188.0,14983.0,1.0005770504893154
8188.0,19212.0,1.0022601224318963
8188.0,23877.0,1.0020992908352524
8081.0,22173.0,1.0020641563050177
8076.0,7531.0,1.0044582597005152
7922.0,8630.0,1.0010191068187364
7927.0,8630.0,1.0012562995154974
7992.0,10274.0,1.0003208987046335
7998.0,14958.0,1.0023491629011687
7998.0,15838.0,1.0
7998.0,18012.0,1.0003932213842999
8014.0,2.0,1.002967089513775
8040.0,10302.0,1.001110392886372
8256.0,48201.0,1.0033796806200916
8380.0,15034.0,1.000820352527671
8380.0,7011.0,1.001666770856135
8380.0,10692.0,1.000166958855821
8211.0,10408.0,1.0033826282695455
8192.0,36965.0,1.0025889583978307
8192.0,36480.0,1.0016863548761445
7450.0,10159.0,1.0027298008300884
7450.0,6166.0,1.0023960512773546
7496.0,9849.0,1.0006456358158113
7505.0,4290.0,1.0027874228621656
7550.0,9832.0,1.00402404790189
7569.0,9981.0,1.0012524268951133
7569.0,10425.0,1.0019314533614816
7569.0,12491.0,1.0031093557770028
7569.0,16416.0,1.002302889083636
7395.0,9788.0,1.0
7395.0,10003.0,1.002429861238991
7302.0,9585.0,1.0011876872539096
7329.0,9139.0,1.002405174802325
7336.0,805.0,1.0009940861699111
7336.0,8373.0,1.0023653123477856
7336.0,9609.0,1.0025170719631278
7387.0,18950.0,1.0039203195126516
7387.0,9422.0,1.0020863690333022
7387.0,19211.0,1.0026276611879248
7772.0,9956.0,1.0043568624450192
7646.0,15351.0,1.0020915081811634
7654.0,402.0,1.001113583819627
7654.0,23479.0,1.0019442904015832
8436.0,50094.0,1.0008835696703169
8436.0,11255.0,1.0
8436.0,17655.0,1.0008708483239117
8497.0,11024.0,1.0031459132807679
8385.0,7083.0,1.0
8691.0,19830.0,1.0007911897383106
8691.0,13652.0,1.0
8691.0,14247.0,1.001343774892575
8691.0,13972.0,1.0017228079274045
8725.0,8420.0,1.000808039316201
8532.0,17057.0,1.0007813216702748
8532.0,2215.0,1.0020168850300035
8532.0,15361.0,1.0000374618732504
8690.0,11034.0,1.0015585775498597
8690.0,14540.0,1.0009405834305045
5005.0,8771.0,1.0019043558140661
2703.0,1456.0,1.0119636559537988
2703.0,17811.0,1.0186027208307522
2703.0,36178.0,1.0173499091785478
2703.0,16742.0,1.0176640195337403
2703.0,16920.0,1.0152756209966476
2703.0,6572.0,1.0175297941530883
2703.0,16414.0,1.0175029885751892
2703.0,17451.0,1.0174557198298322
2703.0,10301.0,1.0182580075971863
2703.0,22809.0,1.0178819225668245
2703.0,26627.0,1.0173575934141388
2703.0,41562.0,1.0164989658084913
2703.0,38520.0,1.0172279538857112
2703.0,27329.0,1.0156598883972985
2703.0,4320.0,1.017974950777333
2703.0,3616.0,1.0192307942444196
2703.0,17723.0,1.0173085093003886
2703.0,4421.0,1.0175000327550048
2703.0,4796.0,1.0184050089459764
2703.0,23877.0,1.0193534426464654
2703.0,14984.0,1.0172297809475148
2703.0,18708.0,1.0161052286405923
2703.0,18824.0,1.0191743303819334
2703.0,18833.0,1.0177459918818312
2703.0,22015.0,1.0186514500075903
2703.0,18280.0,1.0175939222643935
2703.0,17572.0,1.0169469084775205
2703.0,17610.0,1.0170523207964621
2703.0,18004.0,1.0180735507200194
2703.0,18199.0,1.0179221601751023
2703.0,23731.0,1.0169052238772995
2703.0,24005.0,1.0176355407970994
2703.0,24050.0,1.017626283784933
2703.0,22862.0,1.0164827469115416
2703.0,23083.0,1.018726593118365
2703.0,23108.0,1.0172296562772256
2703.0,23216.0,1.0176493162126938
2703.0,23326.0,1.0192496377568525
2703.0,23358.0,1.0181566726555056
2703.0,17501.0,1.017203858744926
2703.0,17461.0,1.017584433433656
2703.0,3201.0,1.0165804729856456
2703.0,12513.0,1.016703379029302
2703.0,14626.0,1.018368630292549
2703.0,15252.0,1.0169681918656979
2703.0,4434.0,1.016217303707528
2703.0,8306.0,1.0182175155539277
2703.0,35364.0,1.017355005031726
2703.0,26724.0,1.0176916233531115
2703.0,26968.0,1.0165994382858148
2703.0,17881.0,1.0164680742022827
2603.0,7188.0,1.0
2603.0,9609.0,1.0
2603.0,17054.0,1.0
2603.0,9273.0,1.0
2603.0,10985.0,1.0
2637.0,5719.0,1.0017956559613845
2697.0,3821.0,1.0043135373481418
2995.0,3433.0,1.000904373712014
3068.0,5691.0,1.0006487580824863
3068.0,3550.0,1.0015076255487234
2974.0,4221.0,1.0011398345927904
2857.0,3348.0,1.0016289293027758
2867.0,3371.0,1.0022730691666493
2893.0,3383.0,1.0
2944.0,3433.0,1.000240127464703
2954.0,3433.0,1.002009237764296
2958.0,3000.0,1.0027456497477687
3126.0,8146.0,1.001094330798023
3126.0,10579.0,1.0003198577232584
3126.0,7765.0,1.0005607540665649
3126.0,8154.0,1.0
3126.0,5337.0,1.0
3126.0,10183.0,1.0012785160079982
3126.0,3058.0,1.0002816510965475
3114.0,4845.0,1.002643754881661
3114.0,4597.0,1.0024362028240157
3114.0,3070.0,1.0016430239410552
2722.0,3150.0,1.04429894085636
2722.0,1570.0,1.0419920296120178
2722.0,3235.0,1.0433385609448547
2722.0,4087.0,1.043815218026774
2828.0,35536.0,1.0004324463157042
2828.0,48450.0,1.0
2828.0,27634.0,1.002426828081567
2828.0,34403.0,1.0028764601028501
2033.0,19298.0,1.0
2033.0,27394.0,1.0
2033.0,8771.0,1.0
2033.0,8467.0,1.0
2033.0,9937.0,1.0
2033.0,14299.0,1.0
2033.0,23358.0,1.0
2033.0,10224.0,1.0
2033.0,23306.0,1.0
2033.0,14504.0,1.0
2027.0,5264.0,1.0020085347997847
2027.0,4816.0,1.0020425629787406
2027.0,19665.0,1.0002416564606775
2067.0,1056.0,1.0015438543178579
2080.0,42662.0,1.0024333544622153
2087.0,3049.0,1.0021324624655255
2111.0,2507.0,1.0031488067334333
2114.0,8560.0,1.0042099299258218
2011.0,2314.0,1.0004613032712772
1993.0,16414.0,1.003338074683461
1791.0,1507.0,1.0
1792.0,598.0,1.001098100210581
1792.0,3117.0,1.0010118748712895
1762.0,2361.0,1.0024633166097807
1781.0,4828.0,1.0010564043696815
1781.0,6134.0,1.0037592489141425
1898.0,2074.0,1.00100010635953
1941.0,1823.0,1.0034548579849518
1941.0,2456.0,1.0020501144577303
1808.0,2024.0,1.0029738205297039
1835.0,2561.0,1.0
1835.0,15809.0,1.000589404772121
2158.0,10696.0,1.0
2158.0,3111.0,1.0
2158.0,5421.0,1.0003019292687152
2158.0,9470.0,1.0016171951409938
2158.0,10132.0,1.0012756108085463
2433.0,4709.0,1.0027344037740493
2440.0,2929.0,1.0024234018829485
2459.0,4381.0,1.0
2459.0,4551.0,1.0
2459.0,5199.0,1.0
2459.0,2482.0,1.0
2459.0,4484.0,1.0
2417.0,16071.0,1.0010415106475123
2382.0,5210.0,1.0
2382.0,4989.0,1.0022627565687316
2383.0,8242.0,1.0027608450417922
2408.0,4245.0,1.0011444067722555
2411.0,39573.0,1.0002740559551733
2411.0,40107.0,1.0015749883994913
2465.0,1915.0,1.0
2464.0,5431.0,1.00145248501245
2209.0,5998.0,1.0014437490531323
2224.0,6080.0,1.0025350021172525
2280.0,8067.0,1.0001454046907234
2280.0,3058.0,1.0
2280.0,2796.0,1.0017722800820734
2280.0,2886.0,1.0
2280.0,3016.0,1.0
2280.0,20654.0,1.001294726939642
2280.0,25330.0,1.0001176809382344
2280.0,10618.0,1.0012303076148374
2280.0,3603.0,1.0
2280.0,9984.0,1.0
2192.0,9044.0,1.0
2177.0,3498.0,1.002233204851051
2287.0,2799.0,1.0000943261355597
2356.0,2779.0,1.0014308386051898
3943.0,14123.0,1.0
3943.0,10041.0,1.0006542093088588
3943.0,6574.0,1.0
3943.0,42163.0,1.0
3943.0,7556.0,1.0001132190766249
3943.0,32400.0,1.0
3943.0,2241.0,1.0
3943.0,3665.0,1.0
3943.0,7782.0,1.0003251078367457
3943.0,8197.0,1.0
3943.0,8440.0,1.00057639140645
3943.0,6996.0,1.0
3943.0,6620.0,1.0
3943.0,20159.0,1.0
3943.0,20703.0,1.0
3943.0,10112.0,1.0006688863006634
3943.0,12327.0,1.0
3943.0,8107.0,1.0
3943.0,6673.0,1.0
3943.0,4838.0,1.0001678344862204
3943.0,5951.0,1.000163240395993
3943.0,6434.0,1.0
4020.0,20180.0,1.0032704339436038
4020.0,6828.0,1.0001635774190007
4020.0,20753.0,1.0004771609051597
4020.0,34542.0,1.0026325699917125
4020.0,3487.0,1.0031304662921974
4020.0,9214.0,1.0016001098061307
4020.0,9700.0,1.0026133406078284
4047.0,3429.0,1.000936780642688
4060.0,8912.0,1.001698519957761
4082.0,4847.0,1.0043658338537835
3926.0,3389.0,1.0
3926.0,5523.0,1.0006487788524367
3835.0,41361.0,1.001253292898906
3835.0,50771.0,1.0007605924003236
3835.0,15278.0,1.000039432490109
3835.0,15386.0,1.0018189006330256
3835.0,38520.0,1.0001130640475917
3835.0,805.0,1.0
3835.0,27785.0,1.0
3835.0,31751.0,1.0010801118418873
3835.0,44387.0,1.0005454973922967
3838.0,4886.0,1.001300236466534
3840.0,4845.0,1.002747547437866
4092.0,510.0,1.0
4092.0,5722.0,1.0013417054010585
4092.0,7247.0,1.0
4092.0,12450.0,1.0
4092.0,13604.0,1.001897876351223
4092.0,5756.0,1.0
4092.0,4120.0,1.0007464565859705
4092.0,10919.0,1.0
4092.0,23721.0,1.0
4670.0,10664.0,1.0
4795.0,18423.0,1.0010714889635906
4795.0,31325.0,1.0005284418101048
4795.0,5916.0,1.0000674548162856
4795.0,16093.0,1.0
4795.0,17497.0,1.0011885834570369
4795.0,18137.0,1.00112435558855
4566.0,14886.0,1.0
4566.0,15402.0,1.002440043025224
4566.0,5871.0,1.0
4573.0,5865.0,1.0044510007979885
4616.0,6029.0,1.0032510133209869
4859.0,6264.0,1.000704326170101
4873.0,6272.0,1.003127712838414
4887.0,16672.0,1.0035443722059458
4889.0,6297.0,1.0025586378755822
4903.0,4765.0,1.0030130704213285
4910.0,8535.0,1.0007036870890844
4910.0,8442.0,1.00141414640971
4930.0,6363.0,1.004762412240443
4855.0,8380.0,1.0028611409304486
4527.0,5465.0,1.0002799241112392
4146.0,17209.0,1.0023649623646382
4146.0,22329.0,1.0014689425844
4199.0,5426.0,1.0023898778889775
4226.0,5461.0,1.0006514269456337
4263.0,5499.0,1.0045243268784863
4278.0,5861.0,1.0033626593398717
4278.0,5504.0,1.0029388683877714
4129.0,5413.0,1.0043501225844835
4301.0,23889.0,1.0020234138542858
3451.0,37851.0,1.000149872979671
3451.0,5920.0,1.000079732109027
3451.0,16401.0,1.0
3451.0,8437.0,1.0013603942369016
3458.0,35888.0,1.0018655202839029
3458.0,34482.0,1.0007385909891724
3337.0,4263.0,1.0001813076999384
3343.0,13584.0,1.0021827045759797
3398.0,52110.0,1.0027068234219028
3575.0,41685.0,1.0007575013465264
3575.0,42787.0,1.003032671778127
3606.0,3122.0,1.0015933027287829
3606.0,9267.0,1.0003017561829097
3480.0,8316.0,1.0011590438845916
3499.0,4105.0,1.0001366071806435
3508.0,5300.0,1.0018395575691266
3178.0,44883.0,1.0019505421990442
3178.0,49844.0,1.0
3178.0,40562.0,1.0
3178.0,50647.0,1.000278944091882
3178.0,41191.0,1.000353126110461
3178.0,43096.0,1.0002470214868386
3178.0,44331.0,1.0001156676871066
3178.0,44925.0,1.0
3181.0,3637.0,1.003636316263889
3194.0,4265.0,1.0010909043036154
3194.0,3235.0,1.0002503107651888
3194.0,3831.0,1.0
3206.0,3777.0,1.0030459789590602
3211.0,6905.0,1.0019033410785183
3312.0,2560.0,1.0026422387342209
3312.0,1091.0,1.001429113449434
3312.0,4037.0,1.002664770905356
3252.0,1955.0,1.0032080493594469
3288.0,3074.0,1.0027913382023357
3790.0,15791.0,1.0002277122188132
3790.0,4501.0,1.0008523532785136
3790.0,22002.0,1.0
3790.0,9971.0,1.0001563538806821
3790.0,30094.0,1.0
3790.0,8635.0,1.0001522103401996
3790.0,7680.0,1.0001151438383344
3790.0,17572.0,1.0
3790.0,9278.0,1.0
3790.0,5226.0,1.0
3790.0,10183.0,1.0005201058169206
3790.0,5622.0,1.0
3790.0,14856.0,1.000737688769217
3790.0,10587.0,1.0
3790.0,22579.0,1.000313607196982
3790.0,26876.0,1.0
3790.0,4753.0,1.0
3790.0,5274.0,1.0008846069550164
3790.0,7797.0,1.0
3790.0,6353.0,1.0
3668.0,20304.0,1.0041638006048903
3789.0,4740.0,1.0755884375748233
3677.0,45431.0,1.0017379205291386
3704.0,7670.0,1.0012981922606314
3727.0,4681.0,1.0029650073541463
3768.0,3360.0,1.000683522977911
3776.0,965.0,1.0004618714468159
10939.0,1244.0,1.002010739495101
26157.0,27352.0,1.0018468882108058
