4.0,96.0,1.0013680414425914
4.0,2560.0,1.0028649203849336
25579.0,5003.0,1.071077407248512
25579.0,7652.0,1.0727455717582537
25579.0,8841.0,1.0714760584914047
25579.0,8904.0,1.0726360427257282
25579.0,9158.0,1.0726248413629156
25579.0,4398.0,1.0726635447941322
25579.0,773.0,1.070952589978522
25579.0,1367.0,1.0711903348128018
25579.0,2093.0,1.071463005325106
25579.0,2274.0,1.0720632240274732
25579.0,2968.0,1.070997273504356
25579.0,3803.0,1.0718934114935748
25579.0,9964.0,1.0700980975699648
25579.0,12342.0,1.0722348721986938
25579.0,12373.0,1.0705590876651414
25579.0,13822.0,1.0698965160635383
25579.0,14841.0,1.0692512769593878
25579.0,32076.0,1.0713155406577708
25579.0,32323.0,1.0712951859404785
25579.0,31567.0,1.0724231104079027
25579.0,31608.0,1.072403717002917
25579.0,31708.0,1.07320453993024
25579.0,31967.0,1.0719344914646087
25579.0,32015.0,1.0722235058989402
25579.0,31485.0,1.0703393732526698
25579.0,32694.0,1.0720407502343128
25579.0,34693.0,1.0714592029661802
25579.0,34704.0,1.0708925677671983
25579.0,34743.0,1.0713923176104123
25579.0,34749.0,1.0702288744443196
25579.0,35190.0,1.0703429236193276
25579.0,35334.0,1.0710263703213418
25579.0,35365.0,1.071804794176225
25579.0,35424.0,1.0719134798746537
25579.0,34644.0,1.0717461877282708
25579.0,34322.0,1.0721652250933777
25579.0,27530.0,1.0691495993212679
25579.0,27779.0,1.0726448342021866
25579.0,27794.0,1.072627999620167
25579.0,27982.0,1.0706131436008264
25579.0,27082.0,1.0743610180300314
25579.0,22208.0,1.0717388166646649
25579.0,23395.0,1.0720084491614204
25579.0,23757.0,1.0711313952876282
25579.0,23868.0,1.0699942329911933
25579.0,26712.0,1.0703015315135733
25579.0,31402.0,1.0713481705658898
25579.0,30816.0,1.0717421934210767
25579.0,30873.0,1.0724369876572863
25579.0,30929.0,1.0716789166450775
25579.0,31026.0,1.0700814614640828
25579.0,31206.0,1.07098871572481
25579.0,30078.0,1.0714415537671225
25579.0,30031.0,1.071276409331397
25579.0,28927.0,1.07097903727839
25579.0,28350.0,1.070838969269725
25579.0,28382.0,1.0724996695538045
25579.0,28710.0,1.0700852836438144
25579.0,28858.0,1.0717981851059208
25579.0,35569.0,1.0696701406009779
25579.0,40820.0,1.0724344562229118
25579.0,35637.0,1.0699799837697912
25579.0,37524.0,1.0704438250276531
25579.0,37709.0,1.0702475963251603
25579.0,36224.0,1.0706314232634286
25579.0,36251.0,1.0707092119421628
25579.0,37276.0,1.069992558316237
25579.0,38749.0,1.0724551387582049
25579.0,39512.0,1.071419279889605
25579.0,35624.0,1.0727228289472228
25579.0,37757.0,1.0697126960550267
25579.0,37811.0,1.0708783068080863
25579.0,37916.0,1.0708207942387886
25579.0,38460.0,1.0720637126277037
25579.0,38606.0,1.0723137101861475
25579.0,38283.0,1.0726522595290275
25579.0,37198.0,1.0712807770322172
25579.0,37286.0,1.0719949722613709
25579.0,37440.0,1.071275792523196
25579.0,37603.0,1.0725366600736623
25579.0,37666.0,1.0722887540885315
25579.0,39648.0,1.0727733704409501
25579.0,39770.0,1.0732886766215217
25579.0,39420.0,1.0709226641088625
25579.0,38775.0,1.0724337011868526
25579.0,38921.0,1.0715645642798026
25579.0,39025.0,1.0712047048682078
25579.0,39063.0,1.0720191114735376
25579.0,39075.0,1.0727219428755044
25579.0,39429.0,1.0719250003887715
25579.0,37179.0,1.0703768913211753
25579.0,36074.0,1.0720857855063473
25579.0,36170.0,1.0714161315642874
25579.0,35968.0,1.0717971394028771
25579.0,35711.0,1.0735114806522357
25579.0,35791.0,1.0708068294412232
25579.0,35800.0,1.0721863871205282
25579.0,35848.0,1.0710813819185099
25579.0,35930.0,1.0704863348281495
25579.0,36282.0,1.0720057360417712
25579.0,36837.0,1.0723207067330163
25579.0,36957.0,1.072195076561364
25579.0,37068.0,1.070502191994608
25579.0,37108.0,1.0711099370209107
25579.0,37129.0,1.0702199621084525
25579.0,36327.0,1.0707200121938198
25579.0,36355.0,1.0698893473229802
25579.0,36453.0,1.0712483015777272
25579.0,36513.0,1.0719974110333086
25579.0,36548.0,1.0706681154149376
25579.0,36635.0,1.0709849647733591
25579.0,49875.0,1.070520082741104
25579.0,50540.0,1.0722306535724995
25579.0,48063.0,1.0736795254621805
25579.0,45622.0,1.0718682669686905
25579.0,45834.0,1.0711605999127864
25579.0,45977.0,1.0714972464793977
25579.0,47202.0,1.072379542808754
25579.0,47374.0,1.0719323746640392
25579.0,47805.0,1.0709513282670748
25579.0,45317.0,1.0714732399299898
25579.0,42192.0,1.0703347794702114
25579.0,42259.0,1.0704355920046538
25579.0,42352.0,1.0701413542122258
25579.0,42363.0,1.0713791063304487
25579.0,42416.0,1.0711265604994302
25579.0,41832.0,1.0709545515092747
25579.0,41763.0,1.0708665767369194
25579.0,40602.0,1.0704218588300558
25579.0,40725.0,1.0706013972288566
25579.0,40875.0,1.0696481724769522
25579.0,40881.0,1.0723322930063932
25579.0,40925.0,1.0697878089818345
25579.0,41014.0,1.0732071642276926
25579.0,41494.0,1.071240996309562
25579.0,41736.0,1.0716237328935372
25579.0,42440.0,1.071738747077553
25579.0,43672.0,1.07343921874057
25579.0,44154.0,1.0720529816110524
25579.0,44365.0,1.0709793247058979
25579.0,44901.0,1.0732226189888896
25579.0,45002.0,1.0712863519334168
25579.0,42997.0,1.0737314650290593
25579.0,43036.0,1.070560601331563
25579.0,43274.0,1.0708107458107734
25579.0,45363.0,1.0714534132902864
25375.0,41968.0,1.0007519845141513
25394.0,26590.0,1.0002270835321918
25398.0,48525.0,1.0
25415.0,4956.0,1.0
25415.0,6923.0,1.0
25415.0,36176.0,1.0009125137800148
25415.0,44255.0,1.000232797920131
25415.0,44319.0,1.0002172754866518
25415.0,45694.0,1.0
25415.0,45929.0,1.0004942899473848
25415.0,43496.0,1.0
25415.0,37593.0,1.0
25415.0,38250.0,1.0
25415.0,39334.0,1.0011186439402355
25415.0,39437.0,1.0
25415.0,41842.0,1.0
25120.0,27223.0,1.0009826652560436
25153.0,26486.0,1.0006634792205873
25206.0,40275.0,1.0004216140598197
25220.0,32418.0,1.00135438957214
25281.0,26918.0,1.0001699681349705
25359.0,28279.0,1.0030022296129681
25425.0,16419.0,1.002466244780284
22400.0,23681.0,1.0035021307167546
22400.0,23449.0,1.0018438373699141
22504.0,18951.0,1.000866575873096
22504.0,32951.0,1.0005511658846757
22504.0,32957.0,1.0010820733218548
22504.0,45589.0,1.000844668273427
22385.0,43150.0,1.0020936817552395
22385.0,32719.0,1.0012345841488333
22367.0,16234.0,1.0
22367.0,14090.0,1.0
22367.0,50294.0,1.0
22367.0,52191.0,1.0011100018398524
22367.0,48395.0,1.0012940721585792
22367.0,36029.0,1.002655841449809
22367.0,36594.0,1.0
22367.0,37266.0,1.0
22367.0,38290.0,1.0
22367.0,38491.0,1.0001092228267665
22367.0,39802.0,1.0019027450630043
22367.0,35783.0,1.0004700201933934
22367.0,35608.0,1.0
22367.0,34236.0,1.0
22367.0,34262.0,1.0013506399621381
22367.0,34825.0,1.0
22367.0,34846.0,1.0005958388572074
22367.0,35153.0,1.0007704695141808
22367.0,35431.0,1.0010709211996673
22367.0,35739.0,1.0
22367.0,46029.0,1.0
22367.0,47186.0,1.0
22367.0,47821.0,1.0018054748118106
22367.0,47966.0,1.0004170083427948
22367.0,44662.0,1.0
22367.0,40494.0,1.0003762967496785
22367.0,40665.0,1.0
22367.0,40716.0,1.0009071849891333
22367.0,41000.0,1.000164928253558
22367.0,41250.0,1.0
22367.0,32357.0,1.0006514894685845
22367.0,32298.0,1.0005764741113936
22367.0,4923.0,1.0
22367.0,27758.0,1.0
22367.0,27918.0,1.0
22367.0,31319.0,1.0004852980029213
22367.0,31414.0,1.0
22367.0,31949.0,1.0
22367.0,26535.0,1.0
22367.0,26366.0,1.0
22367.0,7626.0,1.0006617851668291
22367.0,16122.0,1.0000136163484972
22367.0,20420.0,1.0
22682.0,40820.0,1.002318944689625
22682.0,44051.0,1.0020541967636867
22733.0,23743.0,1.0005372057279422
22733.0,24099.0,1.0005528513039907
22784.0,12476.0,1.0002110741740615
22806.0,26460.0,1.0
22522.0,36926.0,1.0008148974444233
22522.0,40535.0,1.0021541406635082
22522.0,40900.0,1.0006928132256177
22545.0,26370.0,1.0010097612365987
22624.0,23619.0,1.0
22879.0,44245.0,1.0036069523924012
23274.0,25262.0,1.0
23293.0,8520.0,1.0028125415118379
23481.0,47350.0,1.0037359642186083
23506.0,44100.0,1.002234444024399
23506.0,45993.0,1.0005813440657843
23506.0,51944.0,1.0023478612609016
23149.0,52155.0,1.002612426475048
23149.0,45017.0,1.0
23149.0,32459.0,1.0016445551978745
23149.0,44175.0,1.002115099196654
23188.0,1333.0,1.002403356354335
23188.0,44935.0,1.0025779850001224
23188.0,47933.0,1.0008280457524463
23203.0,36204.0,1.0041595707306725
23254.0,20860.0,1.0003531950237938
24765.0,26416.0,1.0007785083047658
24937.0,25181.0,1.002449686897362
24966.0,23943.0,1.0027557105057148
24987.0,26671.0,1.001847931029138
24991.0,26664.0,1.002168581855828
23523.0,2080.0,1.0010644323272317
23554.0,39276.0,1.0001162041632718
23580.0,9701.0,1.002795848984503
24599.0,35152.0,1.0057580827119794
24645.0,43371.0,1.00136798988687
24698.0,3430.0,1.0009745554846452
23087.0,27572.0,1.0
23087.0,28505.0,1.0
23087.0,30234.0,1.0
23087.0,34481.0,1.001156566098183
23087.0,14232.0,1.0
23087.0,15416.0,1.0
23087.0,44318.0,1.0
23087.0,35472.0,1.0
23087.0,40561.0,1.0011814796988159
23087.0,41804.0,1.0021300083073863
23087.0,41989.0,1.0
22916.0,7013.0,1.0013006599569585
22922.0,23849.0,1.0023814051393634
22976.0,26494.0,1.0018436195686726
22976.0,27158.0,1.0009842109018827
23035.0,31388.0,1.0004753777933568
23059.0,25167.0,1.0014543951539907
23067.0,23967.0,1.0033440398925573
26143.0,74.0,1.0030861402725202
26297.0,10490.0,1.0
26120.0,16763.0,1.0015883765864104
26088.0,31385.0,1.0061418333615022
26046.0,23175.0,1.0010037314238822
25619.0,27726.0,1.0013589680669561
25659.0,29994.0,1.003163905607892
25723.0,27861.0,1.0
25847.0,20313.0,1.0015166649691096
25868.0,27392.0,1.0039875504003541
26476.0,27940.0,1.003991706025974
26648.0,30929.0,1.0003909724107254
26648.0,31231.0,1.0
26648.0,25326.0,1.0002091447816317
26648.0,8376.0,1.0
26648.0,8886.0,1.0003804563892538
26648.0,9907.0,1.0006832841990219
26648.0,11220.0,1.0005797378281316
26648.0,8048.0,1.0013782773494933
26648.0,13945.0,1.0
26648.0,30972.0,1.0
26648.0,31365.0,1.0010936084692679
26648.0,30361.0,1.0000472934662885
26648.0,30389.0,1.0005983571738801
26648.0,30469.0,1.0
26648.0,30501.0,1.0019984486241453
26648.0,30507.0,1.0013224162206122
26648.0,30522.0,1.0007470844080268
26648.0,30796.0,1.0
26648.0,34463.0,1.0016829324186196
26648.0,34494.0,1.0
26648.0,34513.0,1.0014739834158977
26648.0,35168.0,1.0012892437225465
26648.0,35178.0,1.0
26648.0,35991.0,1.0
26648.0,36017.0,1.0
26648.0,32706.0,1.0011955802938088
26648.0,31896.0,1.000270720411529
26648.0,32209.0,1.0004100830282767
26648.0,32423.0,1.000460165566111
26648.0,32469.0,1.0
26648.0,19495.0,1.0018575564114196
26648.0,19804.0,1.000438240002522
26648.0,21937.0,1.0
26648.0,23560.0,1.0009658878999796
26648.0,23799.0,1.0
26648.0,18586.0,1.0018246668196795
26648.0,14178.0,1.0
26648.0,14556.0,1.0
26648.0,18432.0,1.0
26648.0,28787.0,1.0
26648.0,28865.0,1.0000989201835793
26648.0,28909.0,1.0
26648.0,29984.0,1.000435624398518
26648.0,30093.0,1.0
26648.0,30133.0,1.0013718691584301
26648.0,28749.0,1.0
26648.0,27202.0,1.0000821093721477
26648.0,27814.0,1.0
26648.0,28179.0,1.0
26648.0,28415.0,1.0
26648.0,28601.0,1.00225336851937
26648.0,37265.0,1.0004334243910007
26648.0,42905.0,1.0000587869490039
26536.0,38416.0,1.0032329711055759
26587.0,37284.0,1.0034932365841114
25597.0,35889.0,1.000262662325993
25597.0,38760.0,1.0
25597.0,39009.0,1.0
25597.0,39049.0,1.0
25597.0,39456.0,1.0008326182890626
25597.0,39512.0,1.0001877359086258
25597.0,37459.0,1.0
25597.0,37557.0,1.0
25597.0,37651.0,1.0006681335986078
25597.0,37802.0,1.0
25597.0,38015.0,1.0008186345096626
25597.0,46171.0,1.0
25597.0,47722.0,1.0
25597.0,47752.0,1.000714739334096
25597.0,47839.0,1.0004523176035498
25597.0,48450.0,1.0017997656433906
25597.0,45576.0,1.000381865507188
25597.0,45462.0,1.0009369482274897
25597.0,40312.0,1.0
25597.0,41270.0,1.0
25597.0,41908.0,1.0
25597.0,42946.0,1.0001321583610723
25597.0,37385.0,1.001297714583745
25597.0,37309.0,1.0
25597.0,36535.0,1.000303656629376
25597.0,14190.0,1.0
25597.0,31328.0,1.0
25597.0,31972.0,1.0
25597.0,32149.0,1.0031913011208395
25597.0,34361.0,1.001129725174598
25597.0,36288.0,1.0009719040733276
25597.0,36330.0,1.0
25597.0,36746.0,1.0005953094754376
25597.0,36797.0,1.0
25597.0,37221.0,1.0
25597.0,32805.0,1.0009960812552605
25597.0,34863.0,1.0
25597.0,35336.0,1.0
25597.0,35680.0,1.0
25597.0,37329.0,1.0025245686875461
16777.0,47243.0,1.00297045949998
16778.0,1367.0,1.002365953658192
16852.0,22456.0,1.0025276136669223
16878.0,13910.0,1.0018174101846335
16889.0,7119.0,1.0032391518332457
16894.0,28897.0,1.0004890998241114
16952.0,18943.0,1.0
16959.0,47449.0,1.0020071056155861
16965.0,6788.0,1.0026030593301947
16965.0,18950.0,1.001554412101787
16419.0,20473.0,1.0
16577.0,10461.0,1.0033181246008316
16672.0,14886.0,1.0001789681825146
16700.0,19915.0,1.0
16700.0,22489.0,1.0
16711.0,18628.0,1.002236566670826
17218.0,19223.0,1.0022945460658415
17355.0,22068.0,1.0015298820908296
17358.0,7087.0,1.0
17358.0,19477.0,1.0010987054120788
16968.0,13554.0,1.0011151407869001
16968.0,17608.0,1.0018760479519704
17044.0,18635.0,1.0031554647554368
17062.0,19042.0,1.0029769748822734
17062.0,19044.0,1.0033335679745856
17070.0,9089.0,1.0031907824986306
15636.0,15538.0,1.0028154023670592
15649.0,8739.0,1.0009052878980595
15936.0,16920.0,1.003726910945913
15949.0,18173.0,1.0029090419638789
15288.0,45893.0,1.0
15288.0,44879.0,1.0
15288.0,34888.0,1.0
15288.0,41755.0,1.0
15288.0,42400.0,1.000917314809987
15288.0,4762.0,1.0
15288.0,17530.0,1.0
15288.0,18573.0,1.0000067060313513
15288.0,19625.0,1.0002104132601806
15288.0,19784.0,1.0
15288.0,23504.0,1.0
15288.0,44876.0,1.0
15483.0,8420.0,1.0036047526368668
15574.0,17695.0,1.00300171533553
15961.0,35213.0,1.0022642684481493
15977.0,28672.0,1.0
15977.0,52027.0,1.0
16282.0,20006.0,1.0000594857338327
16201.0,38383.0,1.0024434694358888
16194.0,14683.0,1.005112921437333
16003.0,5268.0,1.0018380186257305
16003.0,19813.0,1.0031713471516694
17394.0,19298.0,1.0001700677465202
17494.0,19362.0,1.0014613853692067
18322.0,5986.0,1.002475474400458
18331.0,9663.0,1.003794323155174
18335.0,18420.0,1.0004174653946607
18335.0,22170.0,1.0004943231908712
18335.0,34272.0,1.0018483070446251
18008.0,25280.0,1.0004553599840789
18008.0,46071.0,1.0005019770071353
18008.0,19943.0,1.0009253912128002
18012.0,26947.0,1.0010203982281702
18381.0,45514.0,1.0
18404.0,15282.0,1.0019711461175458
18414.0,20001.0,1.002337756769353
18450.0,20092.0,1.0034190784450627
18519.0,6114.0,1.0016264830105153
17572.0,28230.0,1.0
17572.0,415.0,1.0004803509373486
17572.0,16490.0,1.0014585469502406
17575.0,40278.0,1.0013613733005071
17590.0,19353.0,1.004356893527144
17748.0,19974.0,1.0023081161051042
17811.0,44214.0,1.0022207524323314
17526.0,39327.0,1.000566305063852
17546.0,20003.0,1.002470618013917
17834.0,40207.0,1.002253988909753
17834.0,43009.0,1.0007125354916826
17948.0,20835.0,1.0012596334695032
17960.0,19776.0,1.000859614889844
17986.0,47525.0,1.0026158439404482
17914.0,41380.0,1.001654280018389
13949.0,16313.0,1.0
13967.0,16864.0,1.0
13967.0,27390.0,1.0006529055061368
13521.0,16198.0,1.0044800145793127
13630.0,4972.0,1.003216340791759
13995.0,34205.0,1.0000658869104266
14160.0,16313.0,1.0
14205.0,15004.0,1.0027253556535565
14436.0,16825.0,1.0008006927723025
14071.0,1959.0,1.0021528011074925
14002.0,8095.0,1.0
14002.0,22241.0,1.0021012722566378
14002.0,22770.0,1.000795727444784
14008.0,16277.0,1.0019494962730198
14018.0,16479.0,1.001475910490261
14064.0,10864.0,1.0
14114.0,6798.0,1.0019258710116663
11957.0,25249.0,1.0007034935601684
11957.0,15238.0,1.0017727441690256
11993.0,8080.0,1.0023924645776139
12033.0,15460.0,1.0021093016518972
12034.0,16096.0,1.0021920292536877
13133.0,1990.0,1.0026745049883514
11905.0,13652.0,1.0007103129941477
11777.0,1770.0,1.001398356584276
11795.0,14707.0,1.0058593091450325
11798.0,1367.0,1.0035587855470798
11849.0,13798.0,1.0015171207673568
11870.0,15445.0,1.0
13187.0,23513.0,1.0004131704302486
13418.0,18168.0,1.0
13464.0,23964.0,1.0026115176180228
13464.0,26764.0,1.0034575159396901
13190.0,4409.0,1.0009338379458161
13333.0,15278.0,1.0032340709156125
13388.0,10674.0,1.004407235623086
15099.0,17422.0,1.0031933186271003
15118.0,8531.0,1.0014011096704865
15184.0,7477.0,1.0027853700763922
15184.0,50080.0,1.0001733473395202
15249.0,14745.0,1.0018753629364623
15272.0,17584.0,1.0022363321745729
15040.0,16414.0,1.0014535113618692
14819.0,23757.0,1.001970311961143
14911.0,2839.0,1.0000972802452086
14912.0,8263.0,1.0005003668004133
14912.0,6180.0,1.0006136321575254
14765.0,18001.0,1.0003050224393701
14582.0,28446.0,1.0
14582.0,7209.0,1.0004042690290527
14582.0,23964.0,1.0011149308144105
14582.0,28907.0,1.000718171311234
14582.0,31055.0,1.000755665594513
14582.0,32720.0,1.0010311387437363
14582.0,34598.0,1.0
14582.0,27965.0,1.0
14582.0,27801.0,1.0003270219381024
14582.0,25123.0,1.0
14467.0,7287.0,1.0
14508.0,13720.0,1.0002758306245305
14740.0,17921.0,1.0003749367792254
14740.0,19845.0,1.0028759010620572
14749.0,17156.0,1.001551138307573
14736.0,13976.0,1.0005512918404926
14622.0,36099.0,1.0007765558497184
14651.0,19679.0,1.0001207997792434
14696.0,42318.0,1.0021184348472967
18544.0,21969.0,1.0041081984733766
18604.0,22073.0,1.0
18604.0,39193.0,1.0
18604.0,26964.0,1.0013928922346234
18604.0,3435.0,1.000682779232583
18604.0,22452.0,1.0
18604.0,22258.0,1.0002098046370482
18604.0,9193.0,1.0012024546225413
18604.0,21905.0,1.0
18604.0,22086.0,1.0022051478876743
18604.0,22224.0,1.0
21289.0,40697.0,1.0005714672668644
21289.0,47977.0,1.0
21289.0,50302.0,1.0003623861288395
21289.0,50324.0,1.0
21289.0,50460.0,1.0
21289.0,50724.0,1.0
21289.0,49877.0,1.0
21289.0,24055.0,1.0
21289.0,49805.0,1.0014854634276171
21224.0,19668.0,1.000979949719429
21262.0,22463.0,1.0038114081366865
21297.0,48450.0,1.0029066473510988
21297.0,3348.0,1.001402550808619
21297.0,19771.0,1.0003247766414078
21297.0,28424.0,1.0004042460808804
21297.0,48333.0,1.002571750224107
21433.0,30753.0,1.002357510452953
21433.0,30264.0,1.0022272642770482
21433.0,30231.0,1.0018586137807515
21433.0,26913.0,1.0007406238833025
21441.0,22412.0,1.0016143217288123
21463.0,22632.0,1.0029433323518593
21494.0,22684.0,1.0027676544762456
21533.0,30983.0,1.0006345671002599
21331.0,22663.0,1.00112675996276
20749.0,26782.0,1.0
20749.0,28314.0,1.0003225609425928
20749.0,30659.0,1.0
20749.0,31041.0,1.0
20749.0,31156.0,1.0
20749.0,27612.0,1.0003529332935346
20749.0,27822.0,1.0001855594356919
20749.0,27882.0,1.0006807729492697
20749.0,27934.0,1.0
20749.0,28135.0,1.0
20749.0,29951.0,1.0005226179337783
20749.0,27536.0,1.0
20749.0,6738.0,1.0002534067976359
20749.0,8135.0,1.0
20749.0,27040.0,1.0006285753380662
20749.0,27123.0,1.000873902915185
20749.0,27291.0,1.0
20749.0,27033.0,1.0
20749.0,22345.0,1.0
20749.0,27019.0,1.0008762934905153
20749.0,22525.0,1.0
20749.0,22555.0,1.0
20749.0,22630.0,1.0
20749.0,22735.0,1.0
20749.0,22958.0,1.0005078070404638
20776.0,20389.0,1.0
20816.0,5057.0,1.0021032121616913
20874.0,22489.0,1.0
21537.0,22732.0,1.0014728293939659
21074.0,22020.0,1.0039480802393588
21118.0,22606.0,1.0015890430178374
21135.0,22347.0,1.0017804094093787
21196.0,2153.0,1.0
21196.0,26450.0,1.001750655890519
21208.0,17409.0,1.000667053899545
21027.0,22607.0,1.0011601272279063
20901.0,22091.0,1.0041353323006073
20991.0,22890.0,1.0009747509966807
20991.0,23072.0,1.001806361757549
21016.0,22411.0,1.0018893523872479
21016.0,22464.0,1.0000902942445256
21542.0,26918.0,1.0020929057930796
21543.0,25222.0,1.0021974071876298
22247.0,8367.0,1.0
22247.0,49811.0,1.0
22247.0,44313.0,1.000244438095201
22247.0,44354.0,1.0
22288.0,5480.0,1.001406366323081
22324.0,50544.0,1.0014861446323569
22324.0,52234.0,1.0002263661070405
22364.0,22476.0,1.0008594573545628
22224.0,15573.0,1.0011521408556299
21826.0,37520.0,1.002640079670466
21862.0,22785.0,1.0039087061455518
21903.0,28667.0,1.000039406279609
21907.0,38434.0,1.0025796748373044
21916.0,23004.0,1.0007147684298021
21930.0,47251.0,1.0019064174564165
21768.0,23078.0,1.0028121188835728
21570.0,22730.0,1.0025457593691733
21614.0,40098.0,1.003454997812123
21714.0,26372.0,1.0022339275842789
21963.0,36950.0,1.0004779270696607
21963.0,49844.0,1.0003171156111772
21963.0,32555.0,1.0010330559726757
21963.0,39300.0,1.0003494122346919
21963.0,35729.0,1.0006970514451674
21963.0,36456.0,1.000382233460289
21963.0,36883.0,1.0000633031041943
21963.0,38107.0,1.0008106988386245
21976.0,31481.0,1.0017805726430842
22010.0,23095.0,1.0002714054008173
22031.0,23111.0,1.0010066715649764
22157.0,3257.0,1.002545637812778
22157.0,4217.0,1.0020574048368636
22188.0,32474.0,1.0
19250.0,1304.0,1.0
19250.0,16765.0,1.0
19250.0,7942.0,1.0
19250.0,8742.0,1.0
19250.0,13535.0,1.0
19250.0,14654.0,1.0
19250.0,16743.0,1.0
19250.0,17400.0,1.0
19250.0,2970.0,1.0017185207356354
19250.0,22384.0,1.0
19250.0,20523.0,1.0014444899811765
19250.0,20767.0,1.0
19250.0,22017.0,1.0
19250.0,22029.0,1.0011567212614954
19114.0,23408.0,1.0027607114372676
19169.0,20459.0,1.0012400239845216
19183.0,31989.0,1.0001274114580532
19183.0,23354.0,1.001110635012009
19338.0,20649.0,1.0
19346.0,33135.0,1.0
19346.0,5109.0,1.0002504608189944
19346.0,20831.0,1.0
19346.0,27769.0,1.0005340789890362
19346.0,32174.0,1.0
19346.0,52063.0,1.0
19085.0,20459.0,1.0023920572890037
19086.0,36704.0,1.0012379268637805
18646.0,52023.0,1.0034227528330837
18646.0,44652.0,1.0047764240506567
18880.0,20304.0,1.0015125337541075
18882.0,1319.0,1.0024521752279556
19054.0,20645.0,1.0013117169220926
18784.0,20276.0,1.0
18755.0,22395.0,1.004641321719759
18704.0,20124.0,1.0012240671687722
18704.0,14028.0,1.0021585132784825
18708.0,20216.0,1.0031170042158661
20701.0,37557.0,1.0001328942714518
20701.0,35451.0,1.0
20701.0,37381.0,1.0010261662409423
20701.0,40117.0,1.0005930262397686
20701.0,43736.0,1.000735524245051
20701.0,14147.0,1.0021500855944412
19631.0,45130.0,1.0022781976332051
20688.0,39998.0,1.00263995155925
20688.0,40585.0,1.003227133301645
20695.0,27723.0,1.0015986656912
20695.0,35028.0,1.0010387636109754
20695.0,38031.0,1.0
19407.0,20767.0,1.0003133082036124
19407.0,22394.0,1.0004408771278785
19407.0,26656.0,1.0
19441.0,19762.0,1.0014595341174293
19393.0,14556.0,1.0000290385670563
19504.0,20716.0,1.0024473377115255
19552.0,19744.0,1.0010761054255537
19552.0,9268.0,1.000450257864986
19552.0,22145.0,1.0013476269772343
19552.0,20885.0,1.0009805790215707
19552.0,22034.0,1.0
19552.0,22303.0,1.0
19552.0,22557.0,1.0017286754297428
19552.0,20588.0,1.0009232775454315
19552.0,19169.0,1.0012655850978924
19552.0,20632.0,1.0011242180685977
19548.0,16784.0,1.0019621579915072
11771.0,16022.0,1.0
41728.0,47917.0,1.0
41728.0,41773.0,1.0
41728.0,19044.0,1.000886353679968
41728.0,45380.0,1.0005940508605757
41728.0,51916.0,1.0
41728.0,40677.0,1.0001656850764253
41728.0,45463.0,1.0005310106825676
41728.0,45808.0,1.0002607423331895
41728.0,46097.0,1.0004665787766795
41728.0,46098.0,1.0005418924895688
41728.0,47184.0,1.001154232751011
41728.0,47282.0,1.00022810726899
41728.0,47453.0,1.0
41728.0,44039.0,1.0
41728.0,44267.0,1.0
41728.0,47716.0,1.0
41728.0,48530.0,1.0
41728.0,48586.0,1.0
41728.0,50025.0,1.0013563060061816
41728.0,50044.0,1.0
41728.0,50047.0,1.000170369995385
41728.0,35082.0,1.0
41728.0,35132.0,1.0
41728.0,40346.0,1.0004968605409472
41728.0,13551.0,1.0004773708897319
41728.0,17718.0,1.0
41728.0,40444.0,1.0
41728.0,42255.0,1.0
41728.0,42705.0,1.0004906089279224
41728.0,43018.0,1.0
41728.0,40629.0,1.0
41728.0,41372.0,1.000492606570905
41728.0,45479.0,1.0007086698299412
41812.0,39398.0,1.0038310973258804
41815.0,5611.0,1.0007184567610672
41815.0,14581.0,1.0008230920813899
41815.0,47505.0,1.000520484993259
41455.0,45298.0,1.0032874620378494
41486.0,19836.0,1.0008117061257567
41577.0,47854.0,1.0036895185351358
41577.0,44230.0,1.00385020504453
41587.0,39235.0,1.0
43527.0,45264.0,1.0999785675724327
43563.0,41562.0,1.0016250365619899
43563.0,47560.0,1.0007821918670317
43603.0,47305.0,1.0004306439190016
43603.0,42268.0,1.0
43603.0,40881.0,1.0010475547537585
43603.0,43779.0,1.0
43603.0,40898.0,1.0
43603.0,40983.0,1.0010002455741278
43603.0,41066.0,1.002618947609545
43603.0,41214.0,1.0026099453412698
43603.0,41401.0,1.0
43603.0,41422.0,1.0002203057383199
43603.0,44977.0,1.0
43512.0,40431.0,1.0021563788940018
43509.0,3486.0,1.0034778165488663
43242.0,35190.0,1.0003361134647195
43242.0,38629.0,1.0
43268.0,42600.0,1.0014180611868033
43293.0,40270.0,1.000650225726508
43852.0,42132.0,1.0030127542288656
43898.0,20347.0,1.004654732830459
41916.0,49969.0,1.0004792032955114
41916.0,50591.0,1.0
41916.0,15609.0,1.0
41916.0,40107.0,1.001148828820005
41965.0,39437.0,1.0037864073960945
41985.0,39495.0,1.0041382446352765
42326.0,39630.0,1.001472220772475
42348.0,765.0,1.0
42448.0,39752.0,1.0018951349120966
41882.0,52234.0,1.0020074225404525
43058.0,40096.0,1.00161173326873
43133.0,38529.0,1.0014508442359453
43182.0,35883.0,1.000980530827813
42661.0,27662.0,1.00197661985157
42706.0,42515.0,1.0013723425008996
42780.0,39016.0,1.0016186363233626
39204.0,37566.0,1.002614835668832
39225.0,37613.0,1.0016360984718704
39309.0,40397.0,1.0035568653400504
39185.0,30147.0,1.0010067935993099
39375.0,39138.0,1.0006821495061813
39402.0,36038.0,1.0007112140432097
39100.0,43057.0,1.0008648037485852
38979.0,41870.0,1.0017353871117718
38979.0,26988.0,1.0015636556320535
39009.0,46016.0,1.001053633028419
39408.0,38088.0,1.0033539578989594
39592.0,52229.0,1.0036785628597105
39663.0,39149.0,1.0008695439335704
38970.0,37388.0,1.0023433569610392
39459.0,42515.0,1.0
39459.0,42169.0,1.0
39479.0,37796.0,1.0014423253809208
38429.0,34370.0,1.0
38429.0,40672.0,1.0
38429.0,39288.0,1.0
38429.0,39822.0,1.0
38429.0,40947.0,1.0003906064214494
38429.0,38871.0,1.0
38429.0,40970.0,1.000125397984616
38429.0,25207.0,1.0
38429.0,38008.0,1.0
38429.0,38196.0,1.0013295405287475
38429.0,38425.0,1.000635309375545
38429.0,38501.0,1.0
38429.0,38670.0,1.0
38429.0,41512.0,1.0001363439928355
38429.0,42354.0,1.000086007597709
38429.0,43587.0,1.0007506131244073
38429.0,43688.0,1.0010854982021142
38403.0,50364.0,1.0
39683.0,43198.0,1.001924876133458
38771.0,35977.0,1.0026143659078568
38786.0,37269.0,1.0028146552919426
38511.0,19022.0,1.0023687011985107
40542.0,38520.0,1.0013756400588871
40775.0,38645.0,1.0011129820420006
40806.0,38951.0,1.0005007467451767
40287.0,3246.0,1.000611488726543
40121.0,38191.0,1.0033483561978287
40122.0,47821.0,1.0024541518402907
40122.0,47176.0,1.0000232393825146
40122.0,45631.0,1.001603565024442
40235.0,32926.0,1.0037347388683209
40846.0,39053.0,1.0
40846.0,4146.0,1.0015748555300734
40846.0,41524.0,1.0005120936725294
41053.0,41434.0,1.0019911640207144
41194.0,14255.0,1.0009670643641997
40963.0,38423.0,1.0031602390604342
40963.0,13896.0,1.0016491240902978
40916.0,42653.0,1.0
40916.0,48031.0,1.0
40916.0,44941.0,1.0
39975.0,38088.0,1.0045864467333354
39774.0,42495.0,1.0
39774.0,47395.0,1.0
39774.0,47405.0,1.0017247192278902
39774.0,37989.0,1.0
39774.0,38080.0,1.001769090031034
39774.0,41285.0,1.0002981553516703
39774.0,48399.0,1.0
39774.0,47487.0,1.0
39774.0,47640.0,1.0005465271225185
39774.0,48245.0,1.000310598826774
39844.0,39028.0,1.0036747299745237
39853.0,38716.0,1.0004289612584103
39853.0,47605.0,1.001003818227267
52399.0,48378.0,1.0017430422358913
52399.0,45838.0,1.002916584707628
52410.0,45249.0,1.001443053917612
52413.0,50364.0,1.0000120878970915
52482.0,45329.0,1.0020325471178482
52503.0,45353.0,1.002336770445119
52183.0,47927.0,1.0668167270493356
52183.0,45603.0,1.0653483513040964
53272.0,52134.0,1.0005222974010055
53415.0,28010.0,1.000588026738819
52703.0,45668.0,1.0021506020352464
53054.0,50728.0,1.002298078067186
53054.0,51852.0,1.0034208285333301
53054.0,51864.0,1.0015631965369698
52086.0,47505.0,1.0006449410675056
50189.0,1851.0,1.0009074218073997
50277.0,44684.0,1.0025075033859585
50315.0,44245.0,1.0028933970052674
50315.0,44551.0,1.0025466074240774
50566.0,39189.0,1.0036001193574713
48453.0,40084.0,1.0011505248703616
48566.0,43742.0,1.003136611969382
48703.0,43805.0,1.0039542380191195
48813.0,22970.0,1.0027008377340076
49874.0,45993.0,1.0
50602.0,45426.0,1.0
50794.0,43910.0,1.001142887673727
50830.0,231.0,1.002002909255724
50875.0,9144.0,1.0023274138527478
50615.0,44525.0,1.0011959248909086
50680.0,14134.0,1.0021284035792242
50765.0,44687.0,1.0024336021913844
58219.0,45878.0,1.0012919295437632
58664.0,51998.0,1.0
58675.0,15253.0,1.0024134211923081
58675.0,50551.0,1.002343907182178
58675.0,35185.0,1.002125402876249
58675.0,50500.0,1.0024082661920242
57213.0,48517.0,1.00219851668523
57213.0,28770.0,1.0017848283126216
57250.0,48530.0,1.0023475045592134
57538.0,50385.0,1.0012276997032414
57647.0,49782.0,1.0
59737.0,52232.0,1.0033370075872725
59921.0,51973.0,1.001221309416625
60062.0,4996.0,1.0019410138525395
60082.0,35204.0,1.0026209701021287
60322.0,52177.0,1.0050174960036593
59625.0,3571.0,1.0014952631949332
59559.0,45808.0,1.002459677233742
58856.0,12494.0,1.002995999780858
59026.0,42638.0,1.002484015414217
59131.0,42641.0,1.0002725248761162
59550.0,52058.0,1.002920160996088
57202.0,51934.0,1.0017624194617356
57202.0,52036.0,1.0024177452450507
57202.0,51910.0,1.0027151726776673
57202.0,49823.0,1.0017747483568082
57202.0,50070.0,1.0042820970379336
55457.0,48409.0,1.0022875517781915
55495.0,47475.0,1.0
55499.0,46056.0,1.0008786433944743
55499.0,46129.0,1.0014146481109374
55598.0,48409.0,1.001640543579169
55806.0,47453.0,1.000487432647213
55839.0,47627.0,1.0024846309720048
55215.0,47294.0,1.0020696249539567
53506.0,38915.0,1.00282151758246
53771.0,10625.0,1.00048545607644
53859.0,46083.0,1.000639626453686
56765.0,48204.0,1.0002564358314776
56809.0,44719.0,1.0036622227708987
56885.0,10875.0,1.002321920268402
56936.0,40347.0,1.0020781655815068
57017.0,48397.0,1.0016685304701038
57055.0,50445.0,1.0
56104.0,47809.0,1.0036376014122936
56156.0,50713.0,1.0033210534234718
56297.0,47933.0,1.0025398609008216
45957.0,41945.0,1.001968562970241
46077.0,15951.0,1.0
46077.0,7334.0,1.0006157065848418
46077.0,42414.0,1.0010193073949318
46077.0,43399.0,1.0
45501.0,47873.0,1.0022199402326213
45661.0,43482.0,1.0023568995184107
45719.0,44142.0,1.0
46142.0,42050.0,1.000338666362692
46152.0,42063.0,1.0001260485895078
46182.0,42268.0,1.0001401681418203
46182.0,45833.0,1.0
46223.0,43917.0,1.0011769589202508
46288.0,50373.0,1.001749430279783
46124.0,43878.0,1.003050150025683
46093.0,45717.0,1.0028681061235452
46093.0,48509.0,1.0015254796979947
44268.0,40950.0,1.0017711122205732
44268.0,42733.0,1.001683230992458
44268.0,36901.0,1.0025181259797007
44274.0,40943.0,1.0009831366935555
44609.0,41040.0,1.0036307692726594
44705.0,41093.0,1.0033102459928578
44206.0,42627.0,1.0019958160094402
43981.0,40716.0,1.0042925175992499
43981.0,41833.0,1.0031236098212002
44152.0,51852.0,1.0020174730916394
44152.0,42077.0,1.0004408413601127
44152.0,48348.0,1.0003943825327173
44155.0,40790.0,1.0025164794196118
45112.0,41361.0,1.0025657385147961
45121.0,46023.0,1.0014602751049648
45173.0,41361.0,1.0014020862281372
45178.0,41245.0,1.001254096791386
45281.0,44376.0,1.002720815476461
45049.0,7494.0,1.0017484777745689
44762.0,41824.0,1.0
44787.0,18080.0,1.0020033211287802
44999.0,41271.0,1.0019450527713443
45037.0,41292.0,1.0023232797998816
46320.0,40681.0,1.0004171935755588
48036.0,50732.0,1.0017675793040228
48234.0,43482.0,1.0034630374382305
48266.0,43993.0,1.0233285185942322
48266.0,52003.0,1.024486668930851
48266.0,8407.0,1.0237057659587316
48266.0,28210.0,1.021773215275003
48266.0,34773.0,1.0242020144119641
48266.0,41559.0,1.0236715728747785
48266.0,44071.0,1.0230499181337476
47435.0,51876.0,1.001045169819061
47445.0,50629.0,1.0026037419792568
47189.0,6010.0,1.0025676645801744
46498.0,42436.0,1.0002916283003722
46498.0,42588.0,1.001428964448551
46756.0,38290.0,1.0004246310950395
46385.0,41234.0,1.0
46389.0,28696.0,1.0012578725913237
46433.0,9081.0,1.000341617283738
46433.0,48559.0,1.0
46435.0,19914.0,1.000109764269674
47045.0,42749.0,1.0014070245854647
47069.0,45738.0,1.0
47018.0,37352.0,1.000397292206105
46917.0,50364.0,1.0015902218194008
46796.0,44903.0,1.000177440608507
46796.0,42630.0,1.0010188532611786
46796.0,43955.0,1.0
46856.0,5537.0,1.0027495331866252
46867.0,10707.0,1.0031304406525723
46916.0,42660.0,1.00103641668715
30536.0,31333.0,1.001456986071589
30596.0,43914.0,1.0
30596.0,39276.0,1.0
30596.0,36710.0,1.0
30596.0,40687.0,1.0
30596.0,44499.0,1.0
30596.0,38696.0,1.0
30596.0,15344.0,1.0
30596.0,34403.0,1.0
30596.0,34516.0,1.0
30596.0,35234.0,1.0
30596.0,43550.0,1.0
30596.0,40936.0,1.0
30596.0,40481.0,1.0
30596.0,36658.0,1.0
30596.0,37428.0,1.0
30307.0,23395.0,1.002322620484893
30307.0,42662.0,1.002025019983029
30307.0,40438.0,1.0003212211262171
30350.0,50105.0,1.000714327009332
29579.0,48557.0,1.0
29579.0,7340.0,1.0
29579.0,45770.0,1.0
29579.0,41065.0,1.0
29579.0,47227.0,1.0
29579.0,41089.0,1.001397458155461
29579.0,40156.0,1.0
29579.0,45715.0,1.0
29579.0,46056.0,1.0
29579.0,43592.0,1.0
29579.0,50023.0,1.0
29579.0,27590.0,1.0
29579.0,43736.0,1.0000194034499847
29579.0,14181.0,1.0
29579.0,47238.0,1.0000249862948398
29579.0,39752.0,1.00029040797444
29579.0,31822.0,1.0
29579.0,47220.0,1.0
29579.0,50092.0,1.0012459189868554
29579.0,40079.0,1.0
29579.0,40113.0,1.0
29579.0,47758.0,1.0007429583831824
29579.0,51973.0,1.0
29579.0,43910.0,1.0000470894696898
29579.0,46023.0,1.0
29579.0,45759.0,1.0012719181059173
29579.0,47355.0,1.0
29579.0,43973.0,1.0
29579.0,52168.0,1.0
29579.0,50231.0,1.0
29579.0,50326.0,1.000985040592139
29579.0,50380.0,1.000633443046526
29579.0,51830.0,1.0
29579.0,41595.0,1.000156301556529
29579.0,41959.0,1.0
29579.0,8790.0,1.0004577541696678
29579.0,39711.0,1.00022920550849
29579.0,46112.0,1.0
29579.0,47201.0,1.0
29579.0,45343.0,1.0
29579.0,48611.0,1.000377790212077
29579.0,49655.0,1.0002179496588361
29579.0,47632.0,1.0
29579.0,47681.0,1.0
29579.0,50112.0,1.0000354431783272
29579.0,41080.0,1.0
29579.0,40460.0,1.0
29579.0,39922.0,1.0
29579.0,40146.0,1.000195963610394
29579.0,40152.0,1.0013538838892808
29579.0,40168.0,1.0
29579.0,40367.0,1.0
29579.0,40443.0,1.000116753361662
29579.0,43747.0,1.0
29579.0,44681.0,1.0
29579.0,41659.0,1.0
29579.0,41741.0,1.0
29579.0,41860.0,1.0001924963236721
29921.0,16568.0,1.003355520865006
30066.0,32092.0,1.0
30092.0,30953.0,1.0002645577959068
30705.0,31349.0,1.0008442911796767
31941.0,32283.0,1.001557207614585
31982.0,26907.0,1.0042730327945322
31988.0,38533.0,1.0008733563543117
31988.0,48521.0,1.0004168995208345
31988.0,37230.0,1.0
31988.0,43525.0,1.0
31721.0,35390.0,1.0032271240239126
31316.0,32250.0,1.0007127404565686
31416.0,31831.0,1.0039094821074641
31570.0,19373.0,1.000621308114568
32040.0,32358.0,1.0034425643746256
32064.0,39600.0,1.0124931700035176
32064.0,38126.0,1.0097381347773575
32064.0,38386.0,1.0132280163800176
32064.0,44703.0,1.011026153620766
32064.0,45162.0,1.0108417354975552
32064.0,47815.0,1.0121669738572447
32064.0,47951.0,1.0110560924697214
32064.0,51866.0,1.0129587906367632
32064.0,45321.0,1.0126582392743286
32007.0,28422.0,1.001530860166071
31229.0,51936.0,1.09236172829037
30819.0,42662.0,1.000514146813551
30819.0,32326.0,1.0
30819.0,35764.0,1.0
30819.0,42192.0,1.0
30819.0,20003.0,1.001192929015237
30819.0,31534.0,1.0
30819.0,41640.0,1.0
30819.0,10707.0,1.0
30819.0,32247.0,1.0019100816370772
30819.0,34714.0,1.0
30819.0,39397.0,1.0
30819.0,2330.0,1.0
30819.0,49752.0,1.0003863666526647
30819.0,44933.0,1.0004189559488368
30819.0,45290.0,1.0011754465892688
30819.0,48219.0,1.0008820329532027
30736.0,4309.0,1.001621841834508
30759.0,36837.0,1.0022222702324801
30759.0,35955.0,1.0
31004.0,33110.0,1.0032001192504267
31004.0,34982.0,1.0030474704570944
31029.0,39258.0,1.0022760066656005
31124.0,31602.0,1.0009537760176854
31155.0,31665.0,1.0008097250979138
31186.0,27536.0,1.002166424759412
30909.0,31521.0,1.001836957155324
29059.0,35576.0,1.0009782579749313
28929.0,44609.0,1.0021649396250243
28929.0,26784.0,1.0032132409084873
28929.0,30013.0,1.0028839987983815
29073.0,50518.0,1.000692839980861
28618.0,18161.0,1.0008524864574169
28658.0,28850.0,1.003367080471501
28658.0,40844.0,1.003285354441681
28602.0,30400.0,1.0046360133474588
29536.0,30788.0,1.0024722910966581
29536.0,30925.0,1.0005847912178276
29536.0,30759.0,1.0021858368071956
29276.0,30339.0,1.0035293765350513
29398.0,37132.0,1.0012101006612897
26721.0,3093.0,1.0015682147283438
26789.0,38421.0,1.0
26875.0,36557.0,1.0023057284897772
26662.0,28153.0,1.0026144782798412
27284.0,40900.0,1.0014958037948791
27366.0,28596.0,1.0032869163466733
28495.0,39800.0,1.0035897471942183
28497.0,37198.0,1.0034178629156798
28555.0,33127.0,1.0028589942053814
26931.0,24044.0,1.0015916884556675
26944.0,42268.0,1.00187827376042
27004.0,28406.0,1.0038930600332334
36893.0,35977.0,1.0019407863339467
37186.0,36196.0,1.0002309792884838
37236.0,50772.0,1.0
37236.0,39295.0,1.0009226654736179
37236.0,44039.0,1.0
37236.0,44117.0,1.0004740191440011
37236.0,43588.0,1.0
37236.0,42248.0,1.0005283588705933
37236.0,42053.0,1.000106455453535
37236.0,42343.0,1.0003511394024636
37236.0,40837.0,1.0
37236.0,35054.0,1.0001620753575589
37236.0,36683.0,1.0004736942537258
37236.0,42640.0,1.0
37236.0,42783.0,1.0013932890655635
37236.0,50201.0,1.0
37236.0,51821.0,1.0
37236.0,43171.0,1.0007535038066995
37236.0,47867.0,1.0
36637.0,37632.0,1.0013972801551927
36637.0,40808.0,1.0010156789874787
36637.0,45448.0,1.0002022331219635
36637.0,51980.0,1.002350318283918
36637.0,42940.0,1.0020787471120707
36637.0,9418.0,1.0032985465900874
36637.0,10092.0,1.002729732578897
36823.0,38227.0,1.0009056908937226
36840.0,35912.0,1.0005978880649007
36211.0,35466.0,1.0025002925528383
36257.0,40712.0,1.0014021990756679
36308.0,37503.0,1.000429628098255
36308.0,39429.0,1.0006636594546336
36308.0,40098.0,1.0
36308.0,40256.0,1.0
36308.0,40383.0,1.001468622776569
36308.0,36907.0,1.0
36308.0,37069.0,1.0001984406799207
36308.0,38818.0,1.0
36308.0,39459.0,1.0008232552996574
36308.0,39967.0,1.000259376720954
36129.0,22722.0,1.0017508332999192
36129.0,35482.0,1.0022344095605216
35925.0,36178.0,1.000726294881184
35987.0,35288.0,1.0037726139424692
36411.0,38346.0,1.0005382463081927
36415.0,40567.0,1.0042325613563774
36485.0,35464.0,1.0025166564119297
37937.0,38024.0,1.0000221112650525
37939.0,43742.0,1.0004328699770277
37939.0,47272.0,1.0002810934966477
37939.0,40168.0,1.0004269827724717
37939.0,8761.0,1.0
37939.0,20180.0,1.0005093455789134
37939.0,38300.0,1.0007866503411578
37939.0,39039.0,1.0010397312250081
37766.0,38921.0,1.0013184774590624
37766.0,39216.0,1.0004020392655448
37766.0,47347.0,1.0021338949352667
38256.0,10022.0,1.0033473596627707
38335.0,36965.0,1.0020822446781867
38337.0,48409.0,1.0025703902673548
38338.0,23618.0,1.0025113865987332
38251.0,40624.0,1.002232435933009
38044.0,37198.0,1.0037002176936447
38044.0,38750.0,1.0034201483004859
38063.0,36812.0,1.0002389803465555
38150.0,36836.0,1.001878029092219
37591.0,37780.0,1.0012493053004652
37277.0,35096.0,1.003725839316102
37295.0,50518.0,1.0013350921547364
37325.0,40191.0,1.000540721185616
37325.0,45000.0,1.0
37325.0,44056.0,1.0009218956098602
37325.0,42389.0,1.0001435989237102
37325.0,39707.0,1.000791719524089
37325.0,40737.0,1.0009719537372472
37405.0,141.0,1.0
37447.0,2094.0,1.0
37541.0,36461.0,1.000519554890861
37582.0,46145.0,1.0012398043736457
37582.0,49772.0,1.0
35826.0,35171.0,1.0009153702043154
32459.0,39042.0,1.0
32459.0,30860.0,1.0
32459.0,35502.0,1.0
32459.0,35506.0,1.0
32459.0,36697.0,1.0
32299.0,40925.0,1.0
32299.0,50166.0,1.001519258641221
32299.0,42086.0,1.0
32299.0,43111.0,1.0011732279153605
32299.0,43130.0,1.0012014796643913
32299.0,41987.0,1.001381916834263
32299.0,5205.0,1.000946753600739
32299.0,7449.0,1.0009518129994643
32299.0,17324.0,1.0
32299.0,18871.0,1.0
32306.0,43039.0,1.0004872116938652
32630.0,41945.0,1.0016162567404636
32670.0,10327.0,1.0
32731.0,32836.0,1.005727782241147
32789.0,48440.0,1.00159598014542
32491.0,37566.0,1.0009581306212336
32497.0,43427.0,1.001301498244187
32214.0,32929.0,1.0034575966508525
32262.0,34433.0,1.0036453304228414
32262.0,36312.0,1.0035433680920833
32201.0,15609.0,1.0
32172.0,32509.0,1.0
32126.0,32474.0,1.0
32132.0,32384.0,1.0021148271442317
35397.0,39352.0,1.002816770494506
35633.0,36652.0,1.0013402128889475
35123.0,23682.0,1.0015407456277499
35144.0,18434.0,1.001478596808064
35319.0,16223.0,1.0005708049842443
35386.0,38227.0,1.0019418033723773
35731.0,42084.0,1.0005639753682491
35731.0,37663.0,1.000483252787266
35731.0,35317.0,1.0011533469715816
35731.0,36317.0,1.0
35017.0,44150.0,1.0025487014542012
34385.0,35596.0,1.0
34385.0,35060.0,1.0006713826096278
34424.0,50182.0,1.0015810252953183
34476.0,2904.0,1.0030238341346072
34550.0,38191.0,1.0027487603972711
33169.0,40348.0,1.0037883109149137
34588.0,52258.0,1.0006191311159922
34705.0,38764.0,1.0016680558411866
34600.0,20660.0,1.0
34611.0,44098.0,1.004024342711856
11702.0,15165.0,1.0036773488127515
11686.0,38976.0,1.0006083379807642
11686.0,39032.0,1.0010516022024074
11686.0,42169.0,1.0005112382526076
11686.0,38228.0,1.0
454.0,1319.0,1.0
454.0,1059.0,1.0001146323866634
454.0,1118.0,1.0
454.0,1920.0,1.0000751017472678
454.0,2439.0,1.0003641190148163
454.0,4580.0,1.0
454.0,5256.0,1.00031586114693
454.0,5701.0,1.0
454.0,6466.0,1.0
454.0,6474.0,1.0
454.0,6479.0,1.0
454.0,6595.0,1.0
454.0,2982.0,1.000899665139926
454.0,3253.0,1.0
454.0,10801.0,1.0009074501842812
454.0,13898.0,1.0
454.0,10366.0,1.00063971803189
454.0,7885.0,1.001418105447807
454.0,7912.0,1.0006427307186954
454.0,8001.0,1.0007034425837864
454.0,8380.0,1.0
454.0,8881.0,1.0007557122151556
454.0,9220.0,1.0
454.0,9973.0,1.0
454.0,1653.0,1.0005578334629783
454.0,1805.0,1.0000494193947298
454.0,2314.0,1.0
454.0,2342.0,1.0021297045892292
454.0,2485.0,1.0
454.0,2495.0,1.0005750028608398
454.0,1652.0,1.0011327396574574
454.0,1566.0,1.0009300767934368
466.0,1744.0,1.0002623759910798
482.0,6389.0,1.0002521014900416
396.0,447.0,1.0021145611089648
412.0,733.0,1.0003558245101365
417.0,2938.0,1.0027438982459667
427.0,5385.0,1.0034123313714114
427.0,11035.0,1.0028342251946492
432.0,598.0,1.0014458357886693
432.0,57.0,1.0
386.0,2968.0,1.0
386.0,13606.0,1.0007359154892357
386.0,1669.0,1.0001552338647428
386.0,377.0,1.0
386.0,10702.0,1.0020320098930793
386.0,9621.0,1.0
386.0,6187.0,1.0
386.0,9266.0,1.0
386.0,9004.0,1.0005236372987572
386.0,2799.0,1.0
386.0,717.0,1.0
386.0,743.0,1.001893277407125
386.0,796.0,1.0004834046980562
386.0,979.0,1.0009238816666102
386.0,4271.0,1.0013454114870557
386.0,6555.0,1.0014557658533616
386.0,6562.0,1.000610271947272
386.0,7589.0,1.0
386.0,7722.0,1.0
386.0,7998.0,1.0009695870913717
386.0,6139.0,1.0002881791406575
386.0,5881.0,1.0
386.0,617.0,1.0
486.0,569.0,1.0
486.0,3451.0,1.0
486.0,1374.0,1.0004540495646712
486.0,1438.0,1.000813560437925
486.0,2417.0,1.0
619.0,5133.0,1.0
619.0,5321.0,1.0014293956775062
619.0,9030.0,1.0005592418118479
619.0,10996.0,1.0
619.0,14129.0,1.0
619.0,15052.0,1.0
619.0,2829.0,1.001290759755764
604.0,10974.0,1.0014039599452933
612.0,4135.0,1.001554364448961
612.0,2314.0,1.0013092055323902
637.0,19521.0,1.000886586193033
641.0,2934.0,1.001667359461622
646.0,13777.0,1.002438414840684
657.0,2231.0,1.0035126871528743
657.0,2523.0,1.0013344458284452
631.0,598.0,1.000034050089703
631.0,1613.0,1.0018113376087854
631.0,2334.0,1.0005370801217124
631.0,7121.0,1.0002468607126664
627.0,4681.0,1.0019121216567264
599.0,1246.0,1.00155808120904
496.0,2578.0,1.0026996462983424
525.0,34409.0,1.0011865231664472
525.0,45591.0,1.0005809679144868
525.0,19914.0,1.0008652880404154
525.0,46107.0,1.001305444645231
553.0,40718.0,1.0001151878357262
553.0,19408.0,1.000355637825833
553.0,3544.0,1.0004000001993476
530.0,575.0,1.0027237864399186
530.0,1038.0,1.0044542095833513
530.0,1508.0,1.0038134074396485
549.0,3748.0,1.002275826781201
212.0,1499.0,1.001456910799691
212.0,944.0,1.001892783271628
238.0,2667.0,1.0037870743782529
238.0,5993.0,1.001542851407851
238.0,6035.0,1.0007017336172934
238.0,9045.0,1.002696936170117
246.0,2150.0,1.0046216440666975
249.0,1311.0,1.0
249.0,4574.0,1.0011965295635905
249.0,6828.0,1.0015317560730825
263.0,1384.0,1.0000647526851185
263.0,546.0,1.0
263.0,51878.0,1.001594000750133
263.0,3316.0,1.0865312106680363
263.0,7739.0,1.0
196.0,10041.0,1.0004448168565263
196.0,17047.0,1.0
196.0,24100.0,1.0
196.0,31338.0,1.0
196.0,34902.0,1.0
196.0,51841.0,1.0005239434509423
196.0,136.0,1.000501130204019
196.0,23667.0,1.000523383721094
196.0,6218.0,1.0
196.0,6647.0,1.0
196.0,9792.0,1.000750531617433
196.0,12463.0,1.0005534504905507
196.0,4265.0,1.0
196.0,504.0,1.0
196.0,2322.0,1.000461983791109
196.0,2458.0,1.0
273.0,4165.0,1.0
279.0,6386.0,1.0030410074738458
293.0,136.0,1.0015281393438114
294.0,1244.0,1.0028101976903203
300.0,4156.0,1.0026642897028237
188.0,453.0,1.0011922831610134
188.0,1039.0,1.0
188.0,88.0,1.0
190.0,460.0,1.0
165.0,27056.0,1.0
165.0,32622.0,1.0
165.0,44903.0,1.0
165.0,40602.0,1.0
165.0,36609.0,1.0
165.0,8905.0,1.0
165.0,20318.0,1.0002306215759726
165.0,37554.0,1.001222755816545
165.0,8017.0,1.0009278036817086
165.0,48523.0,1.0
165.0,50037.0,1.0
165.0,50511.0,1.0
165.0,4740.0,1.073330314773745
165.0,10555.0,1.000488727815856
165.0,16194.0,1.0008325071752735
165.0,17684.0,1.0019258314274269
165.0,19693.0,1.0
165.0,20621.0,1.0017599123693557
165.0,27877.0,1.0
165.0,37967.0,1.0009801142302872
165.0,43189.0,1.0
165.0,28560.0,1.0002522909731812
165.0,30868.0,1.0000741005696163
165.0,31078.0,1.000283026038081
165.0,31103.0,1.0014670844860476
165.0,32023.0,1.0008345456217969
165.0,32808.0,1.0
165.0,4139.0,1.0
165.0,8472.0,1.0
165.0,8936.0,1.0
165.0,6375.0,1.0005328922670882
185.0,361.0,1.0019727456500884
187.0,399.0,1.0028659168404854
342.0,450.0,1.0016440889598106
342.0,1783.0,1.0021819654360138
342.0,16104.0,1.0005120693158007
349.0,570.0,1.000235583594556
349.0,7060.0,1.0008222390337498
349.0,7285.0,1.0021551409348424
349.0,7454.0,1.0019397354050534
373.0,981.0,1.0
374.0,4124.0,1.0
374.0,5575.0,1.0
374.0,8902.0,1.0007024447070028
374.0,10619.0,1.0
374.0,5519.0,1.0007516887930379
374.0,3411.0,1.0
374.0,3798.0,1.0
374.0,4081.0,1.0001569955276308
374.0,4133.0,1.0
334.0,1852.0,1.0
328.0,1624.0,1.0791834139966925
328.0,1384.0,1.0007908288935365
328.0,1255.0,1.002017200981522
328.0,3364.0,1.0
661.0,2644.0,1.0013604400143457
661.0,2203.0,1.0019802689021529
1081.0,1569.0,1.0019128966570796
1094.0,4561.0,1.000548848195873
1110.0,1444.0,1.001167176306774
1110.0,1338.0,1.0
1110.0,1417.0,1.0012150167283385
1111.0,38770.0,1.000984691094789
1073.0,8329.0,1.0023049525173056
1063.0,5415.0,1.0007292996481156
1063.0,4890.0,1.000396999534273
1063.0,2047.0,1.0016015728120018
1132.0,16414.0,1.00289459666715
1183.0,3049.0,1.0
1183.0,6271.0,1.0012103539046648
1183.0,3082.0,1.000937891697691
1183.0,2021.0,1.0001077314224398
1183.0,2167.0,1.0002191411192187
1205.0,1829.0,1.0
1134.0,7648.0,1.0014138142499613
1150.0,34687.0,1.0001769579946673
1044.0,36304.0,1.0002728610306042
1044.0,38907.0,1.0000605976065502
1044.0,25217.0,1.0003158370615761
1044.0,36158.0,1.000133068444155
1044.0,42364.0,1.0006645792255007
1044.0,38802.0,1.0012742899058058
1044.0,36457.0,1.0
1044.0,5514.0,1.0
1044.0,1499.0,1.0
1044.0,3364.0,1.0
1044.0,1392.0,1.0
1044.0,30874.0,1.0
1044.0,36482.0,1.0
1044.0,14533.0,1.003341042097186
1044.0,14569.0,1.0010079672488104
1044.0,14832.0,1.0
1044.0,22864.0,1.0003293857422204
1044.0,23374.0,1.0005304387360439
1044.0,2802.0,1.0
1044.0,3327.0,1.0
1044.0,5499.0,1.0013472330614295
1044.0,6438.0,1.0
1044.0,6633.0,1.0
1044.0,7055.0,1.000081570369332
1044.0,3691.0,1.0011635921842603
1061.0,2199.0,1.0027494476867695
1061.0,2241.0,1.0014946729423222
1061.0,4639.0,1.0023395730821183
1049.0,1449.0,1.0023599261509908
1049.0,43894.0,1.0021696164013965
1208.0,2311.0,1.0
1580.0,4724.0,1.0023675654319528
1580.0,23537.0,1.00542331489277
1618.0,1976.0,1.0017312119085813
1624.0,1059.0,1.0012969988161942
1626.0,4508.0,1.0003608808537163
1626.0,2867.0,1.0
1403.0,7188.0,1.0002843648498105
1408.0,15005.0,1.002892923623911
1409.0,301.0,1.00284240231761
1409.0,1670.0,1.0019245915483683
1398.0,3506.0,1.000408200453546
1398.0,2117.0,1.0006145884194793
1398.0,2175.0,1.0023417219635433
1398.0,2910.0,1.0
1690.0,5849.0,1.0009661119653537
1690.0,4203.0,1.002205809566774
1690.0,4692.0,1.0002911565722183
1703.0,2211.0,1.0026781036518035
1708.0,2167.0,1.0023035851351403
1735.0,2064.0,1.0
1735.0,4098.0,1.0
1735.0,6381.0,1.0
1679.0,1896.0,1.0013017351535332
1337.0,2938.0,1.0
1337.0,22534.0,1.0
1337.0,2330.0,1.0
1337.0,1825.0,1.000504372775228
1337.0,4607.0,1.0010452313855778
1305.0,8370.0,1.0021128794342098
1305.0,7407.0,1.0027363999237837
1283.0,6921.0,1.0038766037511206
1299.0,23317.0,1.0018984263314714
1299.0,40922.0,1.0012914537216793
1300.0,5141.0,1.0025058498858994
1343.0,2039.0,1.0
1343.0,2350.0,1.0
1343.0,2104.0,1.0003463650790954
1343.0,2236.0,1.0015998059451117
1343.0,1745.0,1.0002707241480866
914.0,2001.0,1.0008283556906592
914.0,18812.0,1.0
878.0,3433.0,1.0021482704207598
880.0,890.0,1.0
949.0,45631.0,1.0008611925557365
949.0,9727.0,1.0
949.0,35751.0,1.0008264426695033
949.0,2150.0,1.0002605640686844
949.0,5459.0,1.0000965489897522
949.0,1895.0,1.0005843678510753
949.0,2304.0,1.0
949.0,3188.0,1.0005086094539024
949.0,8920.0,1.0012499213199149
949.0,9420.0,1.0
949.0,10710.0,1.0
949.0,10932.0,1.0
949.0,12472.0,1.0007816039535664
949.0,18767.0,1.0
949.0,6489.0,1.00008130742633
949.0,7239.0,1.0
949.0,7327.0,1.001587919223178
949.0,20251.0,1.0001199530451328
949.0,47914.0,1.0014739485578765
949.0,43132.0,1.0
949.0,22825.0,1.0
949.0,34756.0,1.0
949.0,39180.0,1.0
949.0,39845.0,1.0008027120923106
919.0,4549.0,1.0010505827927474
919.0,5300.0,1.0
922.0,1266.0,1.0
929.0,1164.0,1.0016785489532287
932.0,9604.0,1.000904428865964
867.0,4873.0,1.000333505805766
867.0,2103.0,1.0005392170100165
867.0,5026.0,1.0
867.0,5155.0,1.0
867.0,5159.0,1.0001495739040696
710.0,1169.0,1.00357851217218
742.0,2458.0,1.001041413281668
782.0,5537.0,1.001922508881406
782.0,7896.0,1.0015142484021353
782.0,9409.0,1.0010867793765783
800.0,1508.0,1.0025126640945712
800.0,1074.0,1.0029106727969053
805.0,40639.0,1.001324492334947
805.0,44376.0,1.0020891207942528
683.0,141.0,1.0007150875850983
669.0,3274.0,1.0014291439446144
681.0,1243.0,1.0
826.0,3515.0,1.0005805547129591
826.0,19662.0,1.0
826.0,1800.0,1.0
860.0,1118.0,1.0026981962856107
810.0,1825.0,1.002510316850302
824.0,14766.0,1.002808421946814
1039.0,15728.0,1.0
1039.0,2621.0,1.0012250823198128
1039.0,3327.0,1.0
1039.0,3360.0,1.0000691329448672
1039.0,7527.0,1.0
1011.0,4707.0,1.002876505623121
971.0,2167.0,1.0029984615671144
982.0,19786.0,1.0017411764163564
1007.0,3665.0,1.001722904819596
23.0,6805.0,1.0
23.0,34322.0,1.0008942235511504
23.0,28589.0,1.0
23.0,41787.0,1.0007873459700194
23.0,14178.0,1.0
23.0,35927.0,1.0005093929778022
23.0,36310.0,1.0
23.0,42363.0,1.000118235569502
23.0,4159.0,1.0
23.0,19593.0,1.0
23.0,10977.0,1.0007657586749357
23.0,18700.0,1.0004753990764677
23.0,4873.0,1.0
23.0,43441.0,1.0
23.0,3486.0,1.0009497295934642
23.0,39918.0,1.0
23.0,42534.0,1.0002044269518469
23.0,44984.0,1.0
23.0,42724.0,1.0
23.0,31526.0,1.0007174696247225
23.0,50401.0,1.0011836840987556
23.0,47488.0,1.0007923396551295
23.0,47551.0,1.0001927144942322
23.0,40288.0,1.001505514612127
23.0,9661.0,1.000531301973165
23.0,475.0,1.0019173056813944
23.0,2150.0,1.0003653006914912
23.0,7904.0,1.0002739069395712
23.0,19447.0,1.0009062667188207
23.0,7035.0,1.0
23.0,5575.0,1.0
23.0,4192.0,1.0001162646776158
23.0,4607.0,1.0011333909017477
23.0,2802.0,1.0
23.0,19786.0,1.0
23.0,26799.0,1.0021955832980745
23.0,27442.0,1.0002977607448245
23.0,27574.0,1.0005063466806756
23.0,27717.0,1.000798148323946
23.0,27675.0,1.001000400571141
23.0,22234.0,1.0
23.0,23142.0,1.0007467135283894
23.0,23848.0,1.0
23.0,23913.0,1.0
23.0,35779.0,1.000889389454782
23.0,31862.0,1.0001366990346179
23.0,28844.0,1.0014073082240615
23.0,30337.0,1.0004239034064326
23.0,31084.0,1.0009932788544846
23.0,31848.0,1.0016238264354071
23.0,15314.0,1.0000091923081815
23.0,15734.0,1.0000331116347918
23.0,15903.0,1.0
23.0,15911.0,1.0004400716573054
23.0,15928.0,1.0
23.0,16007.0,1.0005254543106925
23.0,14097.0,1.0
23.0,14107.0,1.0
23.0,14280.0,1.0015910949078164
23.0,14325.0,1.0010585302350956
23.0,14367.0,1.0006459315888012
23.0,14381.0,1.0000217247925443
23.0,35981.0,1.0
23.0,19236.0,1.0001123333375084
23.0,19924.0,1.000827034793695
23.0,20255.0,1.000239159353387
23.0,16270.0,1.0
23.0,17932.0,1.0
23.0,18489.0,1.0002635929035806
23.0,18543.0,1.001271636164922
23.0,18916.0,1.0
23.0,47786.0,1.0003235121301302
23.0,49702.0,1.000078253567798
23.0,49771.0,1.0
23.0,50040.0,1.0
23.0,4448.0,1.0007490564374748
23.0,47675.0,1.0001892798685854
23.0,39717.0,1.0007879532519923
23.0,39980.0,1.0
23.0,42489.0,1.0
23.0,44884.0,1.0006428161382195
23.0,44800.0,1.0
23.0,44592.0,1.001340599492854
23.0,42920.0,1.0011314601743537
23.0,43087.0,1.0
23.0,2694.0,1.0007705247844425
23.0,3465.0,1.0002083724576936
23.0,3542.0,1.0
23.0,2402.0,1.0018416656189222
23.0,4787.0,1.0
23.0,4978.0,1.0013633224587393
23.0,5238.0,1.0
23.0,4582.0,1.0
23.0,4566.0,1.0011728110838813
23.0,4502.0,1.0
23.0,5343.0,1.0000714402452522
23.0,9504.0,1.000869656679657
23.0,9981.0,1.0
23.0,8471.0,1.000238363062031
23.0,8493.0,1.0008947207018342
23.0,8501.0,1.0005407728950941
23.0,8614.0,1.0010803280061462
23.0,8686.0,1.000379166183018
23.0,10038.0,1.0
23.0,10915.0,1.0001531009023545
23.0,11054.0,1.000318581203006
23.0,12507.0,1.0001722910985746
23.0,13900.0,1.0003069956952224
23.0,13915.0,1.000201720706507
23.0,10080.0,1.0013806160038694
23.0,10154.0,1.0007225003343183
23.0,10211.0,1.0005360714561657
23.0,10435.0,1.0
23.0,8217.0,1.002344197220035
23.0,6493.0,1.0
23.0,6553.0,1.0006055519384454
23.0,6561.0,1.000568268439033
23.0,6643.0,1.0007231113114163
23.0,6648.0,1.0
23.0,6723.0,1.000111271564551
23.0,6745.0,1.0
23.0,6769.0,1.0
23.0,6847.0,1.000814744102295
23.0,5711.0,1.000587358739997
23.0,5912.0,1.0002919483643533
23.0,6024.0,1.0
23.0,6208.0,1.0
23.0,6275.0,1.0030300971489918
23.0,7857.0,1.0001346628776333
23.0,7044.0,1.0
23.0,7092.0,1.0003123536510345
23.0,2693.0,1.0
24.0,18.0,1.0437385039297589
24.0,1678.0,1.0436556479898285
24.0,956.0,1.0438617400845591
24.0,5373.0,1.04225432710694
24.0,643.0,1.0427666157180329
34.0,4398.0,1.0015327120383395
34.0,475.0,1.0020712715182465
34.0,1255.0,1.0014396150397966
34.0,32.0,1.0000042729983818
34.0,950.0,1.0
34.0,12.0,1.0015595685823455
34.0,210.0,1.0
34.0,297.0,1.0
34.0,514.0,1.0
34.0,1540.0,1.0
35.0,9830.0,1.0004449502891837
35.0,17313.0,1.0007398050544971
35.0,18392.0,1.0003501761562945
15.0,361.0,1.0039692808685088
11.0,6377.0,1.0029845056416207
5.0,50205.0,1.0007784603015104
5.0,6664.0,1.000165675660866
5.0,44947.0,1.0003551712956393
5.0,40107.0,1.0008037785578332
5.0,231.0,1.000161298817889
5.0,2667.0,1.0025121095792708
5.0,256.0,1.000557548409682
5.0,1700.0,1.0005201095988605
5.0,1355.0,1.0
5.0,1276.0,1.0
5.0,6095.0,1.0008398391662625
5.0,278.0,1.0
5.0,2922.0,1.0000752871354046
5.0,434.0,1.000508512205491
5.0,218.0,1.0002520529333212
5.0,14110.0,1.0
5.0,14988.0,1.0
5.0,15819.0,1.0
5.0,19151.0,1.0
10.0,3748.0,1.0031216562019445
10.0,262.0,1.0037462876805099
104.0,2761.0,1.019324182689983
104.0,30796.0,1.0179035168310038
104.0,3506.0,1.0173663340923513
104.0,18420.0,1.017711885520374
104.0,2069.0,1.0178009872522826
104.0,2262.0,1.018506981837435
104.0,23060.0,1.0189982928854353
104.0,40348.0,1.0184154213095118
104.0,30862.0,1.0193345006180274
104.0,30907.0,1.0173954837233716
104.0,32028.0,1.0176169153573886
104.0,33114.0,1.018403451113857
104.0,36421.0,1.0198707453386993
104.0,16213.0,1.0181361121078438
104.0,20698.0,1.0171102817044386
104.0,26574.0,1.0176004725530754
104.0,27364.0,1.0172733671818608
104.0,38657.0,1.0191937174696128
104.0,39432.0,1.0183482554004306
104.0,10574.0,1.0174389807039994
104.0,41779.0,1.017887051261649
123.0,487.0,1.0015491887733952
123.0,535.0,1.0007251219567486
123.0,243.0,1.000462251322889
141.0,227.0,1.0012333954126185
143.0,1801.0,1.0
143.0,2975.0,1.0
143.0,32025.0,1.0
143.0,35263.0,1.0
114.0,260.0,1.0009289633893224
106.0,41274.0,1.0013382896917837
110.0,100.0,1.0
113.0,1091.0,1.0023505773209405
96.0,10606.0,1.0
96.0,34322.0,1.0046077819690522
96.0,154.0,1.0032630428601754
96.0,9193.0,1.0048238053847318
96.0,7450.0,1.0033044968748228
96.0,36064.0,1.0030521607158447
96.0,956.0,1.004371301495039
96.0,2587.0,1.0030049215699695
96.0,2417.0,1.0025091780509354
96.0,2540.0,1.0045983306672845
96.0,34756.0,1.002621795224585
96.0,262.0,1.0040952880673517
96.0,25173.0,1.0051759564201093
96.0,28536.0,1.00469134837261
96.0,39742.0,1.003795994535514
96.0,2466.0,1.0031069727517063
96.0,138.0,1.0029835182620532
96.0,8490.0,1.0031236775392562
96.0,8807.0,1.002767367505107
96.0,9149.0,1.0048607426122396
96.0,8286.0,1.0023459994154162
96.0,7315.0,1.0057899804933248
96.0,7413.0,1.0043114925894516
96.0,7489.0,1.0056417142441554
96.0,7272.0,1.0045839654332327
96.0,19177.0,1.0048133475912275
96.0,19312.0,1.0036744581248866
96.0,19395.0,1.002894596925215
96.0,13772.0,1.004058430545616
96.0,18415.0,1.0045254316709544
96.0,1782.0,1.0033169727644147
96.0,1960.0,1.0010201475777754
96.0,1994.0,1.0037201076136386
96.0,552.0,1.0058229397317737
96.0,6016.0,1.0049733212025056
96.0,6325.0,1.0023499703760541
96.0,2612.0,1.0053344811239084
96.0,2629.0,1.0039666984037974
96.0,2649.0,1.005178548121676
96.0,5283.0,1.0031799399743064
100.0,250.0,1.0
100.0,269.0,1.001193514192089
100.0,303.0,1.0003912159205863
100.0,3345.0,1.00060333624935
100.0,225.0,1.0
98.0,57.0,1.0
155.0,8067.0,1.0013982881401235
80.0,4886.0,1.001228467127113
80.0,101.0,1.0001128445549268
80.0,5366.0,1.0
80.0,2243.0,1.0
80.0,3612.0,1.0008490322997383
82.0,41.0,1.0
82.0,453.0,1.0004831351345957
82.0,3635.0,1.0004533678305567
82.0,2839.0,1.0
82.0,1101.0,1.0004152640066506
82.0,1604.0,1.0
82.0,1746.0,1.0004668821594034
82.0,2178.0,1.000992042125596
82.0,6355.0,1.0
82.0,5323.0,1.0003731477542026
83.0,74.0,1.000655403969955
83.0,377.0,1.0
83.0,100.0,1.0
83.0,275.0,1.0
83.0,23896.0,1.000950142789787
85.0,68.0,1.0022471864050764
90.0,570.0,1.0016516387154049
79.0,15336.0,1.0002887351235346
79.0,15886.0,1.001665481126189
79.0,162.0,1.0008866340597624
79.0,4630.0,1.0002666731757353
79.0,5021.0,1.000970915693199
79.0,8929.0,1.0012808786279666
39.0,1238.0,1.0
39.0,1366.0,1.000043491524138
39.0,6001.0,1.0
43.0,2862.0,1.0027678751002187
45.0,369.0,1.0
45.0,297.0,1.0006441656935456
45.0,4840.0,1.0012721873055974
45.0,7783.0,1.0
45.0,7953.0,1.0016315113953917
78.0,315.0,1.0024749240809605
64.0,22529.0,1.0010669872157565
64.0,1976.0,1.0005073300135547
64.0,156.0,1.0014409375054998
64.0,6888.0,1.001938573952324
48.0,59.0,1.000655817847512
49.0,976.0,1.0025881452737015
49.0,30094.0,1.0040837373665823
6656.0,18173.0,1.017745454086046
6656.0,19974.0,1.018446269392341
6656.0,10625.0,1.0162822930163387
6656.0,9377.0,1.0170648872876724
6656.0,8157.0,1.0161186663661146
6656.0,22002.0,1.0138304000864173
6656.0,8699.0,1.0179941874410976
6656.0,9466.0,1.0183621978992026
6656.0,8377.0,1.0173133700606756
6656.0,11071.0,1.018870027417501
6656.0,19281.0,1.0182392160518112
6656.0,23404.0,1.0179712661453515
6656.0,19027.0,1.0165522209576454
6656.0,18732.0,1.0144177184049028
6656.0,16369.0,1.0176419013196187
6656.0,16400.0,1.0178666969949401
6629.0,27223.0,1.0
6629.0,9920.0,1.0
6629.0,15745.0,1.0000828416609524
6629.0,16829.0,1.0
6629.0,22395.0,1.0003300903200902
6629.0,17519.0,1.0
6629.0,21907.0,1.0000178637412493
6629.0,20115.0,1.0000758455453718
6629.0,18338.0,1.0
6629.0,2141.0,1.0
6629.0,26730.0,1.0
6629.0,30975.0,1.0006144695982924
6629.0,44348.0,1.0008211481188312
6629.0,17483.0,1.0
6629.0,17966.0,1.001231134768376
6652.0,10469.0,1.0016201579477466
6444.0,20880.0,1.0
6507.0,43193.0,1.001746292183062
6533.0,9029.0,1.0
6933.0,14232.0,1.0
6933.0,9099.0,1.0
6933.0,2168.0,1.000802072296349
6933.0,10566.0,1.0
6956.0,20073.0,1.0035857825086385
7000.0,9184.0,1.0031825811868023
7040.0,4771.0,1.0039231156896289
7052.0,6191.0,1.0011973702228238
6862.0,9019.0,1.0353039769325605
6862.0,10768.0,1.0344146484946324
6876.0,2600.0,1.0016687231892398
6876.0,9019.0,1.001554028676051
6876.0,9704.0,1.000860054088534
7188.0,10906.0,1.0
7188.0,19577.0,1.0008827918479637
7188.0,15768.0,1.001608103445644
7188.0,10462.0,1.001938658960451
7189.0,4456.0,1.0042500488902273
7202.0,14028.0,1.001977446438326
7202.0,14848.0,1.0
7211.0,9543.0,1.0014865737902157
7280.0,8731.0,1.0
7280.0,23213.0,1.0
7152.0,44245.0,1.0034715886447356
7164.0,10049.0,1.0024533583937447
6710.0,37081.0,1.0
6710.0,20502.0,1.0023560850932585
6710.0,36162.0,1.0
6710.0,47679.0,1.0025443595914345
6673.0,9220.0,1.0045676707978601
6815.0,9971.0,1.0027630269400807
6844.0,47906.0,1.0022677406611478
6844.0,15416.0,1.0020650220127554
6794.0,8933.0,1.0014874748409004
6397.0,18566.0,1.0
5337.0,18329.0,1.0008202625798195
5337.0,43742.0,1.000371387295488
5337.0,38351.0,1.0014973124031195
5337.0,2215.0,1.0014136445310626
5337.0,13612.0,1.0
5337.0,19126.0,1.0020713568723174
5337.0,34813.0,1.0
5326.0,10410.0,1.003804572988072
5186.0,28403.0,1.0
5186.0,8682.0,1.0
5272.0,3420.0,1.0034163545428325
5278.0,25316.0,1.0061525243294958
5510.0,23814.0,1.0033816096804515
5580.0,3371.0,1.0023909712926604
5617.0,7353.0,1.0004744311708451
5686.0,7486.0,1.0027472712739345
5696.0,8049.0,1.0022168214369376
5487.0,10680.0,1.0014972963642754
5487.0,17547.0,1.0021279148297333
5487.0,37960.0,1.0024739980210189
5388.0,7093.0,1.0021134314775866
5422.0,7882.0,1.0
5462.0,7160.0,1.0024697508012066
5120.0,8615.0,1.0003374133849026
5121.0,6704.0,1.0043941784968844
5125.0,50642.0,1.0013894977262616
5125.0,49979.0,1.0033611247820629
5139.0,5268.0,1.0013683617929237
5142.0,12276.0,1.001361412011847
5079.0,16175.0,1.0
5079.0,26478.0,1.0
5079.0,34972.0,1.0
5167.0,49932.0,1.0
5167.0,35318.0,1.0
5167.0,35904.0,1.0
5167.0,9884.0,1.0001771209798036
5167.0,27103.0,1.0
5167.0,32252.0,1.0
6236.0,17775.0,1.0
6254.0,49708.0,1.0021610122974938
6254.0,18668.0,1.0034526191612028
6256.0,8650.0,1.001584274929164
6263.0,16665.0,1.0
6268.0,8057.0,1.0038644431798547
6272.0,2112.0,1.001099883768965
6272.0,399.0,1.0017419167302217
6308.0,41647.0,1.0008717433524894
6308.0,22709.0,1.0006959996542049
6308.0,48351.0,1.0
6308.0,37922.0,1.0007756897124251
6308.0,38637.0,1.0000326684475176
6308.0,41004.0,1.0
6321.0,6839.0,1.0008358112488505
6285.0,8146.0,1.0021043551744435
5844.0,36638.0,1.0021962865811247
5850.0,7680.0,1.0029642612539604
5877.0,10204.0,1.00314657395229
5885.0,7931.0,1.0027662388051208
5898.0,7668.0,1.0001941970332087
5961.0,14772.0,1.0038277847780903
5961.0,18381.0,1.0034586133105836
5973.0,8056.0,1.0005874767057692
5973.0,9759.0,1.0010648483642535
5827.0,23136.0,1.0003878971759805
5811.0,7666.0,1.0016268677726106
5730.0,41636.0,1.0011302721008712
5775.0,7267.0,1.0010860672156956
5775.0,9502.0,1.0
5775.0,9554.0,1.0008807442111434
5775.0,13801.0,1.000269817788515
6181.0,8516.0,1.0011437837858295
6185.0,5332.0,1.0006915798821034
6190.0,8055.0,1.0034780059701585
6228.0,17481.0,1.000873343753806
6042.0,7589.0,1.000284100826483
5027.0,20700.0,1.0
5027.0,23145.0,1.0
9094.0,51914.0,1.0006292185970298
9113.0,12472.0,1.003337274315566
10208.0,13581.0,1.0
10232.0,548.0,1.0011285600950552
10240.0,13578.0,1.0037384673829228
8980.0,8757.0,1.0010879462037334
8980.0,13814.0,1.0014558053030136
9039.0,37119.0,1.0014938958728
9085.0,12469.0,1.0025241228949267
10622.0,14524.0,1.0008791331603608
10630.0,9938.0,1.0
10611.0,18727.0,1.0006198355409217
10516.0,11249.0,1.003154817030507
10570.0,13907.0,1.001202324312007
8755.0,12438.0,1.0
8755.0,22815.0,1.0000571082885548
8755.0,14263.0,1.0004553242006604
8755.0,28122.0,1.0013128270101606
8755.0,15483.0,1.0000380060626526
8755.0,14280.0,1.0015606063223033
8755.0,7353.0,1.0
8755.0,16228.0,1.0
8755.0,14680.0,1.0
8755.0,32613.0,1.0
8755.0,20211.0,1.0
8755.0,23304.0,1.000388156505307
8755.0,26841.0,1.0
8755.0,13874.0,1.0016670585957745
8755.0,14343.0,1.0
8755.0,14454.0,1.0000501761562408
8755.0,11207.0,1.0
8755.0,13785.0,1.0000875549691322
8755.0,13807.0,1.0
8755.0,14026.0,1.0003778828726304
8755.0,17189.0,1.0
8755.0,17392.0,1.0022970312338855
8755.0,18660.0,1.0
8755.0,11075.0,1.0010627237372203
8858.0,11187.0,1.0027798053197992
8865.0,40096.0,1.0010373361446805
8865.0,46056.0,1.0
8865.0,39295.0,1.0010640972715488
8865.0,18338.0,1.0
8865.0,39830.0,1.0007797079800116
8883.0,49721.0,1.0
8930.0,19994.0,1.0028179079245907
11387.0,19092.0,1.000278774518332
11387.0,28376.0,1.0000040549164504
11400.0,11187.0,1.0
11430.0,15086.0,1.0024521383768559
11430.0,16265.0,1.001111980158671
11374.0,14881.0,1.0006899876647406
11209.0,30469.0,1.0
11209.0,641.0,1.0004477528573783
11209.0,22544.0,1.0
11209.0,38909.0,1.000317348044189
11209.0,15167.0,1.0008527789239774
11209.0,16010.0,1.001050809441061
11209.0,18246.0,1.0019179821720594
11209.0,14639.0,1.0
11209.0,6577.0,1.0
11313.0,14837.0,1.0009603858497098
11384.0,3737.0,1.002410994211564
11643.0,1059.0,1.0012689156358987
11643.0,40967.0,1.0006922517771502
11643.0,31908.0,1.0
11657.0,7341.0,1.0013400901707104
11515.0,1586.0,1.0032745331108364
11551.0,14983.0,1.002381113459692
11577.0,15055.0,1.0
11591.0,41240.0,1.0014885683437376
11616.0,50551.0,1.0025575531484552
10784.0,9228.0,1.0010845722254633
10966.0,23750.0,1.0009970964299135
10996.0,9316.0,1.0006135482367793
10996.0,17229.0,1.0021554953886422
11077.0,14562.0,1.001540230708985
11084.0,907.0,1.0025473336351605
11089.0,14301.0,1.002545375925585
11136.0,10540.0,1.0030522987506028
11147.0,14645.0,1.0032778169594372
11169.0,6686.0,1.0038962928697457
8163.0,10909.0,1.0
8163.0,2282.0,1.0019335685494686
8163.0,10737.0,1.001091305053364
8163.0,3465.0,1.0010575919269895
8188.0,17446.0,1.0
8188.0,34220.0,1.000389151893092
8188.0,15235.0,1.0012830781338788
8188.0,14983.0,1.0
8188.0,19212.0,1.0003264211560934
8188.0,23877.0,1.0007875343179387
8081.0,22173.0,1.003400062018988
8076.0,7531.0,1.0012598887250443
7922.0,8630.0,1.0023334638793557
7927.0,8630.0,1.0022816276757005
7992.0,10274.0,1.0014349883682256
7998.0,14958.0,1.0028048488479306
7998.0,15838.0,1.0011390030277998
7998.0,18012.0,1.0016130304775348
8014.0,2.0,1.0030774507700755
8040.0,10302.0,1.0022617129932951
8256.0,48201.0,1.0020985904476727
8380.0,15034.0,1.0009760168779123
8380.0,7011.0,1.0006046131575788
8380.0,10692.0,1.0005754737417563
8211.0,10408.0,1.0007687862598313
8192.0,36965.0,1.0036724649213178
8192.0,36480.0,1.0033787101737062
7450.0,10159.0,1.0023468968477869
7450.0,6166.0,1.0027566711848597
7496.0,9849.0,1.0007371835889183
7505.0,4290.0,1.0010695759978097
7550.0,9832.0,1.0
7569.0,9981.0,1.000413130521475
7569.0,10425.0,1.0022553174631788
7569.0,12491.0,1.0013741596866317
7569.0,16416.0,1.0024042579647887
7395.0,9788.0,1.0
7395.0,10003.0,1.0004724389153377
7302.0,9585.0,1.003837238609175
7329.0,9139.0,1.0028673981439231
7336.0,805.0,1.002819704610488
7336.0,8373.0,1.0035164704544737
7336.0,9609.0,1.0015725219822595
7387.0,18950.0,1.0018044788746785
7387.0,9422.0,1.0025305863637213
7387.0,19211.0,1.002115948224851
7772.0,9956.0,1.001963629686813
7646.0,15351.0,1.0010209518375588
7654.0,402.0,1.0001270440799461
7654.0,23479.0,1.001698095867329
8436.0,50094.0,1.0
8436.0,11255.0,1.0004734109524849
8436.0,17655.0,1.0
8497.0,11024.0,1.0014542567602693
8385.0,7083.0,1.0039670887160002
8691.0,19830.0,1.0007055080935745
8691.0,13652.0,1.0
8691.0,14247.0,1.0008965673816876
8691.0,13972.0,1.0
8725.0,8420.0,1.0022573358194236
8532.0,17057.0,1.0010978575162202
8532.0,2215.0,1.0022846153654172
8532.0,15361.0,1.0008011389759484
8690.0,11034.0,1.0013233833485982
8690.0,14540.0,1.001174070560612
5005.0,8771.0,1.000880550947317
2703.0,1456.0,1.0106991149632225
2703.0,17811.0,1.0173730387575952
2703.0,36178.0,1.0168562623784152
2703.0,16742.0,1.0182267577965671
2703.0,16920.0,1.018081854929719
2703.0,6572.0,1.0167362246519962
2703.0,16414.0,1.017359659690737
2703.0,17451.0,1.015839429040221
2703.0,10301.0,1.017583182161404
2703.0,22809.0,1.017144574193763
2703.0,26627.0,1.0168619972211885
2703.0,41562.0,1.0170695655683941
2703.0,38520.0,1.0174189926717616
2703.0,27329.0,1.0172087552518336
2703.0,4320.0,1.0176297305852362
2703.0,3616.0,1.0175155327804004
2703.0,17723.0,1.0158114629092256
2703.0,4421.0,1.0174293901413378
2703.0,4796.0,1.0173320824444227
2703.0,23877.0,1.0180411870227308
2703.0,14984.0,1.0158386369187524
2703.0,18708.0,1.0162536749477873
2703.0,18824.0,1.0186948174214971
2703.0,18833.0,1.0156415638567187
2703.0,22015.0,1.0163304710707444
2703.0,18280.0,1.0167840263862549
2703.0,17572.0,1.0166863343590362
2703.0,17610.0,1.020775668259851
2703.0,18004.0,1.016659911464352
2703.0,18199.0,1.018504009011864
2703.0,23731.0,1.0164635383488498
2703.0,24005.0,1.0156943851170563
2703.0,24050.0,1.0180854265932515
2703.0,22862.0,1.015615295737184
2703.0,23083.0,1.017242538362764
2703.0,23108.0,1.0189993607309682
2703.0,23216.0,1.0176309215738415
2703.0,23326.0,1.016529998579647
2703.0,23358.0,1.018438336580397
2703.0,17501.0,1.0186533868943917
2703.0,17461.0,1.0165845525151724
2703.0,3201.0,1.0169492227128558
2703.0,12513.0,1.017054219173059
2703.0,14626.0,1.0169313247093532
2703.0,15252.0,1.018684929865978
2703.0,4434.0,1.0189154696225318
2703.0,8306.0,1.0175260419247134
2703.0,35364.0,1.0171373717432899
2703.0,26724.0,1.015052633148386
2703.0,26968.0,1.0174496380834779
2703.0,17881.0,1.0162602656592628
2603.0,7188.0,1.0
2603.0,9609.0,1.0
2603.0,17054.0,1.0
2603.0,9273.0,1.0
2603.0,10985.0,1.0
2637.0,5719.0,1.0037481438628495
2697.0,3821.0,1.0028956444652721
2995.0,3433.0,1.000668322805178
3068.0,5691.0,1.0
3068.0,3550.0,1.000674067721562
2974.0,4221.0,1.0001123821139093
2857.0,3348.0,1.0037552553000442
2867.0,3371.0,1.0017163849882167
2893.0,3383.0,1.0027228916800588
2944.0,3433.0,1.0015166399553013
2954.0,3433.0,1.0031941810314355
2958.0,3000.0,1.0023415483351574
3126.0,8146.0,1.0002335621120872
3126.0,10579.0,1.000057908639693
3126.0,7765.0,1.0015097887237732
3126.0,8154.0,1.001282159730695
3126.0,5337.0,1.000594787456527
3126.0,10183.0,1.0013984572300467
3126.0,3058.0,1.0018559421451996
3114.0,4845.0,1.0007914635248056
3114.0,4597.0,1.0006229323139335
3114.0,3070.0,1.0
2722.0,3150.0,1.0425232266504216
2722.0,1570.0,1.0436098840501746
2722.0,3235.0,1.0445566375018243
2722.0,4087.0,1.0438847741354444
2828.0,35536.0,1.0001145112944227
2828.0,48450.0,1.0033339564722947
2828.0,27634.0,1.0002421450991823
2828.0,34403.0,1.001590420026902
2033.0,19298.0,1.0
2033.0,27394.0,1.0
2033.0,8771.0,1.0
2033.0,8467.0,1.0
2033.0,9937.0,1.0
2033.0,14299.0,1.0
2033.0,23358.0,1.000110451426928
2033.0,10224.0,1.0
2033.0,23306.0,1.0
2033.0,14504.0,1.0000677449726068
2027.0,5264.0,1.002567799126527
2027.0,4816.0,1.0017733129646345
2027.0,19665.0,1.0018297134244563
2067.0,1056.0,1.0018993571136545
2080.0,42662.0,1.0014395653679358
2087.0,3049.0,1.0
2111.0,2507.0,1.0
2114.0,8560.0,1.0004857879301075
2011.0,2314.0,1.0016812468709442
1993.0,16414.0,1.0025595027439105
1791.0,1507.0,1.0
1792.0,598.0,1.0001017929145577
1792.0,3117.0,1.0012994950918965
1762.0,2361.0,1.0
1781.0,4828.0,1.0026377647198133
1781.0,6134.0,1.0025911010579
1898.0,2074.0,1.003356818532311
1941.0,1823.0,1.0035503799532484
1941.0,2456.0,1.0009745105461942
1808.0,2024.0,1.0011926255095456
1835.0,2561.0,1.0006720854315974
1835.0,15809.0,1.0
2158.0,10696.0,1.0
2158.0,3111.0,1.00071587849649
2158.0,5421.0,1.003029895321488
2158.0,9470.0,1.0009471236236707
2158.0,10132.0,1.0022050429076033
2433.0,4709.0,1.0
2440.0,2929.0,1.0
2459.0,4381.0,1.0
2459.0,4551.0,1.0
2459.0,5199.0,1.0
2459.0,2482.0,1.0
2459.0,4484.0,1.0
2417.0,16071.0,1.0037958243608893
2382.0,5210.0,1.0010401280558838
2382.0,4989.0,1.0012155628305857
2383.0,8242.0,1.0024770089547115
2408.0,4245.0,1.0
2411.0,39573.0,1.0019412930403073
2411.0,40107.0,1.0022895510815557
2465.0,1915.0,1.0024536869834781
2464.0,5431.0,1.0012670918257882
2209.0,5998.0,1.0007286800112576
2224.0,6080.0,1.0014595257942407
2280.0,8067.0,1.0003885103639414
2280.0,3058.0,1.0012395838685502
2280.0,2796.0,1.0
2280.0,2886.0,1.0005929489168266
2280.0,3016.0,1.0005189004047628
2280.0,20654.0,1.0
2280.0,25330.0,1.0005806754719704
2280.0,10618.0,1.0005018156168763
2280.0,3603.0,1.0
2280.0,9984.0,1.000990131557202
2192.0,9044.0,1.0
2177.0,3498.0,1.0008937801269875
2287.0,2799.0,1.0031591266821267
2356.0,2779.0,1.0027865573758141
3943.0,14123.0,1.0
3943.0,10041.0,1.000456666363384
3943.0,6574.0,1.0
3943.0,42163.0,1.0001064928728933
3943.0,7556.0,1.0
3943.0,32400.0,1.0
3943.0,2241.0,1.0
3943.0,3665.0,1.0001125376107933
3943.0,7782.0,1.0
3943.0,8197.0,1.000337034155613
3943.0,8440.0,1.001848090758703
3943.0,6996.0,1.0007402423086649
3943.0,6620.0,1.0
3943.0,20159.0,1.0
3943.0,20703.0,1.0
3943.0,10112.0,1.0
3943.0,12327.0,1.0010016497020993
3943.0,8107.0,1.0
3943.0,6673.0,1.0014906521322657
3943.0,4838.0,1.0031593582026679
3943.0,5951.0,1.0
3943.0,6434.0,1.0014336462468787
4020.0,20180.0,1.0007432514363697
4020.0,6828.0,1.0004355348534135
4020.0,20753.0,1.0004756920742566
4020.0,34542.0,1.0
4020.0,3487.0,1.000489812918631
4020.0,9214.0,1.0020146275701636
4020.0,9700.0,1.001227989183496
4047.0,3429.0,1.0
4060.0,8912.0,1.0028271933474902
4082.0,4847.0,1.000666607738709
3926.0,3389.0,1.0
3926.0,5523.0,1.0009612345026784
3835.0,41361.0,1.0
3835.0,50771.0,1.0013094186350913
3835.0,15278.0,1.0001663434232115
3835.0,15386.0,1.0
3835.0,38520.0,1.0000711438725167
3835.0,805.0,1.0006721703631463
3835.0,27785.0,1.0015404966663364
3835.0,31751.0,1.0
3835.0,44387.0,1.0
3838.0,4886.0,1.0031241413081522
3840.0,4845.0,1.003623856110982
4092.0,510.0,1.0011201357122215
4092.0,5722.0,1.002160706766473
4092.0,7247.0,1.0017880493344866
4092.0,12450.0,1.0
4092.0,13604.0,1.0011595123063102
4092.0,5756.0,1.000573873395771
4092.0,4120.0,1.0
4092.0,10919.0,1.0004417962433798
4092.0,23721.0,1.0012598422576515
4670.0,10664.0,1.002383496275601
4795.0,18423.0,1.001683062558089
4795.0,31325.0,1.0007352397850928
4795.0,5916.0,1.0008091082407666
4795.0,16093.0,1.0008255860214976
4795.0,17497.0,1.0017481923035718
4795.0,18137.0,1.0001380282572063
4566.0,14886.0,1.0
4566.0,15402.0,1.0013417154759203
4566.0,5871.0,1.0
4573.0,5865.0,1.001959059240587
4616.0,6029.0,1.0024360600372353
4859.0,6264.0,1.0022401933177396
4873.0,6272.0,1.0003893796885297
4887.0,16672.0,1.0019803181768128
4889.0,6297.0,1.0033129828392522
4903.0,4765.0,1.0040648623426356
4910.0,8535.0,1.0022394226754396
4910.0,8442.0,1.002719170449983
4930.0,6363.0,1.0031120844185206
4855.0,8380.0,1.0009698894152823
4527.0,5465.0,1.0
4146.0,17209.0,1.0014420075644093
4146.0,22329.0,1.0000469283773674
4199.0,5426.0,1.0034380380348333
4226.0,5461.0,1.0008118424941004
4263.0,5499.0,1.0032016009952787
4278.0,5861.0,1.0002308038848555
4278.0,5504.0,1.0
4129.0,5413.0,1.003185226702821
4301.0,23889.0,1.0000363622361066
3451.0,37851.0,1.000395733953989
3451.0,5920.0,1.0
3451.0,16401.0,1.0001600260562185
3451.0,8437.0,1.000133810311111
3458.0,35888.0,1.0
3458.0,34482.0,1.0000709416149514
3337.0,4263.0,1.0025944237681188
3343.0,13584.0,1.0022401055206382
3398.0,52110.0,1.0
3575.0,41685.0,1.0
3575.0,42787.0,1.0000514407313728
3606.0,3122.0,1.00088326543415
3606.0,9267.0,1.0004000470047887
3480.0,8316.0,1.001773235720019
3499.0,4105.0,1.0023371115173552
3508.0,5300.0,1.0001994024071912
3178.0,44883.0,1.0005609926519037
3178.0,49844.0,1.0007392231432446
3178.0,40562.0,1.0007885641406837
3178.0,50647.0,1.0004648195598715
3178.0,41191.0,1.0011395311970577
3178.0,43096.0,1.0
3178.0,44331.0,1.001882092941079
3178.0,44925.0,1.0029482767627578
3181.0,3637.0,1.0013923557323676
3194.0,4265.0,1.0008135805894471
3194.0,3235.0,1.001306059928632
3194.0,3831.0,1.0
3206.0,3777.0,1.0039922845721048
3211.0,6905.0,1.0027377200290355
3312.0,2560.0,1.0033651479289893
3312.0,1091.0,1.0022908101507184
3312.0,4037.0,1.0008675890201049
3252.0,1955.0,1.0005734170735467
3288.0,3074.0,1.0004451339624318
3790.0,15791.0,1.0
3790.0,4501.0,1.0
3790.0,22002.0,1.0
3790.0,9971.0,1.0
3790.0,30094.0,1.0012728814435263
3790.0,8635.0,1.0
3790.0,7680.0,1.0
3790.0,17572.0,1.0
3790.0,9278.0,1.000431515091395
3790.0,5226.0,1.0
3790.0,10183.0,1.0004977493670846
3790.0,5622.0,1.0
3790.0,14856.0,1.0
3790.0,10587.0,1.0
3790.0,22579.0,1.0
3790.0,26876.0,1.0
3790.0,4753.0,1.0
3790.0,5274.0,1.0002920510726998
3790.0,7797.0,1.0011138244745639
3790.0,6353.0,1.000948992661814
3668.0,20304.0,1.0
3789.0,4740.0,1.0737015386527233
3677.0,45431.0,1.000941714989969
3704.0,7670.0,1.0005929032158691
3727.0,4681.0,1.002336351179934
3768.0,3360.0,1.0000335960433586
3776.0,965.0,1.0003236598470706
10939.0,1244.0,1.0036753992200873
26157.0,27352.0,1.0
