4.0,96.0,1.0046569011070292
4.0,2560.0,1.0018397009709978
25579.0,5003.0,1.0719980240797706
25579.0,7652.0,1.071325279314432
25579.0,8841.0,1.0702396974184005
25579.0,8904.0,1.071849939244787
25579.0,9158.0,1.0724429038152772
25579.0,4398.0,1.0709336262957518
25579.0,773.0,1.072231595563125
25579.0,1367.0,1.0705136010287757
25579.0,2093.0,1.0713840613196794
25579.0,2274.0,1.0720811203196938
25579.0,2968.0,1.071082929157114
25579.0,3803.0,1.0701384950767914
25579.0,9964.0,1.0704857916462467
25579.0,12342.0,1.0719948941032704
25579.0,12373.0,1.069759686898076
25579.0,13822.0,1.071382784916884
25579.0,14841.0,1.071420257110607
25579.0,32076.0,1.0706773263172902
25579.0,32323.0,1.0705639612015694
25579.0,31567.0,1.0718683798188864
25579.0,31608.0,1.0722406928422992
25579.0,31708.0,1.0710435218424637
25579.0,31967.0,1.0727894792165853
25579.0,32015.0,1.07227715778604
25579.0,31485.0,1.072036212113452
25579.0,32694.0,1.071473356346973
25579.0,34693.0,1.070290370447764
25579.0,34704.0,1.0710358703589218
25579.0,34743.0,1.070092217875682
25579.0,34749.0,1.0712664144057746
25579.0,35190.0,1.072631802426958
25579.0,35334.0,1.0706270333024333
25579.0,35365.0,1.0723896550097152
25579.0,35424.0,1.072011902921298
25579.0,34644.0,1.070718229011851
25579.0,34322.0,1.0724731311196183
25579.0,27530.0,1.07221549578349
25579.0,27779.0,1.0710078945836725
25579.0,27794.0,1.0720908643662828
25579.0,27982.0,1.0718248924416547
25579.0,27082.0,1.0731981940513353
25579.0,22208.0,1.0705598761037445
25579.0,23395.0,1.0729775118674052
25579.0,23757.0,1.0702368992650189
25579.0,23868.0,1.070703427079374
25579.0,26712.0,1.0706845539052576
25579.0,31402.0,1.070877189501338
25579.0,30816.0,1.0717514134335597
25579.0,30873.0,1.070342113539238
25579.0,30929.0,1.072265328977022
25579.0,31026.0,1.0716228382303619
25579.0,31206.0,1.0715150742959223
25579.0,30078.0,1.0722724617281298
25579.0,30031.0,1.0712411256726873
25579.0,28927.0,1.0710015553964323
25579.0,28350.0,1.0713384099586065
25579.0,28382.0,1.0704995950503817
25579.0,28710.0,1.0718687533667322
25579.0,28858.0,1.0727362334623634
25579.0,35569.0,1.0723768721647977
25579.0,40820.0,1.0710208668818864
25579.0,35637.0,1.0717600357711297
25579.0,37524.0,1.0702409804380897
25579.0,37709.0,1.0717152136429002
25579.0,36224.0,1.0711919101752183
25579.0,36251.0,1.0714709539710519
25579.0,37276.0,1.0720213649134784
25579.0,38749.0,1.0703868173720408
25579.0,39512.0,1.0708867667642683
25579.0,35624.0,1.0707505718332546
25579.0,37757.0,1.071592172431593
25579.0,37811.0,1.0716822969483826
25579.0,37916.0,1.0707655365448718
25579.0,38460.0,1.0715337645505052
25579.0,38606.0,1.069689214183042
25579.0,38283.0,1.0706777434585977
25579.0,37198.0,1.0721367153278518
25579.0,37286.0,1.0724208299602473
25579.0,37440.0,1.0726784600306911
25579.0,37603.0,1.0725804750636745
25579.0,37666.0,1.07244713658533
25579.0,39648.0,1.0725975704957447
25579.0,39770.0,1.0733661053175103
25579.0,39420.0,1.07136763430435
25579.0,38775.0,1.0709096724432527
25579.0,38921.0,1.0711188080748706
25579.0,39025.0,1.0711276504591614
25579.0,39063.0,1.0679933486043711
25579.0,39075.0,1.0712783424225238
25579.0,39429.0,1.0711482223185962
25579.0,37179.0,1.071806401881764
25579.0,36074.0,1.0712106969621455
25579.0,36170.0,1.071882719396378
25579.0,35968.0,1.072873929520268
25579.0,35711.0,1.0705964567955082
25579.0,35791.0,1.0712875936282138
25579.0,35800.0,1.071577988646255
25579.0,35848.0,1.072139569691756
25579.0,35930.0,1.0710070536078133
25579.0,36282.0,1.0701549829586776
25579.0,36837.0,1.071411764159452
25579.0,36957.0,1.0712411203427121
25579.0,37068.0,1.0724182191538216
25579.0,37108.0,1.0718130622565096
25579.0,37129.0,1.0705629063613626
25579.0,36327.0,1.0721458056763755
25579.0,36355.0,1.0710478388437072
25579.0,36453.0,1.0708212479686576
25579.0,36513.0,1.0707737027340627
25579.0,36548.0,1.0714635153580356
25579.0,36635.0,1.0722364937657933
25579.0,49875.0,1.0724431729634671
25579.0,50540.0,1.072120377362622
25579.0,48063.0,1.0711976640615977
25579.0,45622.0,1.071951840794846
25579.0,45834.0,1.0702840878966844
25579.0,45977.0,1.071896447400717
25579.0,47202.0,1.072806735954975
25579.0,47374.0,1.071806898937458
25579.0,47805.0,1.0710973189865367
25579.0,45317.0,1.0715786918135994
25579.0,42192.0,1.071536604420694
25579.0,42259.0,1.0726772099352102
25579.0,42352.0,1.0723515478455026
25579.0,42363.0,1.0714558193689625
25579.0,42416.0,1.0733280075436689
25579.0,41832.0,1.0699103968495984
25579.0,41763.0,1.0714388914566673
25579.0,40602.0,1.0713137896183986
25579.0,40725.0,1.0730148943726807
25579.0,40875.0,1.0711723512166795
25579.0,40881.0,1.0739465178107297
25579.0,40925.0,1.0708248586047626
25579.0,41014.0,1.0706881560268329
25579.0,41494.0,1.0741153425768228
25579.0,41736.0,1.0719775097498523
25579.0,42440.0,1.0718148140492003
25579.0,43672.0,1.0716378228074155
25579.0,44154.0,1.0712994745471414
25579.0,44365.0,1.071181906660926
25579.0,44901.0,1.0737162089640635
25579.0,45002.0,1.0719527419798978
25579.0,42997.0,1.0719430205798504
25579.0,43036.0,1.07077860172283
25579.0,43274.0,1.0720661930128788
25579.0,45363.0,1.072142369203349
25375.0,41968.0,1.0007929311877262
25394.0,26590.0,1.0012370444892198
25398.0,48525.0,1.001808322817745
25415.0,4956.0,1.0
25415.0,6923.0,1.0004918189433456
25415.0,36176.0,1.000637032471619
25415.0,44255.0,1.0
25415.0,44319.0,1.0
25415.0,45694.0,1.0
25415.0,45929.0,1.0011311115519603
25415.0,43496.0,1.0
25415.0,37593.0,1.0
25415.0,38250.0,1.0
25415.0,39334.0,1.0017965106497608
25415.0,39437.0,1.0003235607404937
25415.0,41842.0,1.0
25120.0,27223.0,1.002955267228386
25153.0,26486.0,1.0
25206.0,40275.0,1.0026584409494412
25220.0,32418.0,1.0014336582095802
25281.0,26918.0,1.0
25359.0,28279.0,1.0015424323351056
25425.0,16419.0,1.0031721388149777
22400.0,23681.0,1.0003116229962787
22400.0,23449.0,1.0003950916101032
22504.0,18951.0,1.0
22504.0,32951.0,1.001825886483073
22504.0,32957.0,1.0012637601821868
22504.0,45589.0,1.0
22385.0,43150.0,1.0029544743354222
22385.0,32719.0,1.003500422068528
22367.0,16234.0,1.0
22367.0,14090.0,1.0
22367.0,50294.0,1.0
22367.0,52191.0,1.001275274489181
22367.0,48395.0,1.0
22367.0,36029.0,1.0006383415454045
22367.0,36594.0,1.0004549124963318
22367.0,37266.0,1.0
22367.0,38290.0,1.0016252825125247
22367.0,38491.0,1.0012046615893155
22367.0,39802.0,1.0
22367.0,35783.0,1.0
22367.0,35608.0,1.0014004822401008
22367.0,34236.0,1.0002731575154447
22367.0,34262.0,1.0005158258219868
22367.0,34825.0,1.0
22367.0,34846.0,1.0
22367.0,35153.0,1.001195813214627
22367.0,35431.0,1.0
22367.0,35739.0,1.0
22367.0,46029.0,1.0
22367.0,47186.0,1.0004837986582817
22367.0,47821.0,1.0
22367.0,47966.0,1.0
22367.0,44662.0,1.0
22367.0,40494.0,1.0
22367.0,40665.0,1.0
22367.0,40716.0,1.0008432682369004
22367.0,41000.0,1.0011448870698045
22367.0,41250.0,1.0
22367.0,32357.0,1.0
22367.0,32298.0,1.000047568894172
22367.0,4923.0,1.0
22367.0,27758.0,1.0017232386293027
22367.0,27918.0,1.0002999669070567
22367.0,31319.0,1.001592478185953
22367.0,31414.0,1.0009837005852837
22367.0,31949.0,1.0
22367.0,26535.0,1.0000534802655223
22367.0,26366.0,1.0
22367.0,7626.0,1.0012363906772033
22367.0,16122.0,1.0000538705034754
22367.0,20420.0,1.0030568833787241
22682.0,40820.0,1.0014119085447253
22682.0,44051.0,1.0020616931084139
22733.0,23743.0,1.0022522155039617
22733.0,24099.0,1.0032418022971994
22784.0,12476.0,1.0009399493168083
22806.0,26460.0,1.0
22522.0,36926.0,1.0013199017934493
22522.0,40535.0,1.0023335296700773
22522.0,40900.0,1.0016159152838942
22545.0,26370.0,1.0027044774748062
22624.0,23619.0,1.0
22879.0,44245.0,1.001171118166717
23274.0,25262.0,1.0034816336334427
23293.0,8520.0,1.0013338015619078
23481.0,47350.0,1.000876508345754
23506.0,44100.0,1.0
23506.0,45993.0,1.0010687912685807
23506.0,51944.0,1.0006918549235315
23149.0,52155.0,1.0020656633818414
23149.0,45017.0,1.0
23149.0,32459.0,1.0
23149.0,44175.0,1.0014578663251177
23188.0,1333.0,1.0
23188.0,44935.0,1.0
23188.0,47933.0,1.0
23203.0,36204.0,1.0011815290889805
23254.0,20860.0,1.0032746331621332
24765.0,26416.0,1.0
24937.0,25181.0,1.0021810465857681
24966.0,23943.0,1.0031287528089219
24987.0,26671.0,1.0015857538927142
24991.0,26664.0,1.003736309218704
23523.0,2080.0,1.0
23554.0,39276.0,1.0019722359685046
23580.0,9701.0,1.002528663354447
24599.0,35152.0,1.0016701817861628
24645.0,43371.0,1.002450955718577
24698.0,3430.0,1.0017675304375027
23087.0,27572.0,1.000354263757462
23087.0,28505.0,1.0002668344618122
23087.0,30234.0,1.0013718350173573
23087.0,34481.0,1.0003388030483171
23087.0,14232.0,1.0001688157515611
23087.0,15416.0,1.0
23087.0,44318.0,1.0021176084972376
23087.0,35472.0,1.0002537313993467
23087.0,40561.0,1.0005081600783579
23087.0,41804.0,1.0
23087.0,41989.0,1.0
22916.0,7013.0,1.0003499434909446
22922.0,23849.0,1.0022975122736588
22976.0,26494.0,1.0040826386514394
22976.0,27158.0,1.002023705957256
23035.0,31388.0,1.0
23059.0,25167.0,1.0024273976068017
23067.0,23967.0,1.0007068544037536
26143.0,74.0,1.0045058778056692
26297.0,10490.0,1.0
26120.0,16763.0,1.0015481187932962
26088.0,31385.0,1.0017874836574951
26046.0,23175.0,1.0035941140236457
25619.0,27726.0,1.0015451192192666
25659.0,29994.0,1.000947683088064
25723.0,27861.0,1.0026507813371264
25847.0,20313.0,1.0037752858092457
25868.0,27392.0,1.0026072087084013
26476.0,27940.0,1.0039932935411795
26648.0,30929.0,1.0008600829740575
26648.0,31231.0,1.0
26648.0,25326.0,1.0
26648.0,8376.0,1.0011052719098008
26648.0,8886.0,1.0024503061992267
26648.0,9907.0,1.0003550088575757
26648.0,11220.0,1.0
26648.0,8048.0,1.0
26648.0,13945.0,1.0
26648.0,30972.0,1.0
26648.0,31365.0,1.0000143733588467
26648.0,30361.0,1.0
26648.0,30389.0,1.0012182588961533
26648.0,30469.0,1.0
26648.0,30501.0,1.0
26648.0,30507.0,1.0
26648.0,30522.0,1.0
26648.0,30796.0,1.0
26648.0,34463.0,1.0016310140132483
26648.0,34494.0,1.0003060767267484
26648.0,34513.0,1.0
26648.0,35168.0,1.0
26648.0,35178.0,1.0000732162755885
26648.0,35991.0,1.000814467077714
26648.0,36017.0,1.0
26648.0,32706.0,1.0
26648.0,31896.0,1.0
26648.0,32209.0,1.0009668495404866
26648.0,32423.0,1.000700237424615
26648.0,32469.0,1.0
26648.0,19495.0,1.000130885101692
26648.0,19804.0,1.0024692692299624
26648.0,21937.0,1.0
26648.0,23560.0,1.0012848710685291
26648.0,23799.0,1.0021234577868685
26648.0,18586.0,1.0
26648.0,14178.0,1.0005351220991499
26648.0,14556.0,1.0
26648.0,18432.0,1.0
26648.0,28787.0,1.0004759569433694
26648.0,28865.0,1.0
26648.0,28909.0,1.0004075508732593
26648.0,29984.0,1.0
26648.0,30093.0,1.0
26648.0,30133.0,1.0004590641379159
26648.0,28749.0,1.0005493241561763
26648.0,27202.0,1.0
26648.0,27814.0,1.0
26648.0,28179.0,1.0
26648.0,28415.0,1.0
26648.0,28601.0,1.0
26648.0,37265.0,1.001649451546145
26648.0,42905.0,1.0013791744839597
26536.0,38416.0,1.003439091934569
26587.0,37284.0,1.0014909251294168
25597.0,35889.0,1.0
25597.0,38760.0,1.0
25597.0,39009.0,1.0
25597.0,39049.0,1.0
25597.0,39456.0,1.0001960053987549
25597.0,39512.0,1.0
25597.0,37459.0,1.000638338327237
25597.0,37557.0,1.0004089878609665
25597.0,37651.0,1.0005138031202896
25597.0,37802.0,1.0
25597.0,38015.0,1.0
25597.0,46171.0,1.0002596924530418
25597.0,47722.0,1.0
25597.0,47752.0,1.0
25597.0,47839.0,1.0000568102133789
25597.0,48450.0,1.000115478291722
25597.0,45576.0,1.0000841002406875
25597.0,45462.0,1.0
25597.0,40312.0,1.000069223088656
25597.0,41270.0,1.0014624345319536
25597.0,41908.0,1.0001334435975928
25597.0,42946.0,1.0
25597.0,37385.0,1.0
25597.0,37309.0,1.0002086102578671
25597.0,36535.0,1.0002281339996868
25597.0,14190.0,1.0
25597.0,31328.0,1.0001909386240222
25597.0,31972.0,1.0002621882291682
25597.0,32149.0,1.0000528278519991
25597.0,34361.0,1.0
25597.0,36288.0,1.0
25597.0,36330.0,1.0
25597.0,36746.0,1.0
25597.0,36797.0,1.0001061603106358
25597.0,37221.0,1.0000974193243406
25597.0,32805.0,1.0014406156589568
25597.0,34863.0,1.0013292514333751
25597.0,35336.0,1.000126689060952
25597.0,35680.0,1.000645464438618
25597.0,37329.0,1.0
16777.0,47243.0,1.0010624494490816
16778.0,1367.0,1.002868866337332
16852.0,22456.0,1.0028237735466652
16878.0,13910.0,1.0023923016281826
16889.0,7119.0,1.0023741397307673
16894.0,28897.0,1.0046860324382414
16952.0,18943.0,1.0026963128710924
16959.0,47449.0,1.0031382517867358
16965.0,6788.0,1.002943201554752
16965.0,18950.0,1.0013245738164085
16419.0,20473.0,1.0017723039291961
16577.0,10461.0,1.0011379053662988
16672.0,14886.0,1.0
16700.0,19915.0,1.0014825072005826
16700.0,22489.0,1.004443578285995
16711.0,18628.0,1.0043300929969656
17218.0,19223.0,1.0034407120682949
17355.0,22068.0,1.0035469669832935
17358.0,7087.0,1.001462080759153
17358.0,19477.0,1.0007925829358444
16968.0,13554.0,1.0036021399410162
16968.0,17608.0,1.0021926084981057
17044.0,18635.0,1.0026915865216075
17062.0,19042.0,1.005008624142651
17062.0,19044.0,1.0048577472779925
17070.0,9089.0,1.003528584123379
15636.0,15538.0,1.0030398333357513
15649.0,8739.0,1.0062380207718644
15936.0,16920.0,1.0044100865351235
15949.0,18173.0,1.0014715287637732
15288.0,45893.0,1.0
15288.0,44879.0,1.0003338051006587
15288.0,34888.0,1.000354373571478
15288.0,41755.0,1.0020279012009068
15288.0,42400.0,1.0013910031894375
15288.0,4762.0,1.0000779359551273
15288.0,17530.0,1.001349985297693
15288.0,18573.0,1.0
15288.0,19625.0,1.0
15288.0,19784.0,1.0
15288.0,23504.0,1.0005735523757373
15288.0,44876.0,1.0
15483.0,8420.0,1.002696461612499
15574.0,17695.0,1.0017269877994566
15961.0,35213.0,1.0048563074915449
15977.0,28672.0,1.0
15977.0,52027.0,1.0
16282.0,20006.0,1.0025902925904904
16201.0,38383.0,1.000925050634752
16194.0,14683.0,1.0000877304374012
16003.0,5268.0,1.0016232371625065
16003.0,19813.0,1.0009161771163755
17394.0,19298.0,1.0048664577793505
17494.0,19362.0,1.001172318111929
18322.0,5986.0,1.002280569810309
18331.0,9663.0,1.0016885359472787
18335.0,18420.0,1.0
18335.0,22170.0,1.000324310829815
18335.0,34272.0,1.0027427705834069
18008.0,25280.0,1.0001009489257473
18008.0,46071.0,1.0
18008.0,19943.0,1.0
18012.0,26947.0,1.0037944233472613
18381.0,45514.0,1.0
18404.0,15282.0,1.000677823018345
18414.0,20001.0,1.0009155546081434
18450.0,20092.0,1.0006485967233254
18519.0,6114.0,1.0020850846701588
17572.0,28230.0,1.0
17572.0,415.0,1.0
17572.0,16490.0,1.0005072694954396
17575.0,40278.0,1.0018754178268934
17590.0,19353.0,1.0
17748.0,19974.0,1.0039778932490915
17811.0,44214.0,1.0008308202709302
17526.0,39327.0,1.0031913877619636
17546.0,20003.0,1.001867641335345
17834.0,40207.0,1.001979805522616
17834.0,43009.0,1.0009591088387533
17948.0,20835.0,1.0023289050535462
17960.0,19776.0,1.0021263641152138
17986.0,47525.0,1.0013002500323023
17914.0,41380.0,1.001636783408214
13949.0,16313.0,1.0
13967.0,16864.0,1.0
13967.0,27390.0,1.0
13521.0,16198.0,1.0012802117000816
13630.0,4972.0,1.0022133815871535
13995.0,34205.0,1.0026551993717023
14160.0,16313.0,1.0
14205.0,15004.0,1.0033681732623254
14436.0,16825.0,1.0025683022813268
14071.0,1959.0,1.0029385410301292
14002.0,8095.0,1.0
14002.0,22241.0,1.00185582296817
14002.0,22770.0,1.0005357964565125
14008.0,16277.0,1.0027492059983294
14018.0,16479.0,1.0002739670214018
14064.0,10864.0,1.0
14114.0,6798.0,1.0017990810830104
11957.0,25249.0,1.0029920184779126
11957.0,15238.0,1.001594506880582
11993.0,8080.0,1.003235783396883
12033.0,15460.0,1.004287552065144
12034.0,16096.0,1.0025985568685767
13133.0,1990.0,1.0012613887552382
11905.0,13652.0,1.0
11777.0,1770.0,1.001721339114795
11795.0,14707.0,1.0028901466327516
11798.0,1367.0,1.00132986924055
11849.0,13798.0,1.003238576113332
11870.0,15445.0,1.000122863425607
13187.0,23513.0,1.002378963863257
13418.0,18168.0,1.0
13464.0,23964.0,1.0009177521324963
13464.0,26764.0,1.0001686771727272
13190.0,4409.0,1.0024028697204201
13333.0,15278.0,1.0034632691515615
13388.0,10674.0,1.0036078064502574
15099.0,17422.0,1.0022713557889271
15118.0,8531.0,1.0024972873372024
15184.0,7477.0,1.0005639872584746
15184.0,50080.0,1.000339586093324
15249.0,14745.0,1.0013205866752273
15272.0,17584.0,1.0032102410925823
15040.0,16414.0,1.0027758100279736
14819.0,23757.0,1.000439578812076
14911.0,2839.0,1.0014235973690075
14912.0,8263.0,1.0015879318731085
14912.0,6180.0,1.0016750668751955
14765.0,18001.0,1.0015589677088674
14582.0,28446.0,1.0
14582.0,7209.0,1.0
14582.0,23964.0,1.0002205299426081
14582.0,28907.0,1.0001805238694759
14582.0,31055.0,1.000013618191708
14582.0,32720.0,1.0005370099678623
14582.0,34598.0,1.0
14582.0,27965.0,1.0
14582.0,27801.0,1.0009313634246007
14582.0,25123.0,1.0
14467.0,7287.0,1.0005640708989956
14508.0,13720.0,1.0006787757773508
14740.0,17921.0,1.0012351377388378
14740.0,19845.0,1.002342080800647
14749.0,17156.0,1.0017951851034401
14736.0,13976.0,1.0021202049030942
14622.0,36099.0,1.0031199963514714
14651.0,19679.0,1.001377020665633
14696.0,42318.0,1.0025021236333755
18544.0,21969.0,1.003538200575795
18604.0,22073.0,1.0
18604.0,39193.0,1.0
18604.0,26964.0,1.001251360484754
18604.0,3435.0,1.0008652555086892
18604.0,22452.0,1.0003572327794046
18604.0,22258.0,1.0
18604.0,9193.0,1.0003494065320442
18604.0,21905.0,1.0
18604.0,22086.0,1.0018495920636445
18604.0,22224.0,1.0001832690993782
21289.0,40697.0,1.0
21289.0,47977.0,1.0001469036352333
21289.0,50302.0,1.0007740482140128
21289.0,50324.0,1.0
21289.0,50460.0,1.0
21289.0,50724.0,1.0010213293643608
21289.0,49877.0,1.0022634888527449
21289.0,24055.0,1.0
21289.0,49805.0,1.0010832040860482
21224.0,19668.0,1.00284175864239
21262.0,22463.0,1.0024489431190577
21297.0,48450.0,1.0008226652379584
21297.0,3348.0,1.0
21297.0,19771.0,1.0018144184552948
21297.0,28424.0,1.0002152784134963
21297.0,48333.0,1.0007056676990231
21433.0,30753.0,1.001402020723895
21433.0,30264.0,1.0015328154130883
21433.0,30231.0,1.0
21433.0,26913.0,1.0
21441.0,22412.0,1.0013665423148954
21463.0,22632.0,1.0053876610282502
21494.0,22684.0,1.002916734702993
21533.0,30983.0,1.0005340061605938
21331.0,22663.0,1.0050097176273565
20749.0,26782.0,1.0009838801104758
20749.0,28314.0,1.0016168830704872
20749.0,30659.0,1.0
20749.0,31041.0,1.0
20749.0,31156.0,1.0
20749.0,27612.0,1.0
20749.0,27822.0,1.0
20749.0,27882.0,1.0001400355553323
20749.0,27934.0,1.0010040218817906
20749.0,28135.0,1.0003153278200194
20749.0,29951.0,1.0
20749.0,27536.0,1.0006778589413405
20749.0,6738.0,1.000589188673344
20749.0,8135.0,1.000403127997752
20749.0,27040.0,1.0
20749.0,27123.0,1.0
20749.0,27291.0,1.0
20749.0,27033.0,1.0
20749.0,22345.0,1.0004387423763386
20749.0,27019.0,1.0
20749.0,22525.0,1.0003006246741255
20749.0,22555.0,1.0
20749.0,22630.0,1.0
20749.0,22735.0,1.0
20749.0,22958.0,1.0011661160580974
20776.0,20389.0,1.0
20816.0,5057.0,1.0
20874.0,22489.0,1.0052187821170715
21537.0,22732.0,1.0026904666406276
21074.0,22020.0,1.0004371119418562
21118.0,22606.0,1.0013900164535285
21135.0,22347.0,1.0016235204691155
21196.0,2153.0,1.0
21196.0,26450.0,1.0001507099095321
21208.0,17409.0,1.0027718584579703
21027.0,22607.0,1.0019393831982
20901.0,22091.0,1.000927976367505
20991.0,22890.0,1.0
20991.0,23072.0,1.0009126934212222
21016.0,22411.0,1.0
21016.0,22464.0,1.001133262326714
21542.0,26918.0,1.0
21543.0,25222.0,1.0003885692989734
22247.0,8367.0,1.0
22247.0,49811.0,1.0012177664478952
22247.0,44313.0,1.0
22247.0,44354.0,1.0006843311790916
22288.0,5480.0,1.0022516577856426
22324.0,50544.0,1.0008316874787833
22324.0,52234.0,1.0017648798438885
22364.0,22476.0,1.004577600241686
22224.0,15573.0,1.0027236598683416
21826.0,37520.0,1.001958076369273
21862.0,22785.0,1.000735358477376
21903.0,28667.0,1.0016404763958344
21907.0,38434.0,1.0020549394175002
21916.0,23004.0,1.0026049889008388
21930.0,47251.0,1.0000457234842248
21768.0,23078.0,1.0031181193618595
21570.0,22730.0,1.0
21614.0,40098.0,1.0025357025649093
21714.0,26372.0,1.0022727087254604
21963.0,36950.0,1.0
21963.0,49844.0,1.0021385505804732
21963.0,32555.0,1.0022680970990032
21963.0,39300.0,1.0013418494125959
21963.0,35729.0,1.0000331704166616
21963.0,36456.0,1.0006420317487226
21963.0,36883.0,1.0
21963.0,38107.0,1.000520327321989
21976.0,31481.0,1.0001238219473803
22010.0,23095.0,1.0
22031.0,23111.0,1.0035447066589895
22157.0,3257.0,1.0009582345995296
22157.0,4217.0,1.002323333066697
22188.0,32474.0,1.0
19250.0,1304.0,1.0
19250.0,16765.0,1.0014633099018582
19250.0,7942.0,1.0001990580319238
19250.0,8742.0,1.0011052187939595
19250.0,13535.0,1.0
19250.0,14654.0,1.0
19250.0,16743.0,1.0000499830569718
19250.0,17400.0,1.0000065893230765
19250.0,2970.0,1.0001264757069068
19250.0,22384.0,1.0018724509505395
19250.0,20523.0,1.002600837709587
19250.0,20767.0,1.0
19250.0,22017.0,1.0
19250.0,22029.0,1.0
19114.0,23408.0,1.001937639411356
19169.0,20459.0,1.0041862268191726
19183.0,31989.0,1.0007283027298015
19183.0,23354.0,1.0
19338.0,20649.0,1.0
19346.0,33135.0,1.0
19346.0,5109.0,1.0015181660318953
19346.0,20831.0,1.0
19346.0,27769.0,1.0013073477669538
19346.0,32174.0,1.000502159937811
19346.0,52063.0,1.0
19085.0,20459.0,1.002210657316073
19086.0,36704.0,1.0063160571642722
18646.0,52023.0,1.002988004720113
18646.0,44652.0,1.0013915088393086
18880.0,20304.0,1.0045237766663815
18882.0,1319.0,1.0
19054.0,20645.0,1.0027067011434063
18784.0,20276.0,1.0010511725294682
18755.0,22395.0,1.0040714133488877
18704.0,20124.0,1.0035156710583488
18704.0,14028.0,1.0017896734458291
18708.0,20216.0,1.0035354891831028
20701.0,37557.0,1.0010717486964726
20701.0,35451.0,1.0
20701.0,37381.0,1.001618002937225
20701.0,40117.0,1.0
20701.0,43736.0,1.0007817295760628
20701.0,14147.0,1.00095644566749
19631.0,45130.0,1.0036062847858058
20688.0,39998.0,1.0026911911130376
20688.0,40585.0,1.0027651368479908
20695.0,27723.0,1.0
20695.0,35028.0,1.0
20695.0,38031.0,1.0
19407.0,20767.0,1.0
19407.0,22394.0,1.0
19407.0,26656.0,1.0
19441.0,19762.0,1.00164531120756
19393.0,14556.0,1.001991608499213
19504.0,20716.0,1.001927117033113
19552.0,19744.0,1.0000510761043058
19552.0,9268.0,1.000111370023595
19552.0,22145.0,1.0011105599259524
19552.0,20885.0,1.0003249096943287
19552.0,22034.0,1.0004366332197654
19552.0,22303.0,1.0
19552.0,22557.0,1.0
19552.0,20588.0,1.0022124485801138
19552.0,19169.0,1.0
19552.0,20632.0,1.0018010607028383
19548.0,16784.0,1.0012612718862763
11771.0,16022.0,1.0028206226009486
41728.0,47917.0,1.0
41728.0,41773.0,1.0003089314091134
41728.0,19044.0,1.0005973977594205
41728.0,45380.0,1.0
41728.0,51916.0,1.0
41728.0,40677.0,1.0
41728.0,45463.0,1.0000145985605178
41728.0,45808.0,1.0
41728.0,46097.0,1.000505545459682
41728.0,46098.0,1.0
41728.0,47184.0,1.0
41728.0,47282.0,1.0
41728.0,47453.0,1.0024704811911032
41728.0,44039.0,1.0007825549624387
41728.0,44267.0,1.0
41728.0,47716.0,1.0002878014968763
41728.0,48530.0,1.0010438810343891
41728.0,48586.0,1.0010566441892041
41728.0,50025.0,1.0
41728.0,50044.0,1.000352960562907
41728.0,50047.0,1.0010096204146033
41728.0,35082.0,1.0025235461012982
41728.0,35132.0,1.0
41728.0,40346.0,1.0
41728.0,13551.0,1.0
41728.0,17718.0,1.0
41728.0,40444.0,1.0007855161120107
41728.0,42255.0,1.0005049204253929
41728.0,42705.0,1.001019277952405
41728.0,43018.0,1.0
41728.0,40629.0,1.0
41728.0,41372.0,1.0007314663615734
41728.0,45479.0,1.0
41812.0,39398.0,1.0025677502950427
41815.0,5611.0,1.0000817122666978
41815.0,14581.0,1.0
41815.0,47505.0,1.0
41455.0,45298.0,1.0019025255241536
41486.0,19836.0,1.004550524261174
41577.0,47854.0,1.0007617105742144
41577.0,44230.0,1.0015733575613655
41587.0,39235.0,1.001219948510655
43527.0,45264.0,1.0975926478237172
43563.0,41562.0,1.0009036420361297
43563.0,47560.0,1.0003740123511047
43603.0,47305.0,1.0
43603.0,42268.0,1.0
43603.0,40881.0,1.0023150876981262
43603.0,43779.0,1.0
43603.0,40898.0,1.0
43603.0,40983.0,1.0
43603.0,41066.0,1.0009011310622957
43603.0,41214.0,1.0
43603.0,41401.0,1.0
43603.0,41422.0,1.0
43603.0,44977.0,1.0
43512.0,40431.0,1.0062815164685965
43509.0,3486.0,1.0031756216678565
43242.0,35190.0,1.0015291991167488
43242.0,38629.0,1.0004568897312995
43268.0,42600.0,1.0029051827301247
43293.0,40270.0,1.0024447981315103
43852.0,42132.0,1.0030421286852307
43898.0,20347.0,1.0019535873961798
41916.0,49969.0,1.0005842519266643
41916.0,50591.0,1.0
41916.0,15609.0,1.0
41916.0,40107.0,1.0018435322717896
41965.0,39437.0,1.0029267999584783
41985.0,39495.0,1.002139067485642
42326.0,39630.0,1.0023787250014002
42348.0,765.0,1.0012200394913897
42448.0,39752.0,1.0022108142158739
41882.0,52234.0,1.0038223467220113
43058.0,40096.0,1.0
43133.0,38529.0,1.0
43182.0,35883.0,1.0008407375464439
42661.0,27662.0,1.0011509819115534
42706.0,42515.0,1.0016736970485218
42780.0,39016.0,1.0015881897288639
39204.0,37566.0,1.0042179943355818
39225.0,37613.0,1.0026203506890627
39309.0,40397.0,1.0011137180307597
39185.0,30147.0,1.0034548569443114
39375.0,39138.0,1.0002489630007716
39402.0,36038.0,1.0019381270201688
39100.0,43057.0,1.0018365536614937
38979.0,41870.0,1.0009851665606533
38979.0,26988.0,1.0018924745239663
39009.0,46016.0,1.000165760234081
39408.0,38088.0,1.0025478848076113
39592.0,52229.0,1.0000926237235608
39663.0,39149.0,1.0004767425322498
38970.0,37388.0,1.0032724235473012
39459.0,42515.0,1.0
39459.0,42169.0,1.0
39479.0,37796.0,1.0021319679774945
38429.0,34370.0,1.0000216222034684
38429.0,40672.0,1.0015765802730587
38429.0,39288.0,1.0001486444075922
38429.0,39822.0,1.0009245901429913
38429.0,40947.0,1.0003869489955335
38429.0,38871.0,1.0
38429.0,40970.0,1.000419560644752
38429.0,25207.0,1.0
38429.0,38008.0,1.0
38429.0,38196.0,1.0024942512522603
38429.0,38425.0,1.0
38429.0,38501.0,1.0
38429.0,38670.0,1.0017157576169289
38429.0,41512.0,1.0017191012450186
38429.0,42354.0,1.0008172631151546
38429.0,43587.0,1.0
38429.0,43688.0,1.0
38403.0,50364.0,1.0008120921062211
39683.0,43198.0,1.0036247956821087
38771.0,35977.0,1.0022119204001216
38786.0,37269.0,1.0032636656228278
38511.0,19022.0,1.006137260338685
40542.0,38520.0,1.0046771276573492
40775.0,38645.0,1.0019846430129375
40806.0,38951.0,1.0017093549800844
40287.0,3246.0,1.0014247940038814
40121.0,38191.0,1.0054151963138598
40122.0,47821.0,1.0012878789480049
40122.0,47176.0,1.00185561171276
40122.0,45631.0,1.001545327557684
40235.0,32926.0,1.0003061644640479
40846.0,39053.0,1.0018440070163577
40846.0,4146.0,1.0014099898180497
40846.0,41524.0,1.0004945013163808
41053.0,41434.0,1.0007698399810994
41194.0,14255.0,1.0022596176607599
40963.0,38423.0,1.0
40963.0,13896.0,1.0004533063268775
40916.0,42653.0,1.0
40916.0,48031.0,1.0
40916.0,44941.0,1.0
39975.0,38088.0,1.0019452417613723
39774.0,42495.0,1.0
39774.0,47395.0,1.0
39774.0,47405.0,1.0000020669314447
39774.0,37989.0,1.0000832533066322
39774.0,38080.0,1.0000845713842055
39774.0,41285.0,1.0
39774.0,48399.0,1.0
39774.0,47487.0,1.0010707550669211
39774.0,47640.0,1.0
39774.0,48245.0,1.000707408771387
39844.0,39028.0,1.0
39853.0,38716.0,1.0016754816817093
39853.0,47605.0,1.0016264951610636
52399.0,48378.0,1.0002571643818947
52399.0,45838.0,1.0
52410.0,45249.0,1.0034522743369254
52413.0,50364.0,1.0020835537924733
52482.0,45329.0,1.0013739141667628
52503.0,45353.0,1.0031633655149477
52183.0,47927.0,1.0663473815105866
52183.0,45603.0,1.0695213965034658
53272.0,52134.0,1.0022907963731704
53415.0,28010.0,1.0001271161512824
52703.0,45668.0,1.0018882881507516
53054.0,50728.0,1.0052422749559828
53054.0,51852.0,1.0020368907291421
53054.0,51864.0,1.0033324364338176
52086.0,47505.0,1.0017287831717094
50189.0,1851.0,1.0019740575562215
50277.0,44684.0,1.0008247640554906
50315.0,44245.0,1.001163667144213
50315.0,44551.0,1.0
50566.0,39189.0,1.0025373237928377
48453.0,40084.0,1.0001482329898568
48566.0,43742.0,1.002627430449198
48703.0,43805.0,1.002251225649918
48813.0,22970.0,1.0028713463764365
49874.0,45993.0,1.002066229922428
50602.0,45426.0,1.0009126995196607
50794.0,43910.0,1.0
50830.0,231.0,1.0014377133279744
50875.0,9144.0,1.0035410797002962
50615.0,44525.0,1.0
50680.0,14134.0,1.0023352602596003
50765.0,44687.0,1.0031544616198345
58219.0,45878.0,1.004023252345114
58664.0,51998.0,1.0001753516649634
58675.0,15253.0,1.0012871383042818
58675.0,50551.0,1.0017001198394009
58675.0,35185.0,1.0024344373093612
58675.0,50500.0,1.0009383513767196
57213.0,48517.0,1.0024002967929573
57213.0,28770.0,1.0029654240917778
57250.0,48530.0,1.005710666221068
57538.0,50385.0,1.0016886544661843
57647.0,49782.0,1.0
59737.0,52232.0,1.0031023147810825
59921.0,51973.0,1.0020029756625402
60062.0,4996.0,1.0017991867175478
60082.0,35204.0,1.0025886541783808
60322.0,52177.0,1.0
59625.0,3571.0,1.0009657799566785
59559.0,45808.0,1.0012219723269846
58856.0,12494.0,1.0005060599880318
59026.0,42638.0,1.0020667324681338
59131.0,42641.0,1.0050930837199752
59550.0,52058.0,1.0024457599731393
57202.0,51934.0,1.0020315536612214
57202.0,52036.0,1.0057269114582905
57202.0,51910.0,1.0033847544614782
57202.0,49823.0,1.0018810655670796
57202.0,50070.0,1.003432516739595
55457.0,48409.0,1.0036425955655923
55495.0,47475.0,1.0
55499.0,46056.0,1.0024324290398294
55499.0,46129.0,1.0022395919226137
55598.0,48409.0,1.0028810245717856
55806.0,47453.0,1.0042671412820867
55839.0,47627.0,1.0004673666648782
55215.0,47294.0,1.001014062755489
53506.0,38915.0,1.0026716098698474
53771.0,10625.0,1.0023975739371516
53859.0,46083.0,1.0013854098755413
56765.0,48204.0,1.0024102686289158
56809.0,44719.0,1.0021433660896757
56885.0,10875.0,1.0045365266768702
56936.0,40347.0,1.0041995138537734
57017.0,48397.0,1.0015160232149363
57055.0,50445.0,1.0030736334775012
56104.0,47809.0,1.0013940065052889
56156.0,50713.0,1.0014651020177083
56297.0,47933.0,1.0
45957.0,41945.0,1.0033798608591358
46077.0,15951.0,1.0
46077.0,7334.0,1.0009292732087318
46077.0,42414.0,1.0
46077.0,43399.0,1.0
45501.0,47873.0,1.0007578614450365
45661.0,43482.0,1.0007468343653267
45719.0,44142.0,1.0012795362947648
46142.0,42050.0,1.0035518016445626
46152.0,42063.0,1.0015671719226948
46182.0,42268.0,1.0002405347082126
46182.0,45833.0,1.0
46223.0,43917.0,1.001480385165156
46288.0,50373.0,1.004733787718417
46124.0,43878.0,1.0005023306750127
46093.0,45717.0,1.002987208979883
46093.0,48509.0,1.001157896160966
44268.0,40950.0,1.0001864287178268
44268.0,42733.0,1.0001698206856398
44268.0,36901.0,1.0018690185871213
44274.0,40943.0,1.0022837701872744
44609.0,41040.0,1.0029140138247066
44705.0,41093.0,1.0058891269104961
44206.0,42627.0,1.004520914829006
43981.0,40716.0,1.0022367204559504
43981.0,41833.0,1.002565965854148
44152.0,51852.0,1.0
44152.0,42077.0,1.0018411850702016
44152.0,48348.0,1.0007752486983306
44155.0,40790.0,1.0029096586107709
45112.0,41361.0,1.0
45121.0,46023.0,1.0018596664620019
45173.0,41361.0,1.0007967992280986
45178.0,41245.0,1.000422923775339
45281.0,44376.0,1.002064723361989
45049.0,7494.0,1.0009751970221763
44762.0,41824.0,1.0
44787.0,18080.0,1.0016438495342237
44999.0,41271.0,1.0053702577980097
45037.0,41292.0,1.0017882452993878
46320.0,40681.0,1.002467571464666
48036.0,50732.0,1.0004086227187334
48234.0,43482.0,1.0021185764123162
48266.0,43993.0,1.0221458753631192
48266.0,52003.0,1.0231268767601454
48266.0,8407.0,1.0232018700272891
48266.0,28210.0,1.0238556556178535
48266.0,34773.0,1.023260192020301
48266.0,41559.0,1.0233645513018894
48266.0,44071.0,1.02412500319226
47435.0,51876.0,1.0034430255776225
47445.0,50629.0,1.0026102663156968
47189.0,6010.0,1.0014426975943573
46498.0,42436.0,1.002957079102711
46498.0,42588.0,1.001788071908769
46756.0,38290.0,1.0037668573727632
46385.0,41234.0,1.0026941165526155
46389.0,28696.0,1.003418945046391
46433.0,9081.0,1.0027032699633445
46433.0,48559.0,1.0003219927984333
46435.0,19914.0,1.0006833843157097
47045.0,42749.0,1.0010722477622465
47069.0,45738.0,1.0
47018.0,37352.0,1.0022827754652672
46917.0,50364.0,1.001548423784548
46796.0,44903.0,1.0
46796.0,42630.0,1.0001771767947099
46796.0,43955.0,1.0
46856.0,5537.0,1.0026322652492934
46867.0,10707.0,1.0001440665916648
46916.0,42660.0,1.002730434705732
30536.0,31333.0,1.0
30596.0,43914.0,1.0
30596.0,39276.0,1.0
30596.0,36710.0,1.0
30596.0,40687.0,1.0
30596.0,44499.0,1.0
30596.0,38696.0,1.0
30596.0,15344.0,1.0
30596.0,34403.0,1.0
30596.0,34516.0,1.0
30596.0,35234.0,1.0
30596.0,43550.0,1.0
30596.0,40936.0,1.0
30596.0,40481.0,1.0
30596.0,36658.0,1.0
30596.0,37428.0,1.0
30307.0,23395.0,1.005143972745402
30307.0,42662.0,1.0034409915647973
30307.0,40438.0,1.0034966634885993
30350.0,50105.0,1.0
29579.0,48557.0,1.0013152905000866
29579.0,7340.0,1.0
29579.0,45770.0,1.0
29579.0,41065.0,1.0001401185170171
29579.0,47227.0,1.0
29579.0,41089.0,1.0010501675419894
29579.0,40156.0,1.0
29579.0,45715.0,1.0008406439157722
29579.0,46056.0,1.0004541450670017
29579.0,43592.0,1.0
29579.0,50023.0,1.0011436969594232
29579.0,27590.0,1.0001124669452168
29579.0,43736.0,1.0
29579.0,14181.0,1.0
29579.0,47238.0,1.00064339184846
29579.0,39752.0,1.0
29579.0,31822.0,1.0
29579.0,47220.0,1.0
29579.0,50092.0,1.0003416317617475
29579.0,40079.0,1.0
29579.0,40113.0,1.0004268145989097
29579.0,47758.0,1.0
29579.0,51973.0,1.0
29579.0,43910.0,1.0
29579.0,46023.0,1.0
29579.0,45759.0,1.0017708469028117
29579.0,47355.0,1.0
29579.0,43973.0,1.0
29579.0,52168.0,1.0
29579.0,50231.0,1.0
29579.0,50326.0,1.0
29579.0,50380.0,1.0
29579.0,51830.0,1.0024292999957163
29579.0,41595.0,1.0
29579.0,41959.0,1.0
29579.0,8790.0,1.0
29579.0,39711.0,1.0
29579.0,46112.0,1.0
29579.0,47201.0,1.0
29579.0,45343.0,1.0
29579.0,48611.0,1.0
29579.0,49655.0,1.0
29579.0,47632.0,1.0
29579.0,47681.0,1.000867364272777
29579.0,50112.0,1.0
29579.0,41080.0,1.0003796336445672
29579.0,40460.0,1.0
29579.0,39922.0,1.0
29579.0,40146.0,1.0010921175328866
29579.0,40152.0,1.0017012716408507
29579.0,40168.0,1.0012106431396544
29579.0,40367.0,1.001981592561282
29579.0,40443.0,1.0
29579.0,43747.0,1.0
29579.0,44681.0,1.0
29579.0,41659.0,1.0
29579.0,41741.0,1.000204372691162
29579.0,41860.0,1.0
29921.0,16568.0,1.0
30066.0,32092.0,1.0
30092.0,30953.0,1.002329451808026
30705.0,31349.0,1.0005652519074195
31941.0,32283.0,1.0048289619882156
31982.0,26907.0,1.0037542194752052
31988.0,38533.0,1.0006824298335362
31988.0,48521.0,1.0004467649587458
31988.0,37230.0,1.0
31988.0,43525.0,1.0
31721.0,35390.0,1.0031196564044853
31316.0,32250.0,1.0044401601676614
31416.0,31831.0,1.0025273228829974
31570.0,19373.0,1.0011384934626113
32040.0,32358.0,1.001154570550059
32064.0,39600.0,1.011621839546541
32064.0,38126.0,1.0102473223796726
32064.0,38386.0,1.0123255583488058
32064.0,44703.0,1.0114445761702322
32064.0,45162.0,1.0112641346284044
32064.0,47815.0,1.0125307277989537
32064.0,47951.0,1.0115159923275936
32064.0,51866.0,1.0095758174556984
32064.0,45321.0,1.0115721376642612
32007.0,28422.0,1.0016862226692056
31229.0,51936.0,1.0925859040937862
30819.0,42662.0,1.0
30819.0,32326.0,1.0
30819.0,35764.0,1.0010381417017904
30819.0,42192.0,1.000176752007053
30819.0,20003.0,1.0006936300737668
30819.0,31534.0,1.000337035457967
30819.0,41640.0,1.0020057123854065
30819.0,10707.0,1.0
30819.0,32247.0,1.0001581245908397
30819.0,34714.0,1.0
30819.0,39397.0,1.0004238705601218
30819.0,2330.0,1.0006712154892843
30819.0,49752.0,1.0
30819.0,44933.0,1.0
30819.0,45290.0,1.0000629380197203
30819.0,48219.0,1.0
30736.0,4309.0,1.0012755294322528
30759.0,36837.0,1.0016335619490393
30759.0,35955.0,1.0018009785573585
31004.0,33110.0,1.0
31004.0,34982.0,1.0011268260805706
31029.0,39258.0,1.0031952124451011
31124.0,31602.0,1.0015765969932724
31155.0,31665.0,1.0
31186.0,27536.0,1.0027874639536336
30909.0,31521.0,1.00066471415172
29059.0,35576.0,1.000120909946523
28929.0,44609.0,1.0013532752704046
28929.0,26784.0,1.000326539589811
28929.0,30013.0,1.0
29073.0,50518.0,1.0016742859077499
28618.0,18161.0,1.0023198608947825
28658.0,28850.0,1.0008999579927544
28658.0,40844.0,1.0011665192104384
28602.0,30400.0,1.0022493841548596
29536.0,30788.0,1.0000070442210387
29536.0,30925.0,1.0005083011715667
29536.0,30759.0,1.0019001190250953
29276.0,30339.0,1.0035980138626432
29398.0,37132.0,1.0012300765063602
26721.0,3093.0,1.003344643027881
26789.0,38421.0,1.000821250881051
26875.0,36557.0,1.0012863472940046
26662.0,28153.0,1.0022579264394826
27284.0,40900.0,1.0016879383292083
27366.0,28596.0,1.005299446521421
28495.0,39800.0,1.0013743059802058
28497.0,37198.0,1.0034887495301856
28555.0,33127.0,1.0007098840907478
26931.0,24044.0,1.0009762677981748
26944.0,42268.0,1.001076449455155
27004.0,28406.0,1.0024632232641437
36893.0,35977.0,1.0006158431289587
37186.0,36196.0,1.0017635243895497
37236.0,50772.0,1.0
37236.0,39295.0,1.0
37236.0,44039.0,1.000593200355435
37236.0,44117.0,1.0
37236.0,43588.0,1.000004859493464
37236.0,42248.0,1.0
37236.0,42053.0,1.0012259909422787
37236.0,42343.0,1.0001191581285942
37236.0,40837.0,1.000512949428974
37236.0,35054.0,1.0
37236.0,36683.0,1.0000631034608303
37236.0,42640.0,1.0
37236.0,42783.0,1.0
37236.0,50201.0,1.0
37236.0,51821.0,1.0
37236.0,43171.0,1.0
37236.0,47867.0,1.0
36637.0,37632.0,1.0006324899828296
36637.0,40808.0,1.0014279573141724
36637.0,45448.0,1.0011450596302782
36637.0,51980.0,1.0
36637.0,42940.0,1.0017488333537636
36637.0,9418.0,1.0
36637.0,10092.0,1.0011294090778051
36823.0,38227.0,1.0030777211546222
36840.0,35912.0,1.004760879277894
36211.0,35466.0,1.0017702884907673
36257.0,40712.0,1.0027702468866841
36308.0,37503.0,1.0
36308.0,39429.0,1.0
36308.0,40098.0,1.0
36308.0,40256.0,1.0004071837702753
36308.0,40383.0,1.0001843596363973
36308.0,36907.0,1.0003509171921612
36308.0,37069.0,1.0003435377513108
36308.0,38818.0,1.0012377404675155
36308.0,39459.0,1.0
36308.0,39967.0,1.0
36129.0,22722.0,1.0
36129.0,35482.0,1.0016911806135644
35925.0,36178.0,1.0
35987.0,35288.0,1.002024203473397
36411.0,38346.0,1.0017229540684751
36415.0,40567.0,1.003949051668384
36485.0,35464.0,1.0028212832868826
37937.0,38024.0,1.0018766230289011
37939.0,43742.0,1.0008298349530331
37939.0,47272.0,1.0007471721324153
37939.0,40168.0,1.0015741952471429
37939.0,8761.0,1.0008343060935871
37939.0,20180.0,1.0000703395744834
37939.0,38300.0,1.0003514980602621
37939.0,39039.0,1.00160360057117
37766.0,38921.0,1.0011157760906784
37766.0,39216.0,1.0
37766.0,47347.0,1.0007224104867511
38256.0,10022.0,1.00035750676876
38335.0,36965.0,1.0017987587276571
38337.0,48409.0,1.0027139950907142
38338.0,23618.0,1.0
38251.0,40624.0,1.002481411260824
38044.0,37198.0,1.0018024379638975
38044.0,38750.0,1.0033774498663748
38063.0,36812.0,1.0031645363589412
38150.0,36836.0,1.0005321648187964
37591.0,37780.0,1.0016180076107282
37277.0,35096.0,1.0015825512889
37295.0,50518.0,1.0040734015381692
37325.0,40191.0,1.0008195898602763
37325.0,45000.0,1.0012772666759504
37325.0,44056.0,1.0014025316252406
37325.0,42389.0,1.0008385418137435
37325.0,39707.0,1.0018120701838793
37325.0,40737.0,1.0002820004621005
37405.0,141.0,1.000389708679218
37447.0,2094.0,1.0
37541.0,36461.0,1.0019751316297147
37582.0,46145.0,1.0002805760306916
37582.0,49772.0,1.0013415470467375
35826.0,35171.0,1.0036939621893566
32459.0,39042.0,1.0
32459.0,30860.0,1.0
32459.0,35502.0,1.0000381988030855
32459.0,35506.0,1.0013058006691415
32459.0,36697.0,1.0
32299.0,40925.0,1.0
32299.0,50166.0,1.0
32299.0,42086.0,1.0
32299.0,43111.0,1.0000702539866315
32299.0,43130.0,1.0008417009371988
32299.0,41987.0,1.0
32299.0,5205.0,1.0
32299.0,7449.0,1.000333610727253
32299.0,17324.0,1.0
32299.0,18871.0,1.0
32306.0,43039.0,1.0033576454917728
32630.0,41945.0,1.0007294625506507
32670.0,10327.0,1.0020359305874207
32731.0,32836.0,1.0044452627913496
32789.0,48440.0,1.0011554627304904
32491.0,37566.0,1.0008317158062348
32497.0,43427.0,1.0019780929970095
32214.0,32929.0,1.0015430889100783
32262.0,34433.0,1.0014199810755846
32262.0,36312.0,1.002026531689488
32201.0,15609.0,1.0003958699202908
32172.0,32509.0,1.0024168683289576
32126.0,32474.0,1.0
32132.0,32384.0,1.001781118701719
35397.0,39352.0,1.000758469148045
35633.0,36652.0,1.0016057838636923
35123.0,23682.0,1.0
35144.0,18434.0,1.000146164884142
35319.0,16223.0,1.002597936147075
35386.0,38227.0,1.0023676011002833
35731.0,42084.0,1.000241637119987
35731.0,37663.0,1.0011450051996684
35731.0,35317.0,1.0013508546988095
35731.0,36317.0,1.0004270816513592
35017.0,44150.0,1.0015687374774036
34385.0,35596.0,1.0005857729839007
34385.0,35060.0,1.0026969370153893
34424.0,50182.0,1.001302602516414
34476.0,2904.0,1.0019954232213604
34550.0,38191.0,1.0031585864414456
33169.0,40348.0,1.00100641637275
34588.0,52258.0,1.0014217226152329
34705.0,38764.0,1.0
34600.0,20660.0,1.0016504529395174
34611.0,44098.0,1.004048120290397
11702.0,15165.0,1.0016824027446491
11686.0,38976.0,1.0
11686.0,39032.0,1.0004964905432212
11686.0,42169.0,1.0004988102988357
11686.0,38228.0,1.0017926622052142
454.0,1319.0,1.0
454.0,1059.0,1.0
454.0,1118.0,1.0
454.0,1920.0,1.0
454.0,2439.0,1.0
454.0,4580.0,1.0
454.0,5256.0,1.000104284123638
454.0,5701.0,1.0008441281265572
454.0,6466.0,1.0008195074621775
454.0,6474.0,1.001231472897685
454.0,6479.0,1.0017130968285097
454.0,6595.0,1.0000820071355447
454.0,2982.0,1.0
454.0,3253.0,1.0001543357121805
454.0,10801.0,1.0008593032549296
454.0,13898.0,1.0009573116774106
454.0,10366.0,1.0004291008271222
454.0,7885.0,1.0
454.0,7912.0,1.0017276926591823
454.0,8001.0,1.0
454.0,8380.0,1.0015461468542053
454.0,8881.0,1.0
454.0,9220.0,1.0011178445847475
454.0,9973.0,1.0004528685330194
454.0,1653.0,1.0005285685780183
454.0,1805.0,1.0013940025110604
454.0,2314.0,1.00019239635345
454.0,2342.0,1.0
454.0,2485.0,1.0000469285229867
454.0,2495.0,1.0
454.0,1652.0,1.0003248161011913
454.0,1566.0,1.0
466.0,1744.0,1.0005511549476773
482.0,6389.0,1.0022772958031154
396.0,447.0,1.0011286143782694
412.0,733.0,1.0007085623596212
417.0,2938.0,1.0014077942854371
427.0,5385.0,1.0015203698510786
427.0,11035.0,1.0000152524294117
432.0,598.0,1.0
432.0,57.0,1.0
386.0,2968.0,1.0
386.0,13606.0,1.0007510801486594
386.0,1669.0,1.0
386.0,377.0,1.0
386.0,10702.0,1.0
386.0,9621.0,1.0
386.0,6187.0,1.0001833849559048
386.0,9266.0,1.0
386.0,9004.0,1.0030830309126966
386.0,2799.0,1.0006398173287139
386.0,717.0,1.0
386.0,743.0,1.0
386.0,796.0,1.0
386.0,979.0,1.0
386.0,4271.0,1.0
386.0,6555.0,1.0
386.0,6562.0,1.0
386.0,7589.0,1.0
386.0,7722.0,1.0003040852550804
386.0,7998.0,1.0
386.0,6139.0,1.0
386.0,5881.0,1.0
386.0,617.0,1.0
486.0,569.0,1.0
486.0,3451.0,1.0
486.0,1374.0,1.0
486.0,1438.0,1.0007943623868816
486.0,2417.0,1.000926529163132
619.0,5133.0,1.0
619.0,5321.0,1.0006015474343541
619.0,9030.0,1.0
619.0,10996.0,1.0
619.0,14129.0,1.0001271133874654
619.0,15052.0,1.0015030418871205
619.0,2829.0,1.0
604.0,10974.0,1.0018348003120552
612.0,4135.0,1.0013651765452747
612.0,2314.0,1.0019513568030465
637.0,19521.0,1.0
641.0,2934.0,1.0025386700861096
646.0,13777.0,1.0010691855168325
657.0,2231.0,1.002897284254385
657.0,2523.0,1.0019679950160634
631.0,598.0,1.0
631.0,1613.0,1.0000540852445674
631.0,2334.0,1.0
631.0,7121.0,1.0000968531886039
627.0,4681.0,1.0011253628253298
599.0,1246.0,1.0028545956152934
496.0,2578.0,1.0
525.0,34409.0,1.0
525.0,45591.0,1.0006098214342691
525.0,19914.0,1.0
525.0,46107.0,1.0
553.0,40718.0,1.0
553.0,19408.0,1.0013490643859373
553.0,3544.0,1.0010144406013783
530.0,575.0,1.0034520749033797
530.0,1038.0,1.002107671199689
530.0,1508.0,1.0019526495832585
549.0,3748.0,1.0025833472519008
212.0,1499.0,1.0
212.0,944.0,1.0031511689993626
238.0,2667.0,1.0012243102805984
238.0,5993.0,1.0
238.0,6035.0,1.0022856341628235
238.0,9045.0,1.0002890112940972
246.0,2150.0,1.0028485682646064
249.0,1311.0,1.0
249.0,4574.0,1.0024441513377087
249.0,6828.0,1.0
263.0,1384.0,1.0003633997766848
263.0,546.0,1.0008200717189495
263.0,51878.0,1.0
263.0,3316.0,1.0864404775713252
263.0,7739.0,1.000105926072775
196.0,10041.0,1.0
196.0,17047.0,1.0
196.0,24100.0,1.0014758068993463
196.0,31338.0,1.000172878452361
196.0,34902.0,1.0
196.0,51841.0,1.000045938757018
196.0,136.0,1.0
196.0,23667.0,1.000236160718488
196.0,6218.0,1.0014619167074865
196.0,6647.0,1.0011704188788433
196.0,9792.0,1.0
196.0,12463.0,1.0
196.0,4265.0,1.0
196.0,504.0,1.0011527519040635
196.0,2322.0,1.0
196.0,2458.0,1.0007929290465192
273.0,4165.0,1.0
279.0,6386.0,1.0023974149772217
293.0,136.0,1.0008619899064577
294.0,1244.0,1.0024876796245865
300.0,4156.0,1.0008255089670792
188.0,453.0,1.000789610593313
188.0,1039.0,1.0
188.0,88.0,1.0
190.0,460.0,1.0016669663599267
165.0,27056.0,1.000468431711205
165.0,32622.0,1.0
165.0,44903.0,1.0001488416400142
165.0,40602.0,1.0000579597185957
165.0,36609.0,1.0
165.0,8905.0,1.0
165.0,20318.0,1.0
165.0,37554.0,1.00010520376675
165.0,8017.0,1.0
165.0,48523.0,1.001375322813404
165.0,50037.0,1.0
165.0,50511.0,1.0007564516179315
165.0,4740.0,1.0747341477925063
165.0,10555.0,1.0008481400147606
165.0,16194.0,1.0
165.0,17684.0,1.0004211825970517
165.0,19693.0,1.0
165.0,20621.0,1.0
165.0,27877.0,1.0
165.0,37967.0,1.0019964251125268
165.0,43189.0,1.0027104051986184
165.0,28560.0,1.0016718114352507
165.0,30868.0,1.000608573063936
165.0,31078.0,1.000668971178638
165.0,31103.0,1.001825139222563
165.0,32023.0,1.0021873117409343
165.0,32808.0,1.000725292169291
165.0,4139.0,1.0000490692384194
165.0,8472.0,1.0
165.0,8936.0,1.0
165.0,6375.0,1.0
185.0,361.0,1.0021782754437283
187.0,399.0,1.0
342.0,450.0,1.0016188224698421
342.0,1783.0,1.000530569299977
342.0,16104.0,1.0
349.0,570.0,1.0014678102423535
349.0,7060.0,1.002102766476168
349.0,7285.0,1.0016977886033775
349.0,7454.0,1.0019420228382316
373.0,981.0,1.0016249787691502
374.0,4124.0,1.0
374.0,5575.0,1.0003854105358758
374.0,8902.0,1.0011131639162196
374.0,10619.0,1.0
374.0,5519.0,1.0007507317923632
374.0,3411.0,1.0
374.0,3798.0,1.00160747925965
374.0,4081.0,1.0
374.0,4133.0,1.0011702368963393
334.0,1852.0,1.0003899611009948
328.0,1624.0,1.078631142720252
328.0,1384.0,1.0016045503609632
328.0,1255.0,1.0
328.0,3364.0,1.0009872359348493
661.0,2644.0,1.0004495499929213
661.0,2203.0,1.0013624447158846
1081.0,1569.0,1.0012504728136111
1094.0,4561.0,1.0019274250199146
1110.0,1444.0,1.001498091069605
1110.0,1338.0,1.0011342210324643
1110.0,1417.0,1.001291611741568
1111.0,38770.0,1.0022117626466802
1073.0,8329.0,1.0024737353611897
1063.0,5415.0,1.0008940030296296
1063.0,4890.0,1.00051380664185
1063.0,2047.0,1.0002182398684871
1132.0,16414.0,1.0021804395360032
1183.0,3049.0,1.0
1183.0,6271.0,1.0
1183.0,3082.0,1.00134515503522
1183.0,2021.0,1.001329875282734
1183.0,2167.0,1.0001670888024046
1205.0,1829.0,1.0005902269783329
1134.0,7648.0,1.0033115516335218
1150.0,34687.0,1.0008045453674401
1044.0,36304.0,1.001898170563012
1044.0,38907.0,1.0
1044.0,25217.0,1.0
1044.0,36158.0,1.0
1044.0,42364.0,1.0
1044.0,38802.0,1.0
1044.0,36457.0,1.0
1044.0,5514.0,1.0
1044.0,1499.0,1.0
1044.0,3364.0,1.0
1044.0,1392.0,1.0
1044.0,30874.0,1.0
1044.0,36482.0,1.0031228957152667
1044.0,14533.0,1.0
1044.0,14569.0,1.0018659380199426
1044.0,14832.0,1.0
1044.0,22864.0,1.0001773184672598
1044.0,23374.0,1.0021794327927729
1044.0,2802.0,1.0
1044.0,3327.0,1.0
1044.0,5499.0,1.0000465640550393
1044.0,6438.0,1.0007185196152015
1044.0,6633.0,1.0
1044.0,7055.0,1.0000543673187108
1044.0,3691.0,1.0
1061.0,2199.0,1.001036161373929
1061.0,2241.0,1.000430493879996
1061.0,4639.0,1.0
1049.0,1449.0,1.0
1049.0,43894.0,1.000230998251338
1208.0,2311.0,1.0
1580.0,4724.0,1.0002483061599023
1580.0,23537.0,1.0004837493638572
1618.0,1976.0,1.001987296502875
1624.0,1059.0,1.0034010084476483
1626.0,4508.0,1.0011695252097
1626.0,2867.0,1.0002780669490077
1403.0,7188.0,1.0
1408.0,15005.0,1.0032315256792743
1409.0,301.0,1.0022132282939058
1409.0,1670.0,1.0041961480283832
1398.0,3506.0,1.0011592386134662
1398.0,2117.0,1.001860718330453
1398.0,2175.0,1.0027751022870783
1398.0,2910.0,1.002355653844876
1690.0,5849.0,1.0
1690.0,4203.0,1.0002868673985126
1690.0,4692.0,1.0003655995862837
1703.0,2211.0,1.00197467031616
1708.0,2167.0,1.0006304061151314
1735.0,2064.0,1.0
1735.0,4098.0,1.0
1735.0,6381.0,1.0002207450938139
1679.0,1896.0,1.0032388104584635
1337.0,2938.0,1.0001761418954747
1337.0,22534.0,1.0001800594404606
1337.0,2330.0,1.0010446750617572
1337.0,1825.0,1.0
1337.0,4607.0,1.0013383448910878
1305.0,8370.0,1.0
1305.0,7407.0,1.0014496154478052
1283.0,6921.0,1.0021416620081411
1299.0,23317.0,1.0024326026864445
1299.0,40922.0,1.0025679948741264
1300.0,5141.0,1.0044695908055534
1343.0,2039.0,1.0013443026105946
1343.0,2350.0,1.0
1343.0,2104.0,1.001989936042453
1343.0,2236.0,1.0
1343.0,1745.0,1.0007227907977445
914.0,2001.0,1.0002470869399855
914.0,18812.0,1.000056882928214
878.0,3433.0,1.0018368029717803
880.0,890.0,1.0007295603132247
949.0,45631.0,1.0
949.0,9727.0,1.0009897505762972
949.0,35751.0,1.0003201349622106
949.0,2150.0,1.0009904821673772
949.0,5459.0,1.0010231479154712
949.0,1895.0,1.0020574487927114
949.0,2304.0,1.0007845350583715
949.0,3188.0,1.0
949.0,8920.0,1.0004022065605518
949.0,9420.0,1.0
949.0,10710.0,1.0
949.0,10932.0,1.0
949.0,12472.0,1.0
949.0,18767.0,1.001513962993875
949.0,6489.0,1.0004064879257888
949.0,7239.0,1.0005063316562455
949.0,7327.0,1.0
949.0,20251.0,1.0004601392703738
949.0,47914.0,1.0
949.0,43132.0,1.0
949.0,22825.0,1.0
949.0,34756.0,1.0
949.0,39180.0,1.000151984773307
949.0,39845.0,1.0013697938737909
919.0,4549.0,1.000875054383977
919.0,5300.0,1.0013548533750747
922.0,1266.0,1.0001895194615675
929.0,1164.0,1.0002989141746284
932.0,9604.0,1.0016847102544986
867.0,4873.0,1.0003103680549112
867.0,2103.0,1.0003223203689502
867.0,5026.0,1.0
867.0,5155.0,1.0
867.0,5159.0,1.0010867383929687
710.0,1169.0,1.000373796379246
742.0,2458.0,1.0020427387877353
782.0,5537.0,1.003341188593509
782.0,7896.0,1.0019241757210529
782.0,9409.0,1.0032774767941273
800.0,1508.0,1.0011178812137216
800.0,1074.0,1.0
805.0,40639.0,1.0032916081771452
805.0,44376.0,1.0024718372283443
683.0,141.0,1.002805008031138
669.0,3274.0,1.0
681.0,1243.0,1.0011526222387583
826.0,3515.0,1.0004338639935562
826.0,19662.0,1.0005224351595252
826.0,1800.0,1.001404685097836
860.0,1118.0,1.000092957044922
810.0,1825.0,1.0017717751403952
824.0,14766.0,1.001672317250923
1039.0,15728.0,1.0022744842569906
1039.0,2621.0,1.0
1039.0,3327.0,1.0
1039.0,3360.0,1.0013857704732008
1039.0,7527.0,1.0
1011.0,4707.0,1.002271195564991
971.0,2167.0,1.002124542551662
982.0,19786.0,1.002739214244673
1007.0,3665.0,1.003133625857246
23.0,6805.0,1.0
23.0,34322.0,1.0012517721773857
23.0,28589.0,1.0
23.0,41787.0,1.0000974132182825
23.0,14178.0,1.0007269795154243
23.0,35927.0,1.0005420549725723
23.0,36310.0,1.0
23.0,42363.0,1.0002490457313182
23.0,4159.0,1.0
23.0,19593.0,1.0011412382176652
23.0,10977.0,1.0
23.0,18700.0,1.0010964611537754
23.0,4873.0,1.0
23.0,43441.0,1.0013138314988916
23.0,3486.0,1.0000000884256495
23.0,39918.0,1.0
23.0,42534.0,1.0
23.0,44984.0,1.0009108510684206
23.0,42724.0,1.0
23.0,31526.0,1.0013024518213283
23.0,50401.0,1.0012757358209583
23.0,47488.0,1.0012512630415997
23.0,47551.0,1.0008209366775087
23.0,40288.0,1.0
23.0,9661.0,1.0
23.0,475.0,1.0
23.0,2150.0,1.001198133387141
23.0,7904.0,1.0007880190748106
23.0,19447.0,1.0011078111147906
23.0,7035.0,1.0002730713634247
23.0,5575.0,1.00036513452159
23.0,4192.0,1.0
23.0,4607.0,1.0011080602658309
23.0,2802.0,1.0
23.0,19786.0,1.0015522674885045
23.0,26799.0,1.0
23.0,27442.0,1.0
23.0,27574.0,1.0
23.0,27717.0,1.0
23.0,27675.0,1.0008368989441998
23.0,22234.0,1.001444997253151
23.0,23142.0,1.0003842597636774
23.0,23848.0,1.0
23.0,23913.0,1.0005138725317186
23.0,35779.0,1.0009499340693802
23.0,31862.0,1.0
23.0,28844.0,1.0000607551625633
23.0,30337.0,1.0011663238751867
23.0,31084.0,1.0006089495598929
23.0,31848.0,1.0003770735487643
23.0,15314.0,1.0004958544829847
23.0,15734.0,1.001286073210202
23.0,15903.0,1.0001078742023375
23.0,15911.0,1.0002035964209612
23.0,15928.0,1.000742337697462
23.0,16007.0,1.0005548909975859
23.0,14097.0,1.0
23.0,14107.0,1.0014953917427027
23.0,14280.0,1.0001940102284501
23.0,14325.0,1.0
23.0,14367.0,1.0
23.0,14381.0,1.0
23.0,35981.0,1.0003371351985355
23.0,19236.0,1.0
23.0,19924.0,1.000353463906134
23.0,20255.0,1.00072473819215
23.0,16270.0,1.0000281074857753
23.0,17932.0,1.000097752768309
23.0,18489.0,1.000260489076361
23.0,18543.0,1.0010361360803286
23.0,18916.0,1.0
23.0,47786.0,1.0
23.0,49702.0,1.0
23.0,49771.0,1.0
23.0,50040.0,1.0018231866422314
23.0,4448.0,1.0005035067798176
23.0,47675.0,1.0007399142499755
23.0,39717.0,1.0002939779642777
23.0,39980.0,1.0
23.0,42489.0,1.0005360547279076
23.0,44884.0,1.0
23.0,44800.0,1.0
23.0,44592.0,1.0
23.0,42920.0,1.000388096753158
23.0,43087.0,1.0023374934941907
23.0,2694.0,1.0006103944643643
23.0,3465.0,1.0018638457206173
23.0,3542.0,1.0002698076132137
23.0,2402.0,1.0007491102298312
23.0,4787.0,1.0004153122850998
23.0,4978.0,1.0009478568698806
23.0,5238.0,1.0
23.0,4582.0,1.0
23.0,4566.0,1.0003900081886827
23.0,4502.0,1.0006774402381216
23.0,5343.0,1.0
23.0,9504.0,1.0001209701188312
23.0,9981.0,1.0031788221413322
23.0,8471.0,1.0021843518446614
23.0,8493.0,1.0
23.0,8501.0,1.000180450533754
23.0,8614.0,1.0
23.0,8686.0,1.0006369995457831
23.0,10038.0,1.0000728434858683
23.0,10915.0,1.0
23.0,11054.0,1.0000645819348382
23.0,12507.0,1.0
23.0,13900.0,1.0
23.0,13915.0,1.0
23.0,10080.0,1.0008671978668549
23.0,10154.0,1.0017304456185416
23.0,10211.0,1.0
23.0,10435.0,1.0016298855701042
23.0,8217.0,1.0016528097967206
23.0,6493.0,1.0016931551211572
23.0,6553.0,1.000659068683772
23.0,6561.0,1.0014138832155095
23.0,6643.0,1.0
23.0,6648.0,1.0
23.0,6723.0,1.0
23.0,6745.0,1.0
23.0,6769.0,1.0032492099854937
23.0,6847.0,1.0017006225707088
23.0,5711.0,1.0004628055929723
23.0,5912.0,1.000958319444319
23.0,6024.0,1.0008425801692786
23.0,6208.0,1.0004464452700055
23.0,6275.0,1.0009858933370266
23.0,7857.0,1.0
23.0,7044.0,1.0001370803785656
23.0,7092.0,1.0004628443477501
23.0,2693.0,1.0008761005302487
24.0,18.0,1.0436603786146275
24.0,1678.0,1.0428107021244295
24.0,956.0,1.0419160106419971
24.0,5373.0,1.0422417062146687
24.0,643.0,1.0415328498516947
34.0,4398.0,1.0
34.0,475.0,1.0
34.0,1255.0,1.0
34.0,32.0,1.0
34.0,950.0,1.000510637714534
34.0,12.0,1.0018851008809053
34.0,210.0,1.0
34.0,297.0,1.0
34.0,514.0,1.0
34.0,1540.0,1.0
35.0,9830.0,1.0
35.0,17313.0,1.000796863936466
35.0,18392.0,1.0017274173944788
15.0,361.0,1.0016524639380882
11.0,6377.0,1.002124540827922
5.0,50205.0,1.0000491577516863
5.0,6664.0,1.0006896815133324
5.0,44947.0,1.0013311351830922
5.0,40107.0,1.001424548963982
5.0,231.0,1.0
5.0,2667.0,1.0010662931250345
5.0,256.0,1.00021980721614
5.0,1700.0,1.0007515012153998
5.0,1355.0,1.000349243233806
5.0,1276.0,1.0000584333767721
5.0,6095.0,1.0012520623555987
5.0,278.0,1.000901187594026
5.0,2922.0,1.0
5.0,434.0,1.0
5.0,218.0,1.0013569596462257
5.0,14110.0,1.000471460360208
5.0,14988.0,1.0001150322777157
5.0,15819.0,1.0015481040296603
5.0,19151.0,1.0009534293611841
10.0,3748.0,1.0
10.0,262.0,1.0
104.0,2761.0,1.0175688110831345
104.0,30796.0,1.0181455469748388
104.0,3506.0,1.017222356639107
104.0,18420.0,1.016686591499233
104.0,2069.0,1.019030513208823
104.0,2262.0,1.0182098891684845
104.0,23060.0,1.0189165972353385
104.0,40348.0,1.0168736894000838
104.0,30862.0,1.0189886673225508
104.0,30907.0,1.0180854195001987
104.0,32028.0,1.0192481970980385
104.0,33114.0,1.01862237318612
104.0,36421.0,1.0168011929967793
104.0,16213.0,1.0192151946274053
104.0,20698.0,1.0169126414744483
104.0,26574.0,1.0162153322480356
104.0,27364.0,1.0189011246713355
104.0,38657.0,1.0188745321849133
104.0,39432.0,1.0199356208684067
104.0,10574.0,1.0165124352382802
104.0,41779.0,1.0185223706323803
123.0,487.0,1.0012213764892084
123.0,535.0,1.0015238328128484
123.0,243.0,1.0011746952276244
141.0,227.0,1.002471119348355
143.0,1801.0,1.0
143.0,2975.0,1.0
143.0,32025.0,1.0
143.0,35263.0,1.0
114.0,260.0,1.0008711295659203
106.0,41274.0,1.0
110.0,100.0,1.0000142362757376
113.0,1091.0,1.0025564954967223
96.0,10606.0,1.0
96.0,34322.0,1.0048656354452645
96.0,154.0,1.0048562001203378
96.0,9193.0,1.004228382808208
96.0,7450.0,1.0037537493949844
96.0,36064.0,1.0038776605487578
96.0,956.0,1.002337426366135
96.0,2587.0,1.0027935359700397
96.0,2417.0,1.004247428940249
96.0,2540.0,1.004709411371105
96.0,34756.0,1.001546902116782
96.0,262.0,1.003039241828213
96.0,25173.0,1.0044297788845293
96.0,28536.0,1.002406809777236
96.0,39742.0,1.0046844886659174
96.0,2466.0,1.0032048357064232
96.0,138.0,1.0037621512204855
96.0,8490.0,1.002410979736557
96.0,8807.0,1.0029384617255306
96.0,9149.0,1.0045030039996612
96.0,8286.0,1.003211403407618
96.0,7315.0,1.0029247781179864
96.0,7413.0,1.0023596428159576
96.0,7489.0,1.0029452146359543
96.0,7272.0,1.0031569257230994
96.0,19177.0,1.0039494304027683
96.0,19312.0,1.002309157713946
96.0,19395.0,1.00443570006592
96.0,13772.0,1.003481950672642
96.0,18415.0,1.0046094138056691
96.0,1782.0,1.00277611634773
96.0,1960.0,1.003764131237733
96.0,1994.0,1.0054011387097643
96.0,552.0,1.0042536596752842
96.0,6016.0,1.0039495943905132
96.0,6325.0,1.003515201130661
96.0,2612.0,1.004134215751755
96.0,2629.0,1.005858321978126
96.0,2649.0,1.0041526453464134
96.0,5283.0,1.0038038611380795
100.0,250.0,1.000807882114008
100.0,269.0,1.0012358487063573
100.0,303.0,1.0013108446398478
100.0,3345.0,1.0003330760385671
100.0,225.0,1.0008918174220625
98.0,57.0,1.0
155.0,8067.0,1.001021780150832
80.0,4886.0,1.0
80.0,101.0,1.000870834166439
80.0,5366.0,1.0006123526827375
80.0,2243.0,1.0
80.0,3612.0,1.0001295770232663
82.0,41.0,1.0
82.0,453.0,1.0000082997839383
82.0,3635.0,1.000093024470891
82.0,2839.0,1.0
82.0,1101.0,1.0
82.0,1604.0,1.0009061581721612
82.0,1746.0,1.0000269744089076
82.0,2178.0,1.0
82.0,6355.0,1.0
82.0,5323.0,1.000189484146965
83.0,74.0,1.0014863468845163
83.0,377.0,1.0
83.0,100.0,1.0002581378364395
83.0,275.0,1.002177455061829
83.0,23896.0,1.0
85.0,68.0,1.001195199450414
90.0,570.0,1.0026379520478166
79.0,15336.0,1.0
79.0,15886.0,1.0
79.0,162.0,1.001164417545402
79.0,4630.0,1.001686413525836
79.0,5021.0,1.0
79.0,8929.0,1.0011808783085034
39.0,1238.0,1.0
39.0,1366.0,1.0014675762662841
39.0,6001.0,1.0005423088547793
43.0,2862.0,1.0024710697948978
45.0,369.0,1.000797961592288
45.0,297.0,1.0
45.0,4840.0,1.0006784793460954
45.0,7783.0,1.0008316004355677
45.0,7953.0,1.001596931958268
78.0,315.0,1.0017033115507985
64.0,22529.0,1.000632074331299
64.0,1976.0,1.0
64.0,156.0,1.0003292634179852
64.0,6888.0,1.0017241637335497
48.0,59.0,1.0004300784694957
49.0,976.0,1.0010879344089145
49.0,30094.0,1.0012579498008407
6656.0,18173.0,1.0164333167437447
6656.0,19974.0,1.0176187906471055
6656.0,10625.0,1.0171469968410238
6656.0,9377.0,1.018523243262214
6656.0,8157.0,1.015625708445784
6656.0,22002.0,1.014205750406615
6656.0,8699.0,1.016349519274941
6656.0,9466.0,1.0171835477098559
6656.0,8377.0,1.0174732916004365
6656.0,11071.0,1.016826134832042
6656.0,19281.0,1.0170437968275488
6656.0,23404.0,1.0182697639279723
6656.0,19027.0,1.0171058914154913
6656.0,18732.0,1.0147407110238182
6656.0,16369.0,1.0177417836981804
6656.0,16400.0,1.0150870419515219
6629.0,27223.0,1.0
6629.0,9920.0,1.0018235991777429
6629.0,15745.0,1.0026422533921093
6629.0,16829.0,1.0
6629.0,22395.0,1.0010687854831448
6629.0,17519.0,1.0000261226456728
6629.0,21907.0,1.001789151055852
6629.0,20115.0,1.0006181999737895
6629.0,18338.0,1.0
6629.0,2141.0,1.0005496907924163
6629.0,26730.0,1.0006206057909703
6629.0,30975.0,1.0004522193220737
6629.0,44348.0,1.0
6629.0,17483.0,1.0020984276571265
6629.0,17966.0,1.0006006687334292
6652.0,10469.0,1.0023334641644301
6444.0,20880.0,1.0038520658064352
6507.0,43193.0,1.0007113946722916
6533.0,9029.0,1.0027031751374822
6933.0,14232.0,1.0023348266769305
6933.0,9099.0,1.0022948498408444
6933.0,2168.0,1.000550904293415
6933.0,10566.0,1.0013908363161965
6956.0,20073.0,1.0
7000.0,9184.0,1.0013951042513283
7040.0,4771.0,1.0029562697015566
7052.0,6191.0,1.0007947340101586
6862.0,9019.0,1.0354469083386728
6862.0,10768.0,1.0360276956202232
6876.0,2600.0,1.0010645353462997
6876.0,9019.0,1.0015498141416503
6876.0,9704.0,1.0017147134367614
7188.0,10906.0,1.0
7188.0,19577.0,1.0
7188.0,15768.0,1.0024323276048246
7188.0,10462.0,1.0010329621706084
7189.0,4456.0,1.0027012388478036
7202.0,14028.0,1.0021440581870233
7202.0,14848.0,1.0015949656399281
7211.0,9543.0,1.0034074912336313
7280.0,8731.0,1.0
7280.0,23213.0,1.0
7152.0,44245.0,1.0011730645388326
7164.0,10049.0,1.0012210328614064
6710.0,37081.0,1.0012041854574976
6710.0,20502.0,1.0009255289991847
6710.0,36162.0,1.000467870422914
6710.0,47679.0,1.0006082064319068
6673.0,9220.0,1.0019940262744935
6815.0,9971.0,1.000395473117677
6844.0,47906.0,1.0026625317283624
6844.0,15416.0,1.0030096190375193
6794.0,8933.0,1.0
6397.0,18566.0,1.0004171447014827
5337.0,18329.0,1.0008336313101234
5337.0,43742.0,1.0010887817166734
5337.0,38351.0,1.00250637902923
5337.0,2215.0,1.000605073796424
5337.0,13612.0,1.000295534575032
5337.0,19126.0,1.0018564015350688
5337.0,34813.0,1.0001963324373842
5326.0,10410.0,1.0045227817455593
5186.0,28403.0,1.0008227336932993
5186.0,8682.0,1.0005050822076957
5272.0,3420.0,1.0029179602797977
5278.0,25316.0,1.0013291896525376
5510.0,23814.0,1.0033074919371905
5580.0,3371.0,1.0042236511348266
5617.0,7353.0,1.0
5686.0,7486.0,1.00043591371631
5696.0,8049.0,1.0000070505438294
5487.0,10680.0,1.0016966904999565
5487.0,17547.0,1.0
5487.0,37960.0,1.0008457702071683
5388.0,7093.0,1.0013393051465909
5422.0,7882.0,1.001396588538708
5462.0,7160.0,1.0006217088507972
5120.0,8615.0,1.000803528458674
5121.0,6704.0,1.0037053908754978
5125.0,50642.0,1.0014002530081185
5125.0,49979.0,1.0008846958523672
5139.0,5268.0,1.0005000769006536
5142.0,12276.0,1.0001685859914657
5079.0,16175.0,1.0010615732206196
5079.0,26478.0,1.0001131665355194
5079.0,34972.0,1.0013772646322268
5167.0,49932.0,1.0
5167.0,35318.0,1.0002436720060515
5167.0,35904.0,1.0
5167.0,9884.0,1.0005379153626517
5167.0,27103.0,1.0011474609623556
5167.0,32252.0,1.0
6236.0,17775.0,1.0
6254.0,49708.0,1.0
6254.0,18668.0,1.0022011698660827
6256.0,8650.0,1.0021464946340606
6263.0,16665.0,1.001978904122381
6268.0,8057.0,1.001231973324276
6272.0,2112.0,1.000865334762578
6272.0,399.0,1.0007849597750467
6308.0,41647.0,1.0005248643317615
6308.0,22709.0,1.0011124430154559
6308.0,48351.0,1.0
6308.0,37922.0,1.0
6308.0,38637.0,1.0
6308.0,41004.0,1.0022819249716908
6321.0,6839.0,1.000269211942571
6285.0,8146.0,1.002404844823394
5844.0,36638.0,1.00267517479156
5850.0,7680.0,1.0031384364386962
5877.0,10204.0,1.0
5885.0,7931.0,1.0031946547233923
5898.0,7668.0,1.0003831293974375
5961.0,14772.0,1.0041750075215938
5961.0,18381.0,1.00141871584419
5973.0,8056.0,1.0007259230553982
5973.0,9759.0,1.0
5827.0,23136.0,1.0035635025641934
5811.0,7666.0,1.0004040478915586
5730.0,41636.0,1.0014360232079296
5775.0,7267.0,1.0029791593202104
5775.0,9502.0,1.0022422327838072
5775.0,9554.0,1.0006934383919184
5775.0,13801.0,1.0036998011692098
6181.0,8516.0,1.0010997436474867
6185.0,5332.0,1.0036149416023616
6190.0,8055.0,1.0043640285278335
6228.0,17481.0,1.0006940504409458
6042.0,7589.0,1.0
5027.0,20700.0,1.0019349209801562
5027.0,23145.0,1.0016642867984051
9094.0,51914.0,1.0016645896484355
9113.0,12472.0,1.0028223259295657
10208.0,13581.0,1.0001407310744899
10232.0,548.0,1.0030858948126098
10240.0,13578.0,1.0029298963656588
8980.0,8757.0,1.0000006698192192
8980.0,13814.0,1.0
9039.0,37119.0,1.0030101057195009
9085.0,12469.0,1.004799094805775
10622.0,14524.0,1.0004188404660705
10630.0,9938.0,1.000729180520278
10611.0,18727.0,1.0020255553384974
10516.0,11249.0,1.0033456281552064
10570.0,13907.0,1.0010540327235278
8755.0,12438.0,1.0002489367801983
8755.0,22815.0,1.0004803258010697
8755.0,14263.0,1.0
8755.0,28122.0,1.0
8755.0,15483.0,1.000031620330083
8755.0,14280.0,1.0
8755.0,7353.0,1.0
8755.0,16228.0,1.0
8755.0,14680.0,1.000515589977628
8755.0,32613.0,1.0
8755.0,20211.0,1.0
8755.0,23304.0,1.0
8755.0,26841.0,1.0
8755.0,13874.0,1.0
8755.0,14343.0,1.0012633792043457
8755.0,14454.0,1.0
8755.0,11207.0,1.0
8755.0,13785.0,1.0000566864383365
8755.0,13807.0,1.0003777800919937
8755.0,14026.0,1.0
8755.0,17189.0,1.0000359613566627
8755.0,17392.0,1.0003092782861795
8755.0,18660.0,1.0014612202409354
8755.0,11075.0,1.0006007990566623
8858.0,11187.0,1.0029282723983717
8865.0,40096.0,1.0
8865.0,46056.0,1.0008684246788417
8865.0,39295.0,1.0
8865.0,18338.0,1.0
8865.0,39830.0,1.0
8883.0,49721.0,1.0
8930.0,19994.0,1.0013204597225895
11387.0,19092.0,1.0016976111615319
11387.0,28376.0,1.0000176943019132
11400.0,11187.0,1.0006312921059508
11430.0,15086.0,1.0009432541434262
11430.0,16265.0,1.0
11374.0,14881.0,1.0008857234325448
11209.0,30469.0,1.0
11209.0,641.0,1.0
11209.0,22544.0,1.0005248329554353
11209.0,38909.0,1.0000449881925852
11209.0,15167.0,1.000675764387837
11209.0,16010.0,1.0
11209.0,18246.0,1.000130976175687
11209.0,14639.0,1.0
11209.0,6577.0,1.0
11313.0,14837.0,1.0024437938087858
11384.0,3737.0,1.0
11643.0,1059.0,1.000412287616003
11643.0,40967.0,1.0009164751290782
11643.0,31908.0,1.0
11657.0,7341.0,1.0032844237455667
11515.0,1586.0,1.0015749592205196
11551.0,14983.0,1.0018551528231252
11577.0,15055.0,1.0010469847551906
11591.0,41240.0,1.0006602110367588
11616.0,50551.0,1.002542910847778
10784.0,9228.0,1.0028335113984745
10966.0,23750.0,1.0001564040796798
10996.0,9316.0,1.0019646810110805
10996.0,17229.0,1.0047164334090097
11077.0,14562.0,1.0023103638105044
11084.0,907.0,1.0020734315811024
11089.0,14301.0,1.0025653101318557
11136.0,10540.0,1.0032196552362038
11147.0,14645.0,1.003907139914509
11169.0,6686.0,1.0028820553943432
8163.0,10909.0,1.0007384644175363
8163.0,2282.0,1.0029834201153593
8163.0,10737.0,1.00330818267945
8163.0,3465.0,1.0043255649248035
8188.0,17446.0,1.000826128138386
8188.0,34220.0,1.0008557202996455
8188.0,15235.0,1.000494194845446
8188.0,14983.0,1.0
8188.0,19212.0,1.0004130364018873
8188.0,23877.0,1.0
8081.0,22173.0,1.003359644097459
8076.0,7531.0,1.0011514018342533
7922.0,8630.0,1.0010263441267404
7927.0,8630.0,1.000888690315446
7992.0,10274.0,1.0029011239369896
7998.0,14958.0,1.0013713917345033
7998.0,15838.0,1.0
7998.0,18012.0,1.0030979670857734
8014.0,2.0,1.0024061898769312
8040.0,10302.0,1.002953317236298
8256.0,48201.0,1.001764954687822
8380.0,15034.0,1.0013685485713004
8380.0,7011.0,1.0008211534178897
8380.0,10692.0,1.0
8211.0,10408.0,1.0029699482430199
8192.0,36965.0,1.0009554731530765
8192.0,36480.0,1.0033845620509816
7450.0,10159.0,1.0030574785168542
7450.0,6166.0,1.004044857980908
7496.0,9849.0,1.0
7505.0,4290.0,1.0036359612003836
7550.0,9832.0,1.0030797714257622
7569.0,9981.0,1.0051848613939054
7569.0,10425.0,1.0004725324916377
7569.0,12491.0,1.0027170423990532
7569.0,16416.0,1.0018727333754085
7395.0,9788.0,1.0
7395.0,10003.0,1.0
7302.0,9585.0,1.0025526079069305
7329.0,9139.0,1.0022046947225003
7336.0,805.0,1.0025191353310767
7336.0,8373.0,1.0038791322117957
7336.0,9609.0,1.0030789319168552
7387.0,18950.0,1.0018736723033304
7387.0,9422.0,1.003098401483285
7387.0,19211.0,1.002695913666641
7772.0,9956.0,1.0004036707629314
7646.0,15351.0,1.0014909929187492
7654.0,402.0,1.0
7654.0,23479.0,1.0004229505116022
8436.0,50094.0,1.000973923427448
8436.0,11255.0,1.000674263787653
8436.0,17655.0,1.0005036084501404
8497.0,11024.0,1.0032726350606025
8385.0,7083.0,1.0034305023895786
8691.0,19830.0,1.002419616183397
8691.0,13652.0,1.0000919809813633
8691.0,14247.0,1.0011426765053986
8691.0,13972.0,1.002710960014592
8725.0,8420.0,1.000474691588201
8532.0,17057.0,1.0022300007630336
8532.0,2215.0,1.0016691280531709
8532.0,15361.0,1.0015258082126615
8690.0,11034.0,1.0021189979003764
8690.0,14540.0,1.0027168703376155
5005.0,8771.0,1.0036889803960474
2703.0,1456.0,1.0139203249137694
2703.0,17811.0,1.0171702210088434
2703.0,36178.0,1.0168067573415285
2703.0,16742.0,1.0161212267884083
2703.0,16920.0,1.018517257312947
2703.0,6572.0,1.016952782701853
2703.0,16414.0,1.017596205880083
2703.0,17451.0,1.0174904837378393
2703.0,10301.0,1.01780512271504
2703.0,22809.0,1.018922675334522
2703.0,26627.0,1.0166100394603865
2703.0,41562.0,1.0162189999616251
2703.0,38520.0,1.0191441010185527
2703.0,27329.0,1.0169154276316545
2703.0,4320.0,1.0189185071572469
2703.0,3616.0,1.0162607716300682
2703.0,17723.0,1.0152872826440658
2703.0,4421.0,1.0178701041949978
2703.0,4796.0,1.016179058048866
2703.0,23877.0,1.0172359972046345
2703.0,14984.0,1.0168164273941425
2703.0,18708.0,1.015257021537926
2703.0,18824.0,1.0177156089075698
2703.0,18833.0,1.0158466940207862
2703.0,22015.0,1.0167404397790685
2703.0,18280.0,1.0193267032490045
2703.0,17572.0,1.0178563966804977
2703.0,17610.0,1.017056266954305
2703.0,18004.0,1.0178877533446413
2703.0,18199.0,1.0183365246924578
2703.0,23731.0,1.0164224259285546
2703.0,24005.0,1.0171398067910633
2703.0,24050.0,1.0181867247469587
2703.0,22862.0,1.0178070015373308
2703.0,23083.0,1.0186831905178622
2703.0,23108.0,1.016748762921326
2703.0,23216.0,1.0176319980067108
2703.0,23326.0,1.0182091637193862
2703.0,23358.0,1.018694741683015
2703.0,17501.0,1.017051306597114
2703.0,17461.0,1.0175392346725138
2703.0,3201.0,1.0165771056582875
2703.0,12513.0,1.0199913404287861
2703.0,14626.0,1.0186563486780285
2703.0,15252.0,1.0168629279127215
2703.0,4434.0,1.017548882511988
2703.0,8306.0,1.0170612059156932
2703.0,35364.0,1.0158445149007134
2703.0,26724.0,1.017947606855125
2703.0,26968.0,1.0177113043456252
2703.0,17881.0,1.0185348106876904
2603.0,7188.0,1.0
2603.0,9609.0,1.0
2603.0,17054.0,1.0
2603.0,9273.0,1.0
2603.0,10985.0,1.0
2637.0,5719.0,1.0015937693510848
2697.0,3821.0,1.0018266630787074
2995.0,3433.0,1.0009819466018195
3068.0,5691.0,1.0005753108265898
3068.0,3550.0,1.002183682433111
2974.0,4221.0,1.0027613171886174
2857.0,3348.0,1.0010968785345633
2867.0,3371.0,1.0020663783610861
2893.0,3383.0,1.0030490341647649
2944.0,3433.0,1.0020752219297244
2954.0,3433.0,1.001211876641822
2958.0,3000.0,1.0027594618755435
3126.0,8146.0,1.0011138709424083
3126.0,10579.0,1.0001886619415905
3126.0,7765.0,1.0026111217760707
3126.0,8154.0,1.0000053040785561
3126.0,5337.0,1.0007098528654679
3126.0,10183.0,1.000132222038826
3126.0,3058.0,1.001249749411856
3114.0,4845.0,1.0009171132358903
3114.0,4597.0,1.0004014571983286
3114.0,3070.0,1.0012463638569407
2722.0,3150.0,1.0439521671521834
2722.0,1570.0,1.0441678441017717
2722.0,3235.0,1.0441803882568295
2722.0,4087.0,1.0461146567929134
2828.0,35536.0,1.0
2828.0,48450.0,1.0002176885176288
2828.0,27634.0,1.0
2828.0,34403.0,1.0
2033.0,19298.0,1.0
2033.0,27394.0,1.0
2033.0,8771.0,1.0001384164368592
2033.0,8467.0,1.000465599710778
2033.0,9937.0,1.0
2033.0,14299.0,1.0
2033.0,23358.0,1.0005272176815345
2033.0,10224.0,1.0
2033.0,23306.0,1.0
2033.0,14504.0,1.0
2027.0,5264.0,1.0026988226464773
2027.0,4816.0,1.002008487220063
2027.0,19665.0,1.000032791507481
2067.0,1056.0,1.0008889691636371
2080.0,42662.0,1.0020172912833623
2087.0,3049.0,1.0003456754580737
2111.0,2507.0,1.0015608755153587
2114.0,8560.0,1.0012613639981311
2011.0,2314.0,1.003181669183695
1993.0,16414.0,1.00066960536534
1791.0,1507.0,1.0018922465204496
1792.0,598.0,1.0
1792.0,3117.0,1.000755981675256
1762.0,2361.0,1.0028271669013837
1781.0,4828.0,1.0014488844372895
1781.0,6134.0,1.003131549086856
1898.0,2074.0,1.0027715665313324
1941.0,1823.0,1.0010623009973385
1941.0,2456.0,1.0008677379568176
1808.0,2024.0,1.0014071186768718
1835.0,2561.0,1.00191940216398
1835.0,15809.0,1.0010754673660331
2158.0,10696.0,1.0
2158.0,3111.0,1.0011320840367461
2158.0,5421.0,1.0016771302976444
2158.0,9470.0,1.0008549285073998
2158.0,10132.0,1.000217091289
2433.0,4709.0,1.0028639961818968
2440.0,2929.0,1.0
2459.0,4381.0,1.0
2459.0,4551.0,1.0
2459.0,5199.0,1.0
2459.0,2482.0,1.0
2459.0,4484.0,1.0
2417.0,16071.0,1.0026636078470639
2382.0,5210.0,1.0008851763995539
2382.0,4989.0,1.0040414263456978
2383.0,8242.0,1.0006786978241553
2408.0,4245.0,1.003556571000016
2411.0,39573.0,1.0002434401022706
2411.0,40107.0,1.0037085007750004
2465.0,1915.0,1.000864238329754
2464.0,5431.0,1.0004600846061913
2209.0,5998.0,1.0001878878875066
2224.0,6080.0,1.0009147074123896
2280.0,8067.0,1.0
2280.0,3058.0,1.0010014104469551
2280.0,2796.0,1.0022176924044823
2280.0,2886.0,1.0
2280.0,3016.0,1.0003107078578723
2280.0,20654.0,1.001413464265781
2280.0,25330.0,1.0004610827608789
2280.0,10618.0,1.0011455301860084
2280.0,3603.0,1.0027580217047543
2280.0,9984.0,1.0020448174831338
2192.0,9044.0,1.0007801103283145
2177.0,3498.0,1.0009869878765343
2287.0,2799.0,1.002202639742075
2356.0,2779.0,1.0013621556332448
3943.0,14123.0,1.0
3943.0,10041.0,1.0
3943.0,6574.0,1.001095864710236
3943.0,42163.0,1.0
3943.0,7556.0,1.0000443217948942
3943.0,32400.0,1.0
3943.0,2241.0,1.0
3943.0,3665.0,1.0007401990113916
3943.0,7782.0,1.0
3943.0,8197.0,1.0
3943.0,8440.0,1.0013776244369232
3943.0,6996.0,1.0
3943.0,6620.0,1.0007703554945147
3943.0,20159.0,1.0
3943.0,20703.0,1.0010820391866024
3943.0,10112.0,1.0
3943.0,12327.0,1.0007517605688423
3943.0,8107.0,1.0
3943.0,6673.0,1.0
3943.0,4838.0,1.0
3943.0,5951.0,1.0008217099803705
3943.0,6434.0,1.0
4020.0,20180.0,1.0002493345521495
4020.0,6828.0,1.0
4020.0,20753.0,1.001863983474278
4020.0,34542.0,1.0
4020.0,3487.0,1.0014635543476993
4020.0,9214.0,1.0001171980148535
4020.0,9700.0,1.0
4047.0,3429.0,1.0025165669041232
4060.0,8912.0,1.0032896265194904
4082.0,4847.0,1.0021220006178722
3926.0,3389.0,1.0016403506456069
3926.0,5523.0,1.0027598767690284
3835.0,41361.0,1.0
3835.0,50771.0,1.0010841255511462
3835.0,15278.0,1.0002516598878115
3835.0,15386.0,1.0016579590648913
3835.0,38520.0,1.002249963226278
3835.0,805.0,1.0003791011073944
3835.0,27785.0,1.0000170497192868
3835.0,31751.0,1.0
3835.0,44387.0,1.0008151519452373
3838.0,4886.0,1.0005465681956733
3840.0,4845.0,1.0014769202182499
4092.0,510.0,1.0001476651401289
4092.0,5722.0,1.0
4092.0,7247.0,1.0
4092.0,12450.0,1.0
4092.0,13604.0,1.0
4092.0,5756.0,1.000025632085486
4092.0,4120.0,1.0011814427787775
4092.0,10919.0,1.0016219567703737
4092.0,23721.0,1.0011332406512166
4670.0,10664.0,1.0007230601636528
4795.0,18423.0,1.0003647925580412
4795.0,31325.0,1.001193757117157
4795.0,5916.0,1.0
4795.0,16093.0,1.0006522593155545
4795.0,17497.0,1.0000210225152215
4795.0,18137.0,1.0
4566.0,14886.0,1.0007158222868273
4566.0,15402.0,1.001665686294294
4566.0,5871.0,1.0
4573.0,5865.0,1.0024864753143112
4616.0,6029.0,1.0020167780251958
4859.0,6264.0,1.0002723598094398
4873.0,6272.0,1.0041047855885132
4887.0,16672.0,1.0041583324638457
4889.0,6297.0,1.0062832894824716
4903.0,4765.0,1.001566366143519
4910.0,8535.0,1.0
4910.0,8442.0,1.0011891291211146
4930.0,6363.0,1.0008703696697414
4855.0,8380.0,1.0042299064551743
4527.0,5465.0,1.0010853280818062
4146.0,17209.0,1.0021193563852941
4146.0,22329.0,1.0016807477472205
4199.0,5426.0,1.002491807238565
4226.0,5461.0,1.001697240187449
4263.0,5499.0,1.0
4278.0,5861.0,1.000354979672834
4278.0,5504.0,1.0
4129.0,5413.0,1.0018908053031286
4301.0,23889.0,1.0
3451.0,37851.0,1.0
3451.0,5920.0,1.0012400756008826
3451.0,16401.0,1.0
3451.0,8437.0,1.0
3458.0,35888.0,1.0
3458.0,34482.0,1.0025641699384058
3337.0,4263.0,1.0008423109328988
3343.0,13584.0,1.0028775991859682
3398.0,52110.0,1.002045528414584
3575.0,41685.0,1.0002741072563084
3575.0,42787.0,1.0
3606.0,3122.0,1.002808908245631
3606.0,9267.0,1.0
3480.0,8316.0,1.000824332602601
3499.0,4105.0,1.0032633333942438
3508.0,5300.0,1.0030912759519017
3178.0,44883.0,1.0
3178.0,49844.0,1.0015312265302694
3178.0,40562.0,1.0
3178.0,50647.0,1.0
3178.0,41191.0,1.000981375755295
3178.0,43096.0,1.0
3178.0,44331.0,1.0
3178.0,44925.0,1.0000572314867955
3181.0,3637.0,1.0
3194.0,4265.0,1.0
3194.0,3235.0,1.001715456985967
3194.0,3831.0,1.0
3206.0,3777.0,1.0031879424119654
3211.0,6905.0,1.0029210640964359
3312.0,2560.0,1.0023785813269037
3312.0,1091.0,1.0021924474605801
3312.0,4037.0,1.0019452054879585
3252.0,1955.0,1.0
3288.0,3074.0,1.0
3790.0,15791.0,1.0
3790.0,4501.0,1.0
3790.0,22002.0,1.0
3790.0,9971.0,1.0
3790.0,30094.0,1.0
3790.0,8635.0,1.0
3790.0,7680.0,1.0007467796544052
3790.0,17572.0,1.0
3790.0,9278.0,1.0
3790.0,5226.0,1.0
3790.0,10183.0,1.0
3790.0,5622.0,1.0
3790.0,14856.0,1.0
3790.0,10587.0,1.0000064550983374
3790.0,22579.0,1.0
3790.0,26876.0,1.0006345459591621
3790.0,4753.0,1.0
3790.0,5274.0,1.0
3790.0,7797.0,1.0
3790.0,6353.0,1.0009384630436933
3668.0,20304.0,1.0042017262156158
3789.0,4740.0,1.077321468672351
3677.0,45431.0,1.0019416484156136
3704.0,7670.0,1.0030287477416007
3727.0,4681.0,1.0011118670679588
3768.0,3360.0,1.0040254789517957
3776.0,965.0,1.00354808464912
10939.0,1244.0,1.003708131377602
26157.0,27352.0,1.0
