4.0,96.0,1.0018696755632799
4.0,2560.0,1.0025134978119066
25579.0,5003.0,1.069951097680862
25579.0,7652.0,1.0711138200382169
25579.0,8841.0,1.0724366083686483
25579.0,8904.0,1.070372367420798
25579.0,9158.0,1.0708035396459055
25579.0,4398.0,1.0729500820069682
25579.0,773.0,1.0721062485416912
25579.0,1367.0,1.0698411378952035
25579.0,2093.0,1.0711491953959382
25579.0,2274.0,1.0725680474452783
25579.0,2968.0,1.071354250448515
25579.0,3803.0,1.0703340610891492
25579.0,9964.0,1.073429015335652
25579.0,12342.0,1.0722671814801177
25579.0,12373.0,1.070319336465691
25579.0,13822.0,1.0723406287940984
25579.0,14841.0,1.0714224659230713
25579.0,32076.0,1.0724873189347872
25579.0,32323.0,1.0716410860495018
25579.0,31567.0,1.0728541309018813
25579.0,31608.0,1.0700701922708968
25579.0,31708.0,1.0719059711299708
25579.0,31967.0,1.0712299669604928
25579.0,32015.0,1.0715545450287836
25579.0,31485.0,1.0725003247016769
25579.0,32694.0,1.071027898808884
25579.0,34693.0,1.0702967052508456
25579.0,34704.0,1.0709849217223362
25579.0,34743.0,1.0716551980769562
25579.0,34749.0,1.0712642933714225
25579.0,35190.0,1.0716230807490708
25579.0,35334.0,1.0712846244419023
25579.0,35365.0,1.0707469368042553
25579.0,35424.0,1.0736862318333331
25579.0,34644.0,1.0707552106547227
25579.0,34322.0,1.0719669116126844
25579.0,27530.0,1.0698254912267307
25579.0,27779.0,1.0721677087094161
25579.0,27794.0,1.0735468156319998
25579.0,27982.0,1.0707243757483693
25579.0,27082.0,1.0708277188367255
25579.0,22208.0,1.0702538870691807
25579.0,23395.0,1.0709266365934416
25579.0,23757.0,1.0717363903384252
25579.0,23868.0,1.0724724001248735
25579.0,26712.0,1.0719550428463367
25579.0,31402.0,1.0706323365424373
25579.0,30816.0,1.0725533174661517
25579.0,30873.0,1.0710661956632934
25579.0,30929.0,1.0699032806102686
25579.0,31026.0,1.0714432760557073
25579.0,31206.0,1.0704639791728194
25579.0,30078.0,1.07062159364823
25579.0,30031.0,1.0713801723324297
25579.0,28927.0,1.0707273582312533
25579.0,28350.0,1.072416009407875
25579.0,28382.0,1.0724574724607234
25579.0,28710.0,1.0703007180382813
25579.0,28858.0,1.0718360870696804
25579.0,35569.0,1.0712217076585866
25579.0,40820.0,1.0717756826997913
25579.0,35637.0,1.0712405881926876
25579.0,37524.0,1.0725122091825743
25579.0,37709.0,1.0723967499168736
25579.0,36224.0,1.0710613493671912
25579.0,36251.0,1.0698572250081062
25579.0,37276.0,1.070708690094904
25579.0,38749.0,1.0706742993788638
25579.0,39512.0,1.0706754418967082
25579.0,35624.0,1.072031838865554
25579.0,37757.0,1.073022110559459
25579.0,37811.0,1.0717717731674805
25579.0,37916.0,1.0715352600753247
25579.0,38460.0,1.0720658718263911
25579.0,38606.0,1.070061683815506
25579.0,38283.0,1.0717507503752053
25579.0,37198.0,1.0705799815794186
25579.0,37286.0,1.072847868091617
25579.0,37440.0,1.0709818199522607
25579.0,37603.0,1.0716296927960913
25579.0,37666.0,1.0711068324824116
25579.0,39648.0,1.0723197073860702
25579.0,39770.0,1.0720558528209139
25579.0,39420.0,1.0718798064565815
25579.0,38775.0,1.072332866306707
25579.0,38921.0,1.0705959964784797
25579.0,39025.0,1.0697123271601008
25579.0,39063.0,1.0697298090453413
25579.0,39075.0,1.0717852189712478
25579.0,39429.0,1.0722229497278934
25579.0,37179.0,1.0720368779682874
25579.0,36074.0,1.0717826504502026
25579.0,36170.0,1.069347466679103
25579.0,35968.0,1.0714951379986484
25579.0,35711.0,1.070422170167868
25579.0,35791.0,1.0707264274987693
25579.0,35800.0,1.0699131862423168
25579.0,35848.0,1.072486355794444
25579.0,35930.0,1.0714650289492709
25579.0,36282.0,1.0712111282336982
25579.0,36837.0,1.0711311693786796
25579.0,36957.0,1.0709328112735084
25579.0,37068.0,1.069875134758945
25579.0,37108.0,1.0734331828612238
25579.0,37129.0,1.0725868612040692
25579.0,36327.0,1.0696930718484003
25579.0,36355.0,1.0712328310729005
25579.0,36453.0,1.0725158656311982
25579.0,36513.0,1.0724855765747283
25579.0,36548.0,1.0710870264617278
25579.0,36635.0,1.0726975427561039
25579.0,49875.0,1.0725227616480406
25579.0,50540.0,1.0704519318469843
25579.0,48063.0,1.072844222559631
25579.0,45622.0,1.0721631411380956
25579.0,45834.0,1.070451868979217
25579.0,45977.0,1.0713219411551522
25579.0,47202.0,1.069714544290448
25579.0,47374.0,1.0725345558873642
25579.0,47805.0,1.0718890809048516
25579.0,45317.0,1.0718390005529537
25579.0,42192.0,1.071298914262186
25579.0,42259.0,1.0718651189065092
25579.0,42352.0,1.0713863875635703
25579.0,42363.0,1.07199038672552
25579.0,42416.0,1.0713661576868863
25579.0,41832.0,1.070664507130113
25579.0,41763.0,1.0720766301880043
25579.0,40602.0,1.0711712201364534
25579.0,40725.0,1.0719159364996755
25579.0,40875.0,1.07089753103317
25579.0,40881.0,1.0711771285823188
25579.0,40925.0,1.0714701176309291
25579.0,41014.0,1.070501477846251
25579.0,41494.0,1.070587512198491
25579.0,41736.0,1.0708149455177547
25579.0,42440.0,1.0728595995828485
25579.0,43672.0,1.0714355954574986
25579.0,44154.0,1.0724874408167206
25579.0,44365.0,1.0723749183331452
25579.0,44901.0,1.07196242365875
25579.0,45002.0,1.0708727143941046
25579.0,42997.0,1.0710957062842603
25579.0,43036.0,1.0707719808002458
25579.0,43274.0,1.0728973744275199
25579.0,45363.0,1.0709689083405525
25375.0,41968.0,1.0010737062832902
25394.0,26590.0,1.0019331065194685
25398.0,48525.0,1.0
25415.0,4956.0,1.0
25415.0,6923.0,1.0002332223569304
25415.0,36176.0,1.0003311441118845
25415.0,44255.0,1.0017492229537306
25415.0,44319.0,1.0004329116548862
25415.0,45694.0,1.0007807203046029
25415.0,45929.0,1.0017257339506402
25415.0,43496.0,1.0003021015603244
25415.0,37593.0,1.0014908721795481
25415.0,38250.0,1.0003278750397966
25415.0,39334.0,1.0010888305113483
25415.0,39437.0,1.0006091520521543
25415.0,41842.0,1.0
25120.0,27223.0,1.0040827759633484
25153.0,26486.0,1.0015707312644448
25206.0,40275.0,1.00144211133331
25220.0,32418.0,1.0034212587749405
25281.0,26918.0,1.0
25359.0,28279.0,1.0015510719375074
25425.0,16419.0,1.0
22400.0,23681.0,1.0031215159976152
22400.0,23449.0,1.0023169862480852
22504.0,18951.0,1.0014720644242452
22504.0,32951.0,1.0007628642497695
22504.0,32957.0,1.0020892832374124
22504.0,45589.0,1.0018802432798495
22385.0,43150.0,1.0022955661242738
22385.0,32719.0,1.0008895411827228
22367.0,16234.0,1.0
22367.0,14090.0,1.0
22367.0,50294.0,1.0001132222988793
22367.0,52191.0,1.0
22367.0,48395.0,1.0
22367.0,36029.0,1.0
22367.0,36594.0,1.0
22367.0,37266.0,1.0
22367.0,38290.0,1.0
22367.0,38491.0,1.0
22367.0,39802.0,1.001338453701846
22367.0,35783.0,1.0
22367.0,35608.0,1.000992641134811
22367.0,34236.0,1.00154366033876
22367.0,34262.0,1.002806496457267
22367.0,34825.0,1.0
22367.0,34846.0,1.0004273437874138
22367.0,35153.0,1.0001022621140419
22367.0,35431.0,1.0
22367.0,35739.0,1.0
22367.0,46029.0,1.000840660977773
22367.0,47186.0,1.0006397312382158
22367.0,47821.0,1.0004774059346304
22367.0,47966.0,1.0
22367.0,44662.0,1.0
22367.0,40494.0,1.0021555868606487
22367.0,40665.0,1.000782877602463
22367.0,40716.0,1.0
22367.0,41000.0,1.0
22367.0,41250.0,1.0
22367.0,32357.0,1.0013588885392373
22367.0,32298.0,1.0
22367.0,4923.0,1.0006810069229388
22367.0,27758.0,1.0003598304529762
22367.0,27918.0,1.0010637409847547
22367.0,31319.0,1.0
22367.0,31414.0,1.00333061906091
22367.0,31949.0,1.0004522787530068
22367.0,26535.0,1.0
22367.0,26366.0,1.0023039123441442
22367.0,7626.0,1.0018205353842264
22367.0,16122.0,1.0007368640331205
22367.0,20420.0,1.0012823455323254
22682.0,40820.0,1.0020803318325713
22682.0,44051.0,1.0010254597381345
22733.0,23743.0,1.002231588840462
22733.0,24099.0,1.0017592501461623
22784.0,12476.0,1.002727194668307
22806.0,26460.0,1.000921731999832
22522.0,36926.0,1.0
22522.0,40535.0,1.0012485188492826
22522.0,40900.0,1.0023763769018594
22545.0,26370.0,1.0
22624.0,23619.0,1.0
22879.0,44245.0,1.0007178214821675
23274.0,25262.0,1.002219383280047
23293.0,8520.0,1.0042567594525658
23481.0,47350.0,1.0022471878976436
23506.0,44100.0,1.002718066808014
23506.0,45993.0,1.0015759870620062
23506.0,51944.0,1.0017276756513505
23149.0,52155.0,1.0014539277643777
23149.0,45017.0,1.0
23149.0,32459.0,1.0004581993756652
23149.0,44175.0,1.0017891986195921
23188.0,1333.0,1.0
23188.0,44935.0,1.0
23188.0,47933.0,1.0025603476848648
23203.0,36204.0,1.0008857664361848
23254.0,20860.0,1.0018705154063783
24765.0,26416.0,1.0012230018872426
24937.0,25181.0,1.0009904407747454
24966.0,23943.0,1.0010959287908723
24987.0,26671.0,1.0022749806372429
24991.0,26664.0,1.0006277932817809
23523.0,2080.0,1.0028425772965226
23554.0,39276.0,1.0011270039037856
23580.0,9701.0,1.0
24599.0,35152.0,1.0030951577934377
24645.0,43371.0,1.0013731843579454
24698.0,3430.0,1.0015020456322263
23087.0,27572.0,1.0004361450141508
23087.0,28505.0,1.0011818804790569
23087.0,30234.0,1.0
23087.0,34481.0,1.0014958286738895
23087.0,14232.0,1.0
23087.0,15416.0,1.0005729007454742
23087.0,44318.0,1.0007045356573034
23087.0,35472.0,1.000735770563175
23087.0,40561.0,1.0014765474323544
23087.0,41804.0,1.0
23087.0,41989.0,1.0004293941129427
22916.0,7013.0,1.0025100331909573
22922.0,23849.0,1.0032206504948673
22976.0,26494.0,1.0022681821834747
22976.0,27158.0,1.0020294610128961
23035.0,31388.0,1.0026727415685368
23059.0,25167.0,1.0022482254602398
23067.0,23967.0,1.0024994305019321
26143.0,74.0,1.0010184847455301
26297.0,10490.0,1.0
26120.0,16763.0,1.0036225494459778
26088.0,31385.0,1.0014312062362933
26046.0,23175.0,1.001259364076394
25619.0,27726.0,1.0023497019270302
25659.0,29994.0,1.0025485952443014
25723.0,27861.0,1.0004944687514978
25847.0,20313.0,1.0055293263156686
25868.0,27392.0,1.0050460782259631
26476.0,27940.0,1.000600004511182
26648.0,30929.0,1.0
26648.0,31231.0,1.0
26648.0,25326.0,1.0000520894727265
26648.0,8376.0,1.0008875339102128
26648.0,8886.0,1.000650399570286
26648.0,9907.0,1.0003755468944622
26648.0,11220.0,1.0
26648.0,8048.0,1.002323418329457
26648.0,13945.0,1.0
26648.0,30972.0,1.0017928917046075
26648.0,31365.0,1.0006112896944572
26648.0,30361.0,1.0000385506147242
26648.0,30389.0,1.0
26648.0,30469.0,1.000491618749995
26648.0,30501.0,1.0
26648.0,30507.0,1.001242299033984
26648.0,30522.0,1.0007619037644284
26648.0,30796.0,1.0
26648.0,34463.0,1.0017810622870804
26648.0,34494.0,1.0021325435926642
26648.0,34513.0,1.0013131760932719
26648.0,35168.0,1.0
26648.0,35178.0,1.0
26648.0,35991.0,1.000201319590751
26648.0,36017.0,1.00006970392431
26648.0,32706.0,1.0002757344384696
26648.0,31896.0,1.0019314163695627
26648.0,32209.0,1.0
26648.0,32423.0,1.0
26648.0,32469.0,1.0011828925797106
26648.0,19495.0,1.0010526633221621
26648.0,19804.0,1.0009496163220177
26648.0,21937.0,1.0001313889616967
26648.0,23560.0,1.0
26648.0,23799.0,1.0013855241043186
26648.0,18586.0,1.0
26648.0,14178.0,1.0009298112568499
26648.0,14556.0,1.000911851407121
26648.0,18432.0,1.000391560309094
26648.0,28787.0,1.0005749443568182
26648.0,28865.0,1.0
26648.0,28909.0,1.0016396762749642
26648.0,29984.0,1.0004747430380652
26648.0,30093.0,1.00022799886063
26648.0,30133.0,1.0
26648.0,28749.0,1.0
26648.0,27202.0,1.0
26648.0,27814.0,1.0006199795300124
26648.0,28179.0,1.0006074429721332
26648.0,28415.0,1.001734444068965
26648.0,28601.0,1.0
26648.0,37265.0,1.0019327368671307
26648.0,42905.0,1.0025350107745379
26536.0,38416.0,1.003085745954976
26587.0,37284.0,1.0021411536130007
25597.0,35889.0,1.0002732107786951
25597.0,38760.0,1.0
25597.0,39009.0,1.0010711276724293
25597.0,39049.0,1.0003677673812903
25597.0,39456.0,1.0005804435492196
25597.0,39512.0,1.0
25597.0,37459.0,1.00179902500815
25597.0,37557.0,1.0000334556996706
25597.0,37651.0,1.0004399064751852
25597.0,37802.0,1.0005507133772344
25597.0,38015.0,1.0004536649868299
25597.0,46171.0,1.0021090277952096
25597.0,47722.0,1.0
25597.0,47752.0,1.0014250541157064
25597.0,47839.0,1.0012349020515383
25597.0,48450.0,1.0
25597.0,45576.0,1.00046564098493
25597.0,45462.0,1.000023322517963
25597.0,40312.0,1.0005570547405875
25597.0,41270.0,1.000423850053029
25597.0,41908.0,1.0004440316727277
25597.0,42946.0,1.0003464226126024
25597.0,37385.0,1.0
25597.0,37309.0,1.0
25597.0,36535.0,1.0
25597.0,14190.0,1.0
25597.0,31328.0,1.0
25597.0,31972.0,1.0019865603001772
25597.0,32149.0,1.0004396972960012
25597.0,34361.0,1.0004308748959585
25597.0,36288.0,1.0
25597.0,36330.0,1.0
25597.0,36746.0,1.002349074534559
25597.0,36797.0,1.0016458068814755
25597.0,37221.0,1.0010393491646092
25597.0,32805.0,1.0002454142339603
25597.0,34863.0,1.0
25597.0,35336.0,1.0
25597.0,35680.0,1.0002761590938978
25597.0,37329.0,1.0
16777.0,47243.0,1.0018948809437458
16778.0,1367.0,1.0014567156273262
16852.0,22456.0,1.0022595947180652
16878.0,13910.0,1.0014874734102708
16889.0,7119.0,1.001508196987336
16894.0,28897.0,1.0038965268686537
16952.0,18943.0,1.0004008402156204
16959.0,47449.0,1.0
16965.0,6788.0,1.0017006753097992
16965.0,18950.0,1.002736900452913
16419.0,20473.0,1.0013528997899137
16577.0,10461.0,1.000554291274217
16672.0,14886.0,1.0009445964840613
16700.0,19915.0,1.0008887681649694
16700.0,22489.0,1.0004130225117038
16711.0,18628.0,1.0039363682809201
17218.0,19223.0,1.0021797412865963
17355.0,22068.0,1.0026131989351428
17358.0,7087.0,1.002615587811921
17358.0,19477.0,1.0
16968.0,13554.0,1.000632387786197
16968.0,17608.0,1.0018363113720095
17044.0,18635.0,1.002350426291363
17062.0,19042.0,1.003360306833486
17062.0,19044.0,1.0028618643919323
17070.0,9089.0,1.002332821181769
15636.0,15538.0,1.00181401546829
15649.0,8739.0,1.00237956654328
15936.0,16920.0,1.0008144852053749
15949.0,18173.0,1.0021161408810342
15288.0,45893.0,1.0022834141596075
15288.0,44879.0,1.0002054257019792
15288.0,34888.0,1.0006164930351285
15288.0,41755.0,1.0
15288.0,42400.0,1.0
15288.0,4762.0,1.0
15288.0,17530.0,1.0
15288.0,18573.0,1.0
15288.0,19625.0,1.0015415268338053
15288.0,19784.0,1.0
15288.0,23504.0,1.0019195271228305
15288.0,44876.0,1.0004832738708977
15483.0,8420.0,1.0043464917690634
15574.0,17695.0,1.001525782562224
15961.0,35213.0,1.003590250806684
15977.0,28672.0,1.0
15977.0,52027.0,1.0
16282.0,20006.0,1.0031080930156242
16201.0,38383.0,1.0015212281387027
16194.0,14683.0,1.002821134398591
16003.0,5268.0,1.0007339598224536
16003.0,19813.0,1.001969720746647
17394.0,19298.0,1.0004842317636256
17494.0,19362.0,1.0002597150492443
18322.0,5986.0,1.0058720893355637
18331.0,9663.0,1.0012018930754931
18335.0,18420.0,1.0
18335.0,22170.0,1.002037913497125
18335.0,34272.0,1.000690718608287
18008.0,25280.0,1.0
18008.0,46071.0,1.0
18008.0,19943.0,1.0
18012.0,26947.0,1.0025459020615815
18381.0,45514.0,1.0012970542568211
18404.0,15282.0,1.0015459407547473
18414.0,20001.0,1.0016702539892783
18450.0,20092.0,1.0
18519.0,6114.0,1.0002019411240755
17572.0,28230.0,1.0
17572.0,415.0,1.0000688382655125
17572.0,16490.0,1.0
17575.0,40278.0,1.0029792586871105
17590.0,19353.0,1.0031695231585995
17748.0,19974.0,1.002848971649281
17811.0,44214.0,1.002230723453234
17526.0,39327.0,1.0032469680503906
17546.0,20003.0,1.0024658498482408
17834.0,40207.0,1.0001267117341535
17834.0,43009.0,1.0008099665949945
17948.0,20835.0,1.0030948038250367
17960.0,19776.0,1.0
17986.0,47525.0,1.0030948468208691
17914.0,41380.0,1.0014382787905138
13949.0,16313.0,1.0
13967.0,16864.0,1.0
13967.0,27390.0,1.0009759845207429
13521.0,16198.0,1.001414580634229
13630.0,4972.0,1.002260124536663
13995.0,34205.0,1.0003085976423007
14160.0,16313.0,1.0003968272240924
14205.0,15004.0,1.003094890611742
14436.0,16825.0,1.0019534051510286
14071.0,1959.0,1.0020812330135982
14002.0,8095.0,1.0006137964159556
14002.0,22241.0,1.000592538220501
14002.0,22770.0,1.0011449648347606
14008.0,16277.0,1.001764934255082
14018.0,16479.0,1.0007882887719668
14064.0,10864.0,1.0
14114.0,6798.0,1.0026534622313243
11957.0,25249.0,1.0025307427308434
11957.0,15238.0,1.0024737631357448
11993.0,8080.0,1.0000247063258496
12033.0,15460.0,1.001841232622722
12034.0,16096.0,1.0001683878169094
13133.0,1990.0,1.003170115111056
11905.0,13652.0,1.0019149212018623
11777.0,1770.0,1.0023686376760708
11795.0,14707.0,1.0035151501814055
11798.0,1367.0,1.0009571869775604
11849.0,13798.0,1.0020223334953084
11870.0,15445.0,1.0
13187.0,23513.0,1.0015834873631462
13418.0,18168.0,1.0001522202458095
13464.0,23964.0,1.0012120232310304
13464.0,26764.0,1.0017670790653703
13190.0,4409.0,1.0
13333.0,15278.0,1.0029568450475923
13388.0,10674.0,1.0002169818353397
15099.0,17422.0,1.0030594476816368
15118.0,8531.0,1.0037048121125798
15184.0,7477.0,1.0001871822738841
15184.0,50080.0,1.0000892502060348
15249.0,14745.0,1.0022225179612172
15272.0,17584.0,1.0027206716106896
15040.0,16414.0,1.0031021464747876
14819.0,23757.0,1.0025550795777043
14911.0,2839.0,1.002078524306472
14912.0,8263.0,1.0011098013046287
14912.0,6180.0,1.0015419667035763
14765.0,18001.0,1.0027153763389758
14582.0,28446.0,1.0001113701830635
14582.0,7209.0,1.001895045000357
14582.0,23964.0,1.0004556084314744
14582.0,28907.0,1.0020530699383445
14582.0,31055.0,1.0006843806604606
14582.0,32720.0,1.0
14582.0,34598.0,1.0010012865382754
14582.0,27965.0,1.00089228585819
14582.0,27801.0,1.0014196458987508
14582.0,25123.0,1.000509655541385
14467.0,7287.0,1.0028600021383969
14508.0,13720.0,1.0004600088394584
14740.0,17921.0,1.0020837073189366
14740.0,19845.0,1.002107812365241
14749.0,17156.0,1.0028575110472575
14736.0,13976.0,1.0016593355493184
14622.0,36099.0,1.0037392812667454
14651.0,19679.0,1.0010836870684579
14696.0,42318.0,1.0029121786820794
18544.0,21969.0,1.0
18604.0,22073.0,1.0000645517149302
18604.0,39193.0,1.001737454906005
18604.0,26964.0,1.0
18604.0,3435.0,1.0011104449106727
18604.0,22452.0,1.0
18604.0,22258.0,1.0008702264599132
18604.0,9193.0,1.0005609962509159
18604.0,21905.0,1.0
18604.0,22086.0,1.000399789208088
18604.0,22224.0,1.0
21289.0,40697.0,1.0004422640325519
21289.0,47977.0,1.0008154260158715
21289.0,50302.0,1.000122361555461
21289.0,50324.0,1.0
21289.0,50460.0,1.000361149687582
21289.0,50724.0,1.0005043272759824
21289.0,49877.0,1.0
21289.0,24055.0,1.000095457843801
21289.0,49805.0,1.001685928071081
21224.0,19668.0,1.0018564115821609
21262.0,22463.0,1.0013740681103376
21297.0,48450.0,1.0002727729758987
21297.0,3348.0,1.0
21297.0,19771.0,1.00132435827898
21297.0,28424.0,1.00062425093963
21297.0,48333.0,1.0011009732961644
21433.0,30753.0,1.000167521903153
21433.0,30264.0,1.0005526944820244
21433.0,30231.0,1.0
21433.0,26913.0,1.0
21441.0,22412.0,1.0014905424689722
21463.0,22632.0,1.0035974038487487
21494.0,22684.0,1.0032727719720784
21533.0,30983.0,1.004165570989141
21331.0,22663.0,1.0022976297546644
20749.0,26782.0,1.0
20749.0,28314.0,1.0
20749.0,30659.0,1.0006651126209734
20749.0,31041.0,1.0
20749.0,31156.0,1.0006013163158416
20749.0,27612.0,1.0008427093823775
20749.0,27822.0,1.0005575871383707
20749.0,27882.0,1.0006686163741636
20749.0,27934.0,1.0021098956201813
20749.0,28135.0,1.0012341340406452
20749.0,29951.0,1.0
20749.0,27536.0,1.0
20749.0,6738.0,1.0
20749.0,8135.0,1.0010106399739895
20749.0,27040.0,1.0
20749.0,27123.0,1.0
20749.0,27291.0,1.001079891887793
20749.0,27033.0,1.0013357725116454
20749.0,22345.0,1.0000757320811
20749.0,27019.0,1.0
20749.0,22525.0,1.001069796697424
20749.0,22555.0,1.0
20749.0,22630.0,1.0
20749.0,22735.0,1.0
20749.0,22958.0,1.0
20776.0,20389.0,1.0013132679055279
20816.0,5057.0,1.0026227945239794
20874.0,22489.0,1.0005085094856925
21537.0,22732.0,1.0004695010062086
21074.0,22020.0,1.002299027197163
21118.0,22606.0,1.0015054677613207
21135.0,22347.0,1.0007260709527115
21196.0,2153.0,1.0
21196.0,26450.0,1.0011634563532419
21208.0,17409.0,1.0001431505263845
21027.0,22607.0,1.0036091122352826
20901.0,22091.0,1.0
20991.0,22890.0,1.0026079122470504
20991.0,23072.0,1.0020256646644228
21016.0,22411.0,1.0
21016.0,22464.0,1.0019777590894696
21542.0,26918.0,1.0008844319972192
21543.0,25222.0,1.0009016827882264
22247.0,8367.0,1.0
22247.0,49811.0,1.0013054307283207
22247.0,44313.0,1.0
22247.0,44354.0,1.0009802679918045
22288.0,5480.0,1.0025586550239292
22324.0,50544.0,1.00041005627015
22324.0,52234.0,1.001759775139877
22364.0,22476.0,1.0021953457544177
22224.0,15573.0,1.0010533052607509
21826.0,37520.0,1.0008153947885725
21862.0,22785.0,1.0037507264974472
21903.0,28667.0,1.0
21907.0,38434.0,1.0023476096593706
21916.0,23004.0,1.0024329296046632
21930.0,47251.0,1.0028460240024244
21768.0,23078.0,1.0038786428092725
21570.0,22730.0,1.0034515827184212
21614.0,40098.0,1.0011444307440203
21714.0,26372.0,1.0015191066530111
21963.0,36950.0,1.0
21963.0,49844.0,1.0013478012133694
21963.0,32555.0,1.0001936724926033
21963.0,39300.0,1.0
21963.0,35729.0,1.0010846300088898
21963.0,36456.0,1.0013476056576713
21963.0,36883.0,1.0004120188319425
21963.0,38107.0,1.0009526848183223
21976.0,31481.0,1.0007271703498402
22010.0,23095.0,1.001581871975714
22031.0,23111.0,1.0024884538887693
22157.0,3257.0,1.001437001505721
22157.0,4217.0,1.0
22188.0,32474.0,1.0
19250.0,1304.0,1.0
19250.0,16765.0,1.0
19250.0,7942.0,1.0002676330231124
19250.0,8742.0,1.0007137115194402
19250.0,13535.0,1.0
19250.0,14654.0,1.0
19250.0,16743.0,1.0
19250.0,17400.0,1.000799340528438
19250.0,2970.0,1.0000539546329745
19250.0,22384.0,1.0008405201438162
19250.0,20523.0,1.0002059270625365
19250.0,20767.0,1.0
19250.0,22017.0,1.001089480706655
19250.0,22029.0,1.0
19114.0,23408.0,1.000885617053681
19169.0,20459.0,1.002180566605714
19183.0,31989.0,1.0004357721588535
19183.0,23354.0,1.0020527531326038
19338.0,20649.0,1.000652703015108
19346.0,33135.0,1.0
19346.0,5109.0,1.0006459536507966
19346.0,20831.0,1.0015195989618497
19346.0,27769.0,1.0017471348687146
19346.0,32174.0,1.0
19346.0,52063.0,1.0021531488654833
19085.0,20459.0,1.0009266418965042
19086.0,36704.0,1.0039772653643724
18646.0,52023.0,1.000927955422314
18646.0,44652.0,1.0027171328888453
18880.0,20304.0,1.0001084021591917
18882.0,1319.0,1.0034463052927245
19054.0,20645.0,1.0
18784.0,20276.0,1.0032261518594423
18755.0,22395.0,1.0014669181329423
18704.0,20124.0,1.001943746656802
18704.0,14028.0,1.0015524627249761
18708.0,20216.0,1.0022921941959122
20701.0,37557.0,1.0005301739653045
20701.0,35451.0,1.0
20701.0,37381.0,1.0003088337595316
20701.0,40117.0,1.001606004847236
20701.0,43736.0,1.0001784029921588
20701.0,14147.0,1.000093702072775
19631.0,45130.0,1.0
20688.0,39998.0,1.002380170530699
20688.0,40585.0,1.0033071442004735
20695.0,27723.0,1.0019309830786958
20695.0,35028.0,1.0015312140258419
20695.0,38031.0,1.0002669050595823
19407.0,20767.0,1.0002962006934486
19407.0,22394.0,1.0
19407.0,26656.0,1.0028768806140198
19441.0,19762.0,1.0015417863944924
19393.0,14556.0,1.0037450784898538
19504.0,20716.0,1.001349666751788
19552.0,19744.0,1.0018861373817216
19552.0,9268.0,1.0
19552.0,22145.0,1.000260076450002
19552.0,20885.0,1.0
19552.0,22034.0,1.0
19552.0,22303.0,1.001384427989098
19552.0,22557.0,1.0
19552.0,20588.0,1.0001351969807868
19552.0,19169.0,1.0
19552.0,20632.0,1.0
19548.0,16784.0,1.0022159305209604
11771.0,16022.0,1.0030474899467172
41728.0,47917.0,1.0007034850820629
41728.0,41773.0,1.0010008185910417
41728.0,19044.0,1.0
41728.0,45380.0,1.0
41728.0,51916.0,1.0
41728.0,40677.0,1.0003129919093576
41728.0,45463.0,1.0
41728.0,45808.0,1.0001626921221785
41728.0,46097.0,1.0
41728.0,46098.0,1.0001753276011187
41728.0,47184.0,1.0
41728.0,47282.0,1.0
41728.0,47453.0,1.0
41728.0,44039.0,1.0
41728.0,44267.0,1.0
41728.0,47716.0,1.0
41728.0,48530.0,1.0010738552080856
41728.0,48586.0,1.0014743643783337
41728.0,50025.0,1.0009753508837187
41728.0,50044.0,1.0
41728.0,50047.0,1.00016785136581
41728.0,35082.0,1.0
41728.0,35132.0,1.0
41728.0,40346.0,1.0009977829099244
41728.0,13551.0,1.0
41728.0,17718.0,1.0
41728.0,40444.0,1.0
41728.0,42255.0,1.0
41728.0,42705.0,1.0
41728.0,43018.0,1.0
41728.0,40629.0,1.0
41728.0,41372.0,1.0007113054167311
41728.0,45479.0,1.0
41812.0,39398.0,1.0040010799185213
41815.0,5611.0,1.0
41815.0,14581.0,1.0
41815.0,47505.0,1.0002183380533214
41455.0,45298.0,1.002319889193823
41486.0,19836.0,1.0005910519557153
41577.0,47854.0,1.0006820220949286
41577.0,44230.0,1.0028548595628215
41587.0,39235.0,1.0022978856167246
43527.0,45264.0,1.0964558206202104
43563.0,41562.0,1.0021087150813972
43563.0,47560.0,1.0025783284979823
43603.0,47305.0,1.0
43603.0,42268.0,1.0
43603.0,40881.0,1.0
43603.0,43779.0,1.0
43603.0,40898.0,1.000770637071144
43603.0,40983.0,1.0002135805041883
43603.0,41066.0,1.0006040493959423
43603.0,41214.0,1.0
43603.0,41401.0,1.0
43603.0,41422.0,1.0014516966580187
43603.0,44977.0,1.0
43512.0,40431.0,1.0010721411748176
43509.0,3486.0,1.0053355076658372
43242.0,35190.0,1.0014110226071598
43242.0,38629.0,1.002429346942501
43268.0,42600.0,1.0021832508299813
43293.0,40270.0,1.0064120015559408
43852.0,42132.0,1.0028748801455432
43898.0,20347.0,1.0033194079829075
41916.0,49969.0,1.0
41916.0,50591.0,1.0
41916.0,15609.0,1.0
41916.0,40107.0,1.0
41965.0,39437.0,1.0016218185742014
41985.0,39495.0,1.0000236004077245
42326.0,39630.0,1.0004766466501076
42348.0,765.0,1.0026932291862285
42448.0,39752.0,1.0020152462986218
41882.0,52234.0,1.003895613530228
43058.0,40096.0,1.0017520566368563
43133.0,38529.0,1.0007890125637926
43182.0,35883.0,1.0020856047182531
42661.0,27662.0,1.002097972656037
42706.0,42515.0,1.0039664831810198
42780.0,39016.0,1.0002577924122715
39204.0,37566.0,1.0018477107681016
39225.0,37613.0,1.0022013596847756
39309.0,40397.0,1.0012474772516886
39185.0,30147.0,1.003297662329045
39375.0,39138.0,1.0008195346110667
39402.0,36038.0,1.0020928406605036
39100.0,43057.0,1.0018426701475607
38979.0,41870.0,1.0021034258691388
38979.0,26988.0,1.0022476698553737
39009.0,46016.0,1.0018194390511785
39408.0,38088.0,1.0034731920559388
39592.0,52229.0,1.0
39663.0,39149.0,1.0
38970.0,37388.0,1.0034021387544079
39459.0,42515.0,1.0014366007478994
39459.0,42169.0,1.0005158250683401
39479.0,37796.0,1.0008681275809463
38429.0,34370.0,1.0
38429.0,40672.0,1.0
38429.0,39288.0,1.0
38429.0,39822.0,1.0
38429.0,40947.0,1.0
38429.0,38871.0,1.0
38429.0,40970.0,1.0001969813842115
38429.0,25207.0,1.0010674763926946
38429.0,38008.0,1.002196181982164
38429.0,38196.0,1.0
38429.0,38425.0,1.000865679654412
38429.0,38501.0,1.0
38429.0,38670.0,1.000833111009366
38429.0,41512.0,1.0
38429.0,42354.0,1.0013074779832214
38429.0,43587.0,1.0
38429.0,43688.0,1.0003188471047344
38403.0,50364.0,1.0019362224458288
39683.0,43198.0,1.0020234599359754
38771.0,35977.0,1.0025358309517174
38786.0,37269.0,1.0025712900165729
38511.0,19022.0,1.002638330174579
40542.0,38520.0,1.004231730310439
40775.0,38645.0,1.0068643319861337
40806.0,38951.0,1.0025648941226897
40287.0,3246.0,1.0003335406232194
40121.0,38191.0,1.0005789789480481
40122.0,47821.0,1.0020404947613524
40122.0,47176.0,1.0028009779761786
40122.0,45631.0,1.0021240415195294
40235.0,32926.0,1.0
40846.0,39053.0,1.0002129095665213
40846.0,4146.0,1.0018282077748297
40846.0,41524.0,1.001231813736038
41053.0,41434.0,1.0015661065707806
41194.0,14255.0,1.0014193612778586
40963.0,38423.0,1.0016606365956982
40963.0,13896.0,1.0015254870137604
40916.0,42653.0,1.0
40916.0,48031.0,1.0
40916.0,44941.0,1.0
39975.0,38088.0,1.003963312163914
39774.0,42495.0,1.0012307853091809
39774.0,47395.0,1.0003967880857914
39774.0,47405.0,1.0
39774.0,37989.0,1.0008360654899386
39774.0,38080.0,1.001922044800413
39774.0,41285.0,1.0
39774.0,48399.0,1.0004849639772782
39774.0,47487.0,1.0024408920835208
39774.0,47640.0,1.0000366525421196
39774.0,48245.0,1.0006199252541128
39844.0,39028.0,1.0014857160498922
39853.0,38716.0,1.0031174952671629
39853.0,47605.0,1.0009901459701571
52399.0,48378.0,1.0002028542932107
52399.0,45838.0,1.001175498553688
52410.0,45249.0,1.0022758113392847
52413.0,50364.0,1.0020093424314043
52482.0,45329.0,1.0027960853600124
52503.0,45353.0,1.000463471688257
52183.0,47927.0,1.0668654189499542
52183.0,45603.0,1.0658411563013115
53272.0,52134.0,1.0
53415.0,28010.0,1.0018754540236314
52703.0,45668.0,1.0029687631261033
53054.0,50728.0,1.0027453857839508
53054.0,51852.0,1.0015126372991678
53054.0,51864.0,1.001949546489133
52086.0,47505.0,1.0008669386501372
50189.0,1851.0,1.0014648505914683
50277.0,44684.0,1.0010298256179695
50315.0,44245.0,1.0029274039620775
50315.0,44551.0,1.0019358040745117
50566.0,39189.0,1.0037110991585028
48453.0,40084.0,1.0014973790801776
48566.0,43742.0,1.0025668011323612
48703.0,43805.0,1.0018701697068098
48813.0,22970.0,1.0034386816538836
49874.0,45993.0,1.0029653742540796
50602.0,45426.0,1.0020436764067355
50794.0,43910.0,1.001926593802485
50830.0,231.0,1.0028631759244198
50875.0,9144.0,1.0011337349281322
50615.0,44525.0,1.001821271347296
50680.0,14134.0,1.0014159871180066
50765.0,44687.0,1.0029330833271115
58219.0,45878.0,1.0032457780400479
58664.0,51998.0,1.002426368867344
58675.0,15253.0,1.0
58675.0,50551.0,1.0022334492861509
58675.0,35185.0,1.0002726671964624
58675.0,50500.0,1.0025484931624296
57213.0,48517.0,1.0017030847624278
57213.0,28770.0,1.0016862571596086
57250.0,48530.0,1.0040770054510906
57538.0,50385.0,1.0045360328632797
57647.0,49782.0,1.002066532199341
59737.0,52232.0,1.002778863155975
59921.0,51973.0,1.001989515114886
60062.0,4996.0,1.0017249281394969
60082.0,35204.0,1.0019001654462725
60322.0,52177.0,1.0028691410487804
59625.0,3571.0,1.0017083652167398
59559.0,45808.0,1.0042426391800756
58856.0,12494.0,1.0042313264910185
59026.0,42638.0,1.0024636414213786
59131.0,42641.0,1.0023343332007444
59550.0,52058.0,1.0041624579962654
57202.0,51934.0,1.0
57202.0,52036.0,1.0011195148653993
57202.0,51910.0,1.0038343949838222
57202.0,49823.0,1.000938641049591
57202.0,50070.0,1.0015786064894405
55457.0,48409.0,1.0016690983249323
55495.0,47475.0,1.0014552109225248
55499.0,46056.0,1.0030056780614736
55499.0,46129.0,1.0021843241636534
55598.0,48409.0,1.0015559930134665
55806.0,47453.0,1.002501394166674
55839.0,47627.0,1.0050903470645631
55215.0,47294.0,1.0029487038968694
53506.0,38915.0,1.0025266878779275
53771.0,10625.0,1.0033863905441085
53859.0,46083.0,1.0004956610665101
56765.0,48204.0,1.003377137263429
56809.0,44719.0,1.000688830153187
56885.0,10875.0,1.002941912763768
56936.0,40347.0,1.0016513463738663
57017.0,48397.0,1.0021575199501787
57055.0,50445.0,1.004331120942807
56104.0,47809.0,1.0018295294280541
56156.0,50713.0,1.0038255636049647
56297.0,47933.0,1.003112788820843
45957.0,41945.0,1.0
46077.0,15951.0,1.0000242769133891
46077.0,7334.0,1.0002327036482448
46077.0,42414.0,1.0007928203769691
46077.0,43399.0,1.0006583579563393
45501.0,47873.0,1.0001946630338334
45661.0,43482.0,1.0010158979334194
45719.0,44142.0,1.0046747563927703
46142.0,42050.0,1.001769480110453
46152.0,42063.0,1.0008471273006518
46182.0,42268.0,1.00009830576768
46182.0,45833.0,1.0010379751825724
46223.0,43917.0,1.0029696469382643
46288.0,50373.0,1.0054769391557978
46124.0,43878.0,1.0018953935002057
46093.0,45717.0,1.0026386507347078
46093.0,48509.0,1.0025075556408514
44268.0,40950.0,1.0010491097941672
44268.0,42733.0,1.0013741203160742
44268.0,36901.0,1.0029377028127897
44274.0,40943.0,1.0004208639822565
44609.0,41040.0,1.001073234084831
44705.0,41093.0,1.0023071802727852
44206.0,42627.0,1.0014100103932864
43981.0,40716.0,1.0007619661277354
43981.0,41833.0,1.0037723432602486
44152.0,51852.0,1.0005734468888692
44152.0,42077.0,1.0003278962935913
44152.0,48348.0,1.0001714366639842
44155.0,40790.0,1.0025168852873174
45112.0,41361.0,1.0
45121.0,46023.0,1.002640689234975
45173.0,41361.0,1.0033762204148748
45178.0,41245.0,1.000165191662566
45281.0,44376.0,1.0022908575242873
45049.0,7494.0,1.0018192143448243
44762.0,41824.0,1.0007077942121088
44787.0,18080.0,1.0026509045799574
44999.0,41271.0,1.002473290028079
45037.0,41292.0,1.0015300172245087
46320.0,40681.0,1.0026791849966665
48036.0,50732.0,1.0033297497950389
48234.0,43482.0,1.000748698987803
48266.0,43993.0,1.0238998403680706
48266.0,52003.0,1.0235418527826412
48266.0,8407.0,1.0227379908172924
48266.0,28210.0,1.022339726183576
48266.0,34773.0,1.0230820458437664
48266.0,41559.0,1.0220006116390683
48266.0,44071.0,1.0223244987509421
47435.0,51876.0,1.0
47445.0,50629.0,1.004716356034637
47189.0,6010.0,1.0006141713925472
46498.0,42436.0,1.0009617628041354
46498.0,42588.0,1.002060338200992
46756.0,38290.0,1.0025980312559708
46385.0,41234.0,1.0001499543503365
46389.0,28696.0,1.0047367629897868
46433.0,9081.0,1.0037029085254232
46433.0,48559.0,1.0045699857004224
46435.0,19914.0,1.0006892740688784
47045.0,42749.0,1.0015896129463133
47069.0,45738.0,1.0009149756881928
47018.0,37352.0,1.001360703422148
46917.0,50364.0,1.0032523814302228
46796.0,44903.0,1.0
46796.0,42630.0,1.0003618313854041
46796.0,43955.0,1.0005342806561386
46856.0,5537.0,1.0040644927468443
46867.0,10707.0,1.0029696989773846
46916.0,42660.0,1.0021474205255065
30536.0,31333.0,1.0018366339373912
30596.0,43914.0,1.0
30596.0,39276.0,1.0
30596.0,36710.0,1.0
30596.0,40687.0,1.0
30596.0,44499.0,1.0
30596.0,38696.0,1.0
30596.0,15344.0,1.0
30596.0,34403.0,1.0
30596.0,34516.0,1.0
30596.0,35234.0,1.0
30596.0,43550.0,1.0
30596.0,40936.0,1.0
30596.0,40481.0,1.0
30596.0,36658.0,1.0
30596.0,37428.0,1.0
30307.0,23395.0,1.0035923750167461
30307.0,42662.0,1.0046012547751535
30307.0,40438.0,1.001624175769198
30350.0,50105.0,1.0
29579.0,48557.0,1.0
29579.0,7340.0,1.0
29579.0,45770.0,1.0005664701164307
29579.0,41065.0,1.0008024452328839
29579.0,47227.0,1.0
29579.0,41089.0,1.0022613264675602
29579.0,40156.0,1.0
29579.0,45715.0,1.0
29579.0,46056.0,1.0
29579.0,43592.0,1.0001855415145673
29579.0,50023.0,1.0
29579.0,27590.0,1.0
29579.0,43736.0,1.0
29579.0,14181.0,1.000379788338406
29579.0,47238.0,1.0
29579.0,39752.0,1.0005966819384418
29579.0,31822.0,1.0
29579.0,47220.0,1.0002560469533406
29579.0,50092.0,1.0007877740387892
29579.0,40079.0,1.0
29579.0,40113.0,1.0
29579.0,47758.0,1.0008988071325473
29579.0,51973.0,1.000970038795631
29579.0,43910.0,1.001479584354011
29579.0,46023.0,1.001121533732478
29579.0,45759.0,1.0
29579.0,47355.0,1.0
29579.0,43973.0,1.0
29579.0,52168.0,1.0
29579.0,50231.0,1.0
29579.0,50326.0,1.0007750214534645
29579.0,50380.0,1.0
29579.0,51830.0,1.0016817128645361
29579.0,41595.0,1.0005524752411348
29579.0,41959.0,1.0
29579.0,8790.0,1.0
29579.0,39711.0,1.0
29579.0,46112.0,1.0
29579.0,47201.0,1.0004544782703115
29579.0,45343.0,1.0007769794527712
29579.0,48611.0,1.0
29579.0,49655.0,1.001958697165078
29579.0,47632.0,1.0
29579.0,47681.0,1.0003140679980418
29579.0,50112.0,1.0002169876743647
29579.0,41080.0,1.0
29579.0,40460.0,1.0
29579.0,39922.0,1.0
29579.0,40146.0,1.0
29579.0,40152.0,1.0000402397065988
29579.0,40168.0,1.0000391553594332
29579.0,40367.0,1.0
29579.0,40443.0,1.0
29579.0,43747.0,1.0
29579.0,44681.0,1.0002987210354797
29579.0,41659.0,1.0
29579.0,41741.0,1.0
29579.0,41860.0,1.0
29921.0,16568.0,1.00336542794771
30066.0,32092.0,1.0014944389003742
30092.0,30953.0,1.0002266739670018
30705.0,31349.0,1.0061788548616648
31941.0,32283.0,1.0049759635353512
31982.0,26907.0,1.0015503888486768
31988.0,38533.0,1.0
31988.0,48521.0,1.0
31988.0,37230.0,1.000034834912913
31988.0,43525.0,1.0000969115036877
31721.0,35390.0,1.0026584162804362
31316.0,32250.0,1.0010961857948817
31416.0,31831.0,1.0049456794359455
31570.0,19373.0,1.0008042681110267
32040.0,32358.0,1.0030170475211742
32064.0,39600.0,1.0093938306657804
32064.0,38126.0,1.0114672197842698
32064.0,38386.0,1.0107655053912978
32064.0,44703.0,1.0125707246437023
32064.0,45162.0,1.0107578043923804
32064.0,47815.0,1.0111646823866476
32064.0,47951.0,1.0103568711986384
32064.0,51866.0,1.013706421569415
32064.0,45321.0,1.012166653877813
32007.0,28422.0,1.0000019962515785
31229.0,51936.0,1.0906195126257363
30819.0,42662.0,1.0006500667311427
30819.0,32326.0,1.0
30819.0,35764.0,1.000740000816273
30819.0,42192.0,1.0000114425032527
30819.0,20003.0,1.0011455397332416
30819.0,31534.0,1.000465002118745
30819.0,41640.0,1.000281149614704
30819.0,10707.0,1.0001590238020974
30819.0,32247.0,1.000193966718006
30819.0,34714.0,1.0
30819.0,39397.0,1.0002408922995767
30819.0,2330.0,1.0006563687117538
30819.0,49752.0,1.0
30819.0,44933.0,1.0
30819.0,45290.0,1.0005858522716418
30819.0,48219.0,1.0000958476579698
30736.0,4309.0,1.0033057438144746
30759.0,36837.0,1.0005342202366836
30759.0,35955.0,1.0032451823257265
31004.0,33110.0,1.0026933464072236
31004.0,34982.0,1.002590137655138
31029.0,39258.0,1.0041179587238347
31124.0,31602.0,1.0021579008800328
31155.0,31665.0,1.0
31186.0,27536.0,1.0029941420282744
30909.0,31521.0,1.0040751628589601
29059.0,35576.0,1.0
28929.0,44609.0,1.001546065061475
28929.0,26784.0,1.0008032133939937
28929.0,30013.0,1.0
29073.0,50518.0,1.0000140396622204
28618.0,18161.0,1.0003531676524695
28658.0,28850.0,1.0001622681805333
28658.0,40844.0,1.0019152265644558
28602.0,30400.0,1.0009417137040764
29536.0,30788.0,1.001588474898545
29536.0,30925.0,1.0026125601933353
29536.0,30759.0,1.0002521590727966
29276.0,30339.0,1.001729803622685
29398.0,37132.0,1.001776863983314
26721.0,3093.0,1.0016645594674987
26789.0,38421.0,1.0021426055776756
26875.0,36557.0,1.0011076031592197
26662.0,28153.0,1.0017078825972985
27284.0,40900.0,1.0038465488917128
27366.0,28596.0,1.0008050820231664
28495.0,39800.0,1.0007693724923696
28497.0,37198.0,1.000766956637053
28555.0,33127.0,1.0009150548584584
26931.0,24044.0,1.003091016875049
26944.0,42268.0,1.0010769671992246
27004.0,28406.0,1.0024788460107767
36893.0,35977.0,1.0037089699916275
37186.0,36196.0,1.0018996092032901
37236.0,50772.0,1.0
37236.0,39295.0,1.0000015222922922
37236.0,44039.0,1.0
37236.0,44117.0,1.0
37236.0,43588.0,1.0001462422108927
37236.0,42248.0,1.0
37236.0,42053.0,1.000058402491912
37236.0,42343.0,1.0
37236.0,40837.0,1.0002189100497179
37236.0,35054.0,1.0008064419031089
37236.0,36683.0,1.0
37236.0,42640.0,1.0
37236.0,42783.0,1.0013893469264077
37236.0,50201.0,1.0
37236.0,51821.0,1.0001905270259148
37236.0,43171.0,1.0017209216431378
37236.0,47867.0,1.0003864364320874
36637.0,37632.0,1.0010646523798035
36637.0,40808.0,1.00016201266693
36637.0,45448.0,1.0001005933695806
36637.0,51980.0,1.0010936715108905
36637.0,42940.0,1.0018231313809598
36637.0,9418.0,1.0005422648026807
36637.0,10092.0,1.0
36823.0,38227.0,1.0024126682205956
36840.0,35912.0,1.0031586738240967
36211.0,35466.0,1.0
36257.0,40712.0,1.0028269171742326
36308.0,37503.0,1.0
36308.0,39429.0,1.000669092736556
36308.0,40098.0,1.0
36308.0,40256.0,1.0
36308.0,40383.0,1.0000316913724614
36308.0,36907.0,1.0000510100782947
36308.0,37069.0,1.0005998230160462
36308.0,38818.0,1.0
36308.0,39459.0,1.0
36308.0,39967.0,1.0
36129.0,22722.0,1.0019377513240155
36129.0,35482.0,1.0019468830095133
35925.0,36178.0,1.0
35987.0,35288.0,1.0016996952772135
36411.0,38346.0,1.0037342637349793
36415.0,40567.0,1.0026352234730407
36485.0,35464.0,1.0019764514043572
37937.0,38024.0,1.003673951980186
37939.0,43742.0,1.0
37939.0,47272.0,1.0001033618775104
37939.0,40168.0,1.000107055823435
37939.0,8761.0,1.0004491469857753
37939.0,20180.0,1.0008415446540946
37939.0,38300.0,1.0009456404830395
37939.0,39039.0,1.0
37766.0,38921.0,1.0
37766.0,39216.0,1.0
37766.0,47347.0,1.0001773360365058
38256.0,10022.0,1.0040962553684445
38335.0,36965.0,1.0039772855484017
38337.0,48409.0,1.0017576572996307
38338.0,23618.0,1.0006617566323337
38251.0,40624.0,1.0026432247780146
38044.0,37198.0,1.0013972929205484
38044.0,38750.0,1.001491144549701
38063.0,36812.0,1.0025569962629193
38150.0,36836.0,1.0
37591.0,37780.0,1.0000163655625376
37277.0,35096.0,1.0012429021101785
37295.0,50518.0,1.0014347159834487
37325.0,40191.0,1.0001267590903808
37325.0,45000.0,1.002233213988437
37325.0,44056.0,1.000494425582673
37325.0,42389.0,1.0034104407198627
37325.0,39707.0,1.0008700307730856
37325.0,40737.0,1.0008953041666546
37405.0,141.0,1.0004287323942547
37447.0,2094.0,1.0
37541.0,36461.0,1.0022998828183443
37582.0,46145.0,1.0005198148950676
37582.0,49772.0,1.002099033897793
35826.0,35171.0,1.0043248889809442
32459.0,39042.0,1.0
32459.0,30860.0,1.0
32459.0,35502.0,1.0
32459.0,35506.0,1.0
32459.0,36697.0,1.0
32299.0,40925.0,1.0001909322360034
32299.0,50166.0,1.0000719076778606
32299.0,42086.0,1.0
32299.0,43111.0,1.0014111626675302
32299.0,43130.0,1.0006906856910858
32299.0,41987.0,1.0005205308917222
32299.0,5205.0,1.0
32299.0,7449.0,1.0
32299.0,17324.0,1.0016475628251653
32299.0,18871.0,1.0
32306.0,43039.0,1.0039565510658908
32630.0,41945.0,1.00101313442424
32670.0,10327.0,1.0032422665563994
32731.0,32836.0,1.0008438756864109
32789.0,48440.0,1.0006578561956654
32491.0,37566.0,1.0016917071693843
32497.0,43427.0,1.0011681399284256
32214.0,32929.0,1.0043537693181888
32262.0,34433.0,1.0011532132464156
32262.0,36312.0,1.0025148217178503
32201.0,15609.0,1.0
32172.0,32509.0,1.0012549774264252
32126.0,32474.0,1.0000579132499539
32132.0,32384.0,1.001646074974783
35397.0,39352.0,1.003455917452435
35633.0,36652.0,1.0017547835445981
35123.0,23682.0,1.0029264521444023
35144.0,18434.0,1.0017519317564074
35319.0,16223.0,1.0001885518627849
35386.0,38227.0,1.0016487494318187
35731.0,42084.0,1.0006641289801546
35731.0,37663.0,1.0005806836808586
35731.0,35317.0,1.0
35731.0,36317.0,1.0
35017.0,44150.0,1.0015755565626707
34385.0,35596.0,1.0013078924554555
34385.0,35060.0,1.0
34424.0,50182.0,1.0034774204874957
34476.0,2904.0,1.0020572120547333
34550.0,38191.0,1.002993101698438
33169.0,40348.0,1.001192350725266
34588.0,52258.0,1.0005688791964908
34705.0,38764.0,1.001323221823783
34600.0,20660.0,1.0008861099436939
34611.0,44098.0,1.0021078458539956
11702.0,15165.0,1.0001587654484785
11686.0,38976.0,1.0008391440410787
11686.0,39032.0,1.0001731267182048
11686.0,42169.0,1.0008208502734577
11686.0,38228.0,1.0016043458285584
454.0,1319.0,1.0003958348663806
454.0,1059.0,1.0
454.0,1118.0,1.0
454.0,1920.0,1.0
454.0,2439.0,1.0002611365113425
454.0,4580.0,1.0003323495276495
454.0,5256.0,1.0
454.0,5701.0,1.0001036412467608
454.0,6466.0,1.0
454.0,6474.0,1.001184618231971
454.0,6479.0,1.0017829432573933
454.0,6595.0,1.000738577059421
454.0,2982.0,1.0007862939443923
454.0,3253.0,1.0
454.0,10801.0,1.0
454.0,13898.0,1.0
454.0,10366.0,1.0002959400489708
454.0,7885.0,1.0
454.0,7912.0,1.0
454.0,8001.0,1.0002143542066588
454.0,8380.0,1.0
454.0,8881.0,1.0
454.0,9220.0,1.0
454.0,9973.0,1.0000917647193612
454.0,1653.0,1.00006521118216
454.0,1805.0,1.0
454.0,2314.0,1.0002152713998929
454.0,2342.0,1.0
454.0,2485.0,1.0
454.0,2495.0,1.0
454.0,1652.0,1.0001599579705374
454.0,1566.0,1.0
466.0,1744.0,1.002867027626983
482.0,6389.0,1.0
396.0,447.0,1.0012369910460195
412.0,733.0,1.0009565108740595
417.0,2938.0,1.0018766230623068
427.0,5385.0,1.0036282731119914
427.0,11035.0,1.0019706182110504
432.0,598.0,1.0012743080263462
432.0,57.0,1.0
386.0,2968.0,1.0
386.0,13606.0,1.0
386.0,1669.0,1.0
386.0,377.0,1.0
386.0,10702.0,1.000878266615237
386.0,9621.0,1.0000885033769362
386.0,6187.0,1.0
386.0,9266.0,1.0
386.0,9004.0,1.0001773450225722
386.0,2799.0,1.0
386.0,717.0,1.0
386.0,743.0,1.0006209325309232
386.0,796.0,1.000960701463551
386.0,979.0,1.0010771223082031
386.0,4271.0,1.0009932406150952
386.0,6555.0,1.0
386.0,6562.0,1.0013225263265735
386.0,7589.0,1.0019398560848893
386.0,7722.0,1.0006604246536999
386.0,7998.0,1.0
386.0,6139.0,1.0
386.0,5881.0,1.0004103245115212
386.0,617.0,1.001089827879893
486.0,569.0,1.000623492949238
486.0,3451.0,1.0
486.0,1374.0,1.0
486.0,1438.0,1.0001125164352418
486.0,2417.0,1.0017253165114977
619.0,5133.0,1.0
619.0,5321.0,1.0
619.0,9030.0,1.0
619.0,10996.0,1.0
619.0,14129.0,1.0015541814074684
619.0,15052.0,1.0017415209189884
619.0,2829.0,1.0022310321281918
604.0,10974.0,1.0014743876771228
612.0,4135.0,1.0029231874481743
612.0,2314.0,1.0032120506677995
637.0,19521.0,1.0
641.0,2934.0,1.001391816283628
646.0,13777.0,1.0021698402744101
657.0,2231.0,1.0012866537328504
657.0,2523.0,1.002572824790508
631.0,598.0,1.0011747611419572
631.0,1613.0,1.0017856539766965
631.0,2334.0,1.0009149206948427
631.0,7121.0,1.0
627.0,4681.0,1.0022526143828865
599.0,1246.0,1.0035463339067565
496.0,2578.0,1.0006310001961431
525.0,34409.0,1.0007624496083904
525.0,45591.0,1.001569913373097
525.0,19914.0,1.0
525.0,46107.0,1.0
553.0,40718.0,1.0
553.0,19408.0,1.0016984950135863
553.0,3544.0,1.0013236423906569
530.0,575.0,1.0029364778342462
530.0,1038.0,1.0013568841128833
530.0,1508.0,1.0025969889481492
549.0,3748.0,1.0016875033914536
212.0,1499.0,1.0005216312786869
212.0,944.0,1.0008959875746024
238.0,2667.0,1.0
238.0,5993.0,1.0003620249804845
238.0,6035.0,1.0003669005084996
238.0,9045.0,1.0
246.0,2150.0,1.0026080055867028
249.0,1311.0,1.0
249.0,4574.0,1.0010370680990572
249.0,6828.0,1.0034996052786547
263.0,1384.0,1.001311811790006
263.0,546.0,1.0018809123486105
263.0,51878.0,1.0
263.0,3316.0,1.0879316377202977
263.0,7739.0,1.0015338776673128
196.0,10041.0,1.0003479923761485
196.0,17047.0,1.0
196.0,24100.0,1.0
196.0,31338.0,1.000338269851384
196.0,34902.0,1.0
196.0,51841.0,1.0002128136362347
196.0,136.0,1.0015854000698183
196.0,23667.0,1.0003007426363113
196.0,6218.0,1.0000123780487242
196.0,6647.0,1.0
196.0,9792.0,1.0
196.0,12463.0,1.000487460390088
196.0,4265.0,1.000559037928582
196.0,504.0,1.0007498710251679
196.0,2322.0,1.0
196.0,2458.0,1.0
273.0,4165.0,1.0
279.0,6386.0,1.0025213850801018
293.0,136.0,1.0046996172278513
294.0,1244.0,1.0024312271068048
300.0,4156.0,1.0007601630290994
188.0,453.0,1.0009741979049016
188.0,1039.0,1.0
188.0,88.0,1.0009676421070648
190.0,460.0,1.0010882006939077
165.0,27056.0,1.000939258400772
165.0,32622.0,1.0004624880408928
165.0,44903.0,1.0
165.0,40602.0,1.0
165.0,36609.0,1.0001206947205765
165.0,8905.0,1.0
165.0,20318.0,1.000174405166146
165.0,37554.0,1.0
165.0,8017.0,1.0010869927068315
165.0,48523.0,1.0001191075325109
165.0,50037.0,1.0
165.0,50511.0,1.0
165.0,4740.0,1.0742444801624027
165.0,10555.0,1.0
165.0,16194.0,1.0
165.0,17684.0,1.0
165.0,19693.0,1.0015381324552297
165.0,20621.0,1.0
165.0,27877.0,1.0
165.0,37967.0,1.0001675361530822
165.0,43189.0,1.0
165.0,28560.0,1.0
165.0,30868.0,1.0
165.0,31078.0,1.0003786424073298
165.0,31103.0,1.0006393406782872
165.0,32023.0,1.0016029179236259
165.0,32808.0,1.0009168977606855
165.0,4139.0,1.0
165.0,8472.0,1.000233376790166
165.0,8936.0,1.000959916313817
165.0,6375.0,1.0010008393264185
185.0,361.0,1.0015825949770738
187.0,399.0,1.0022378018625744
342.0,450.0,1.0032895081103816
342.0,1783.0,1.002203045525766
342.0,16104.0,1.0003614421080982
349.0,570.0,1.002252450962986
349.0,7060.0,1.0001944229965722
349.0,7285.0,1.0037668829113515
349.0,7454.0,1.0028088456495565
373.0,981.0,1.0019925086695856
374.0,4124.0,1.0
374.0,5575.0,1.0
374.0,8902.0,1.0
374.0,10619.0,1.0004473628132138
374.0,5519.0,1.0
374.0,3411.0,1.0
374.0,3798.0,1.0
374.0,4081.0,1.0000872959385574
374.0,4133.0,1.0
334.0,1852.0,1.0008240076800985
328.0,1624.0,1.0784131534620776
328.0,1384.0,1.001737211314865
328.0,1255.0,1.0013560798961971
328.0,3364.0,1.0
661.0,2644.0,1.0010956877906934
661.0,2203.0,1.0018966152316038
1081.0,1569.0,1.0004203538571994
1094.0,4561.0,1.0
1110.0,1444.0,1.0039663392212146
1110.0,1338.0,1.0038825360177361
1110.0,1417.0,1.0040226097945355
1111.0,38770.0,1.0017044010917864
1073.0,8329.0,1.001195855346876
1063.0,5415.0,1.0
1063.0,4890.0,1.000455773477571
1063.0,2047.0,1.0016936903951474
1132.0,16414.0,1.0022923633707523
1183.0,3049.0,1.000280985041003
1183.0,6271.0,1.001168695082649
1183.0,3082.0,1.0000904567504125
1183.0,2021.0,1.0001886928561734
1183.0,2167.0,1.0
1205.0,1829.0,1.001579173312983
1134.0,7648.0,1.0017421520956504
1150.0,34687.0,1.0038264457176589
1044.0,36304.0,1.0
1044.0,38907.0,1.0000904945094302
1044.0,25217.0,1.000027902404758
1044.0,36158.0,1.0015743383075715
1044.0,42364.0,1.0000999891524485
1044.0,38802.0,1.0
1044.0,36457.0,1.00092849279014
1044.0,5514.0,1.00010484243472
1044.0,1499.0,1.0
1044.0,3364.0,1.0
1044.0,1392.0,1.0007614700696041
1044.0,30874.0,1.0
1044.0,36482.0,1.000240277086631
1044.0,14533.0,1.0015079640327718
1044.0,14569.0,1.0
1044.0,14832.0,1.0
1044.0,22864.0,1.0
1044.0,23374.0,1.0
1044.0,2802.0,1.0023274136015243
1044.0,3327.0,1.0
1044.0,5499.0,1.0
1044.0,6438.0,1.0009722730546657
1044.0,6633.0,1.0
1044.0,7055.0,1.0003356859338723
1044.0,3691.0,1.0001360106933155
1061.0,2199.0,1.0022622396272696
1061.0,2241.0,1.0023779166185196
1061.0,4639.0,1.0032273776006275
1049.0,1449.0,1.000702802442075
1049.0,43894.0,1.000903990766218
1208.0,2311.0,1.0
1580.0,4724.0,1.0013293672373087
1580.0,23537.0,1.0030110174540834
1618.0,1976.0,1.000650453106431
1624.0,1059.0,1.0012497355103476
1626.0,4508.0,1.000363348402089
1626.0,2867.0,1.0
1403.0,7188.0,1.0
1408.0,15005.0,1.0026595536502902
1409.0,301.0,1.0006910521890087
1409.0,1670.0,1.0008073522475969
1398.0,3506.0,1.0008182233104437
1398.0,2117.0,1.0004533129203745
1398.0,2175.0,1.0006438264195847
1398.0,2910.0,1.0023845617016356
1690.0,5849.0,1.0
1690.0,4203.0,1.000343695885401
1690.0,4692.0,1.0007636512569917
1703.0,2211.0,1.0027944190505864
1708.0,2167.0,1.0039904546593996
1735.0,2064.0,1.0
1735.0,4098.0,1.0
1735.0,6381.0,1.0
1679.0,1896.0,1.0040702429863055
1337.0,2938.0,1.0011970320989474
1337.0,22534.0,1.000268695057008
1337.0,2330.0,1.000513433503376
1337.0,1825.0,1.000158785440932
1337.0,4607.0,1.0019620076251097
1305.0,8370.0,1.0
1305.0,7407.0,1.0003908627556475
1283.0,6921.0,1.0022238005112925
1299.0,23317.0,1.0035031636782503
1299.0,40922.0,1.0023659093451573
1300.0,5141.0,1.0
1343.0,2039.0,1.0017873477032213
1343.0,2350.0,1.0003029414487066
1343.0,2104.0,1.0006023208076198
1343.0,2236.0,1.0
1343.0,1745.0,1.0015093912920088
914.0,2001.0,1.001211171349483
914.0,18812.0,1.0020746385424428
878.0,3433.0,1.0013407810779036
880.0,890.0,1.0009330208588922
949.0,45631.0,1.0007264446345634
949.0,9727.0,1.0
949.0,35751.0,1.0005574846157297
949.0,2150.0,1.001285611735468
949.0,5459.0,1.0
949.0,1895.0,1.0006233392036574
949.0,2304.0,1.0
949.0,3188.0,1.0002627563173965
949.0,8920.0,1.0011438203372927
949.0,9420.0,1.0
949.0,10710.0,1.0
949.0,10932.0,1.0
949.0,12472.0,1.0
949.0,18767.0,1.0010167271793546
949.0,6489.0,1.0
949.0,7239.0,1.0
949.0,7327.0,1.0
949.0,20251.0,1.0
949.0,47914.0,1.0021174223651055
949.0,43132.0,1.0003696089973495
949.0,22825.0,1.0
949.0,34756.0,1.0
949.0,39180.0,1.0030328585463781
949.0,39845.0,1.0001147351740116
919.0,4549.0,1.0043591125561662
919.0,5300.0,1.0012976101885847
922.0,1266.0,1.0
929.0,1164.0,1.0005044160184617
932.0,9604.0,1.0021641811244477
867.0,4873.0,1.0000813922476506
867.0,2103.0,1.0003860159170004
867.0,5026.0,1.0014564348376824
867.0,5155.0,1.0017582855978069
867.0,5159.0,1.0014318788665826
710.0,1169.0,1.0024893055141109
742.0,2458.0,1.001479726257855
782.0,5537.0,1.0016560219603692
782.0,7896.0,1.0
782.0,9409.0,1.0012686081730793
800.0,1508.0,1.0012118334580227
800.0,1074.0,1.0
805.0,40639.0,1.0021049225663794
805.0,44376.0,1.0023693356587224
683.0,141.0,1.0009131992449511
669.0,3274.0,1.0015766042951515
681.0,1243.0,1.0020028833431016
826.0,3515.0,1.0015700360130884
826.0,19662.0,1.00187401776718
826.0,1800.0,1.0021925972162227
860.0,1118.0,1.0016147565442304
810.0,1825.0,1.0016144501712358
824.0,14766.0,1.0
1039.0,15728.0,1.0
1039.0,2621.0,1.0
1039.0,3327.0,1.0
1039.0,3360.0,1.000523419388623
1039.0,7527.0,1.0017239875312456
1011.0,4707.0,1.002449868367074
971.0,2167.0,1.001742244233584
982.0,19786.0,1.0035776691311138
1007.0,3665.0,1.003136328121265
23.0,6805.0,1.0
23.0,34322.0,1.0005421913621815
23.0,28589.0,1.0
23.0,41787.0,1.001281018172359
23.0,14178.0,1.0009547944379167
23.0,35927.0,1.0
23.0,36310.0,1.0000930627641424
23.0,42363.0,1.000564052826932
23.0,4159.0,1.0
23.0,19593.0,1.0003007115935867
23.0,10977.0,1.0
23.0,18700.0,1.0002843844223899
23.0,4873.0,1.0
23.0,43441.0,1.0014965640097846
23.0,3486.0,1.001514344863355
23.0,39918.0,1.0001180259919547
23.0,42534.0,1.0
23.0,44984.0,1.0002978858042486
23.0,42724.0,1.0003769915471716
23.0,31526.0,1.0
23.0,50401.0,1.0
23.0,47488.0,1.0002969885807038
23.0,47551.0,1.0
23.0,40288.0,1.0009481409174508
23.0,9661.0,1.0004008882211368
23.0,475.0,1.0000327118426098
23.0,2150.0,1.0011662246272899
23.0,7904.0,1.0014559011138955
23.0,19447.0,1.000739298888842
23.0,7035.0,1.000716815366314
23.0,5575.0,1.0
23.0,4192.0,1.0
23.0,4607.0,1.0019612655852133
23.0,2802.0,1.0022156108110352
23.0,19786.0,1.0006549018385358
23.0,26799.0,1.0011584841103456
23.0,27442.0,1.0020499689055697
23.0,27574.0,1.0011599404332694
23.0,27717.0,1.0000637867223066
23.0,27675.0,1.0010968314525919
23.0,22234.0,1.0014467384092687
23.0,23142.0,1.0
23.0,23848.0,1.000859438869943
23.0,23913.0,1.0006593272788888
23.0,35779.0,1.0
23.0,31862.0,1.000759440887121
23.0,28844.0,1.0003619307655374
23.0,30337.0,1.0000403986548816
23.0,31084.0,1.0
23.0,31848.0,1.0
23.0,15314.0,1.002719389070515
23.0,15734.0,1.0
23.0,15903.0,1.0
23.0,15911.0,1.0012304170994946
23.0,15928.0,1.002442845681557
23.0,16007.0,1.0007074104709996
23.0,14097.0,1.0005203724302878
23.0,14107.0,1.0
23.0,14280.0,1.0
23.0,14325.0,1.000958634079629
23.0,14367.0,1.0
23.0,14381.0,1.0
23.0,35981.0,1.0012696001958301
23.0,19236.0,1.0
23.0,19924.0,1.0
23.0,20255.0,1.000364165529812
23.0,16270.0,1.001221078103247
23.0,17932.0,1.000287505854698
23.0,18489.0,1.0007563745850263
23.0,18543.0,1.0016309543629252
23.0,18916.0,1.0
23.0,47786.0,1.0
23.0,49702.0,1.0017930892991553
23.0,49771.0,1.0016515170725633
23.0,50040.0,1.0
23.0,4448.0,1.0
23.0,47675.0,1.0012211009118899
23.0,39717.0,1.001711783791045
23.0,39980.0,1.0008143275893757
23.0,42489.0,1.0004799402777151
23.0,44884.0,1.0
23.0,44800.0,1.0011150382920249
23.0,44592.0,1.0007896187926892
23.0,42920.0,1.0
23.0,43087.0,1.0006106057314172
23.0,2694.0,1.0015757018059275
23.0,3465.0,1.0003525144590144
23.0,3542.0,1.0016528408319563
23.0,2402.0,1.0005240180316606
23.0,4787.0,1.0
23.0,4978.0,1.0
23.0,5238.0,1.0011119656980543
23.0,4582.0,1.0000003312535048
23.0,4566.0,1.0012923895848247
23.0,4502.0,1.0018917429155898
23.0,5343.0,1.0008273983809386
23.0,9504.0,1.0012768171393276
23.0,9981.0,1.001178801045809
23.0,8471.0,1.0013681870731155
23.0,8493.0,1.0000017936995669
23.0,8501.0,1.0006130545838146
23.0,8614.0,1.0004321889805339
23.0,8686.0,1.0
23.0,10038.0,1.0023345850182732
23.0,10915.0,1.0001685907071758
23.0,11054.0,1.0003974512088185
23.0,12507.0,1.0002837271198384
23.0,13900.0,1.0
23.0,13915.0,1.0013920691312952
23.0,10080.0,1.0004111230564108
23.0,10154.0,1.0012907352721026
23.0,10211.0,1.0002659216937921
23.0,10435.0,1.0
23.0,8217.0,1.0004861312246465
23.0,6493.0,1.0
23.0,6553.0,1.000059581744363
23.0,6561.0,1.0004461871787214
23.0,6643.0,1.000237279421535
23.0,6648.0,1.0008177144508341
23.0,6723.0,1.0008849904025325
23.0,6745.0,1.0007577880428962
23.0,6769.0,1.0
23.0,6847.0,1.0
23.0,5711.0,1.0000717012400302
23.0,5912.0,1.0
23.0,6024.0,1.0000304546212664
23.0,6208.0,1.0008781819313013
23.0,6275.0,1.0
23.0,7857.0,1.0
23.0,7044.0,1.0
23.0,7092.0,1.0
23.0,2693.0,1.0020924958076332
24.0,18.0,1.0434584918465557
24.0,1678.0,1.0442095801368125
24.0,956.0,1.0427638329113829
24.0,5373.0,1.0434977883835685
24.0,643.0,1.044283413049268
34.0,4398.0,1.0019712873447484
34.0,475.0,1.0004874925575122
34.0,1255.0,1.0010873314452566
34.0,32.0,1.0
34.0,950.0,1.0003806924406466
34.0,12.0,1.0
34.0,210.0,1.0009660638816853
34.0,297.0,1.0002639861673848
34.0,514.0,1.0016193234467745
34.0,1540.0,1.0002314738411198
35.0,9830.0,1.001681037911311
35.0,17313.0,1.0008213935594181
35.0,18392.0,1.0
15.0,361.0,1.0036680889878604
11.0,6377.0,1.002490240044282
5.0,50205.0,1.000132159167141
5.0,6664.0,1.0002223407995432
5.0,44947.0,1.0021578981031019
5.0,40107.0,1.0
5.0,231.0,1.0
5.0,2667.0,1.0
5.0,256.0,1.0008421857721583
5.0,1700.0,1.0000450792793303
5.0,1355.0,1.0
5.0,1276.0,1.0
5.0,6095.0,1.0002123239864922
5.0,278.0,1.0003755806055703
5.0,2922.0,1.0
5.0,434.0,1.0001018435256575
5.0,218.0,1.0010992034258501
5.0,14110.0,1.0007769411967418
5.0,14988.0,1.0
5.0,15819.0,1.0006342905134191
5.0,19151.0,1.0005303759702564
10.0,3748.0,1.0023376222610427
10.0,262.0,1.0034428641524245
104.0,2761.0,1.017554485653635
104.0,30796.0,1.0154694827997697
104.0,3506.0,1.016945041478766
104.0,18420.0,1.0169115642483202
104.0,2069.0,1.0180352388077458
104.0,2262.0,1.0182684433033904
104.0,23060.0,1.0167945069172755
104.0,40348.0,1.0160877984015766
104.0,30862.0,1.0194093049933997
104.0,30907.0,1.0184066862938412
104.0,32028.0,1.018841547374796
104.0,33114.0,1.0179359819581928
104.0,36421.0,1.0184889406064714
104.0,16213.0,1.0186542013556206
104.0,20698.0,1.018762323570591
104.0,26574.0,1.0164796831879932
104.0,27364.0,1.0183398771093917
104.0,38657.0,1.0184445590975428
104.0,39432.0,1.0186075366524032
104.0,10574.0,1.01789729081073
104.0,41779.0,1.0187445123849836
123.0,487.0,1.000243397382524
123.0,535.0,1.0015047627177636
123.0,243.0,1.0015481449235106
141.0,227.0,1.0017698187625808
143.0,1801.0,1.0
143.0,2975.0,1.0
143.0,32025.0,1.0
143.0,35263.0,1.0
114.0,260.0,1.0005418027308326
106.0,41274.0,1.0002298351405088
110.0,100.0,1.0
113.0,1091.0,1.002235745038686
96.0,10606.0,1.0
96.0,34322.0,1.004378251856421
96.0,154.0,1.0045310325282915
96.0,9193.0,1.0045525512720939
96.0,7450.0,1.0041075516690805
96.0,36064.0,1.003781791053968
96.0,956.0,1.0031117254949744
96.0,2587.0,1.0028782219196564
96.0,2417.0,1.0050093267452531
96.0,2540.0,1.003543656406154
96.0,34756.0,1.001318348791522
96.0,262.0,1.0050144098823672
96.0,25173.0,1.001901913632303
96.0,28536.0,1.00450016842598
96.0,39742.0,1.0046772760293434
96.0,2466.0,1.0037354302313968
96.0,138.0,1.0031221089844513
96.0,8490.0,1.0047532864751596
96.0,8807.0,1.0016776324698509
96.0,9149.0,1.0056407952920332
96.0,8286.0,1.0048699785025526
96.0,7315.0,1.0040666265964058
96.0,7413.0,1.004628400066218
96.0,7489.0,1.0032231953395179
96.0,7272.0,1.0040942460107611
96.0,19177.0,1.0042148561482551
96.0,19312.0,1.0046261260715366
96.0,19395.0,1.0045828742326757
96.0,13772.0,1.0029903625823515
96.0,18415.0,1.0051255464245246
96.0,1782.0,1.0036216494440906
96.0,1960.0,1.0036065110808587
96.0,1994.0,1.0037631527923876
96.0,552.0,1.0038125525961759
96.0,6016.0,1.003031130341329
96.0,6325.0,1.0039980332698657
96.0,2612.0,1.0035902262917655
96.0,2629.0,1.0030745946663189
96.0,2649.0,1.0031063635879685
96.0,5283.0,1.003207495902356
100.0,250.0,1.0003307413139728
100.0,269.0,1.001182312426973
100.0,303.0,1.0003468744204786
100.0,3345.0,1.0007696174941931
100.0,225.0,1.001074161261018
98.0,57.0,1.0011266992119512
155.0,8067.0,1.0008499468407506
80.0,4886.0,1.00080500948072
80.0,101.0,1.0001446194759382
80.0,5366.0,1.0015597554126108
80.0,2243.0,1.0
80.0,3612.0,1.0
82.0,41.0,1.0
82.0,453.0,1.0000821506277362
82.0,3635.0,1.00004023710802
82.0,2839.0,1.0010853837320606
82.0,1101.0,1.0
82.0,1604.0,1.0002417682780467
82.0,1746.0,1.0
82.0,2178.0,1.000541693950574
82.0,6355.0,1.0
82.0,5323.0,1.0
83.0,74.0,1.000361421690298
83.0,377.0,1.0
83.0,100.0,1.0
83.0,275.0,1.0009321532883981
83.0,23896.0,1.0
85.0,68.0,1.0025760237746484
90.0,570.0,1.0023873202086542
79.0,15336.0,1.0002748028248953
79.0,15886.0,1.0010157679342295
79.0,162.0,1.0004999545095885
79.0,4630.0,1.001739198188336
79.0,5021.0,1.0007685070255574
79.0,8929.0,1.001358150835541
39.0,1238.0,1.0
39.0,1366.0,1.0003502201528693
39.0,6001.0,1.0006367264441252
43.0,2862.0,1.0014964326876297
45.0,369.0,1.0
45.0,297.0,1.0009881169429342
45.0,4840.0,1.0005775971296862
45.0,7783.0,1.002529451602334
45.0,7953.0,1.0029847763295028
78.0,315.0,1.0010724257400816
64.0,22529.0,1.0
64.0,1976.0,1.0002961786264366
64.0,156.0,1.0008474725851464
64.0,6888.0,1.001335399563694
48.0,59.0,1.001723379935582
49.0,976.0,1.0016828680976742
49.0,30094.0,1.0020730826265094
6656.0,18173.0,1.016624027486012
6656.0,19974.0,1.0177225352188044
6656.0,10625.0,1.0175486009901784
6656.0,9377.0,1.0173899385184533
6656.0,8157.0,1.0165084957183352
6656.0,22002.0,1.0129936346287727
6656.0,8699.0,1.0158378645297972
6656.0,9466.0,1.015054120601076
6656.0,8377.0,1.0173610227857777
6656.0,11071.0,1.015867287753033
6656.0,19281.0,1.0149016659767407
6656.0,23404.0,1.017209039043027
6656.0,19027.0,1.017899303350577
6656.0,18732.0,1.0177083783082939
6656.0,16369.0,1.01455191568759
6656.0,16400.0,1.016096632562034
6629.0,27223.0,1.0010153037587077
6629.0,9920.0,1.0
6629.0,15745.0,1.000453910072381
6629.0,16829.0,1.0007147017930562
6629.0,22395.0,1.0
6629.0,17519.0,1.0
6629.0,21907.0,1.0
6629.0,20115.0,1.0
6629.0,18338.0,1.0
6629.0,2141.0,1.0
6629.0,26730.0,1.0
6629.0,30975.0,1.0
6629.0,44348.0,1.001899039344684
6629.0,17483.0,1.0001933705449608
6629.0,17966.0,1.0
6652.0,10469.0,1.00219744661494
6444.0,20880.0,1.0028292400056527
6507.0,43193.0,1.0
6533.0,9029.0,1.0
6933.0,14232.0,1.0
6933.0,9099.0,1.0001820535233485
6933.0,2168.0,1.001341679917805
6933.0,10566.0,1.0017968997114386
6956.0,20073.0,1.003759128324977
7000.0,9184.0,1.0018197843388925
7040.0,4771.0,1.0
7052.0,6191.0,1.002429635421427
6862.0,9019.0,1.032851992317929
6862.0,10768.0,1.0354495195983178
6876.0,2600.0,1.001878565699484
6876.0,9019.0,1.0003334811793234
6876.0,9704.0,1.00380123375439
7188.0,10906.0,1.0
7188.0,19577.0,1.0
7188.0,15768.0,1.001337923978642
7188.0,10462.0,1.0005187483616227
7189.0,4456.0,1.001096321369753
7202.0,14028.0,1.0036900999393175
7202.0,14848.0,1.0046861381930376
7211.0,9543.0,1.002265953212913
7280.0,8731.0,1.0
7280.0,23213.0,1.0000389077325618
7152.0,44245.0,1.003012619334236
7164.0,10049.0,1.001709700348045
6710.0,37081.0,1.0000576339490104
6710.0,20502.0,1.0009394734223498
6710.0,36162.0,1.0
6710.0,47679.0,1.0
6673.0,9220.0,1.0006875605105543
6815.0,9971.0,1.000212755210805
6844.0,47906.0,1.0015044227719387
6844.0,15416.0,1.0023455654358757
6794.0,8933.0,1.0013642139537557
6397.0,18566.0,1.0008717403871492
5337.0,18329.0,1.0003571324214913
5337.0,43742.0,1.0
5337.0,38351.0,1.0012989015938982
5337.0,2215.0,1.0006400380025924
5337.0,13612.0,1.001674002345032
5337.0,19126.0,1.0
5337.0,34813.0,1.0013739894253644
5326.0,10410.0,1.0025574792871053
5186.0,28403.0,1.0013024384857037
5186.0,8682.0,1.0011495170168572
5272.0,3420.0,1.0054981494601671
5278.0,25316.0,1.0029404758289657
5510.0,23814.0,1.0038549227668367
5580.0,3371.0,1.0011274313760063
5617.0,7353.0,1.0005253150377325
5686.0,7486.0,1.0024279444640356
5696.0,8049.0,1.0
5487.0,10680.0,1.0001436907093213
5487.0,17547.0,1.0011910328240128
5487.0,37960.0,1.0
5388.0,7093.0,1.002757341199324
5422.0,7882.0,1.0009669586215613
5462.0,7160.0,1.0012736995059655
5120.0,8615.0,1.0020454726261756
5121.0,6704.0,1.0015807453415997
5125.0,50642.0,1.0
5125.0,49979.0,1.0
5139.0,5268.0,1.001432626867503
5142.0,12276.0,1.0021044679290767
5079.0,16175.0,1.0020995688911878
5079.0,26478.0,1.0010697302975011
5079.0,34972.0,1.000937239090289
5167.0,49932.0,1.0
5167.0,35318.0,1.0006567061771812
5167.0,35904.0,1.0000662369402944
5167.0,9884.0,1.0012106556332663
5167.0,27103.0,1.0
5167.0,32252.0,1.0009558400367384
6236.0,17775.0,1.0014899988524373
6254.0,49708.0,1.0026270409660065
6254.0,18668.0,1.0027437765808085
6256.0,8650.0,1.0021097364977898
6263.0,16665.0,1.0
6268.0,8057.0,1.0014853707221232
6272.0,2112.0,1.0006496689177784
6272.0,399.0,1.0007690071266753
6308.0,41647.0,1.0
6308.0,22709.0,1.0
6308.0,48351.0,1.0
6308.0,37922.0,1.0
6308.0,38637.0,1.0
6308.0,41004.0,1.0004372556809153
6321.0,6839.0,1.0019490361634709
6285.0,8146.0,1.0015805048151019
5844.0,36638.0,1.0004947384334717
5850.0,7680.0,1.0037070852957821
5877.0,10204.0,1.001719904335337
5885.0,7931.0,1.0
5898.0,7668.0,1.0030366779106346
5961.0,14772.0,1.001685781388454
5961.0,18381.0,1.0018288248464509
5973.0,8056.0,1.0013367544615308
5973.0,9759.0,1.0020138210772074
5827.0,23136.0,1.002055868530964
5811.0,7666.0,1.002501290685579
5730.0,41636.0,1.0044545863709917
5775.0,7267.0,1.0009097392599102
5775.0,9502.0,1.0012332387660787
5775.0,9554.0,1.0029661131921135
5775.0,13801.0,1.0
6181.0,8516.0,1.0013608636870475
6185.0,5332.0,1.0016080556641411
6190.0,8055.0,1.0008973734273492
6228.0,17481.0,1.0012336375523343
6042.0,7589.0,1.0026955802743673
5027.0,20700.0,1.0030646213970777
5027.0,23145.0,1.0042038904605948
9094.0,51914.0,1.0013638853714315
9113.0,12472.0,1.0017842506849992
10208.0,13581.0,1.0001895894045016
10232.0,548.0,1.0024521487991866
10240.0,13578.0,1.0028703428631558
8980.0,8757.0,1.0021888142038797
8980.0,13814.0,1.001726392734782
9039.0,37119.0,1.0025042305873004
9085.0,12469.0,1.0003650949786187
10622.0,14524.0,1.0020740361306066
10630.0,9938.0,1.0010104625355787
10611.0,18727.0,1.0013312343062157
10516.0,11249.0,1.0024621465860124
10570.0,13907.0,1.0008992634715028
8755.0,12438.0,1.0
8755.0,22815.0,1.0
8755.0,14263.0,1.0
8755.0,28122.0,1.0002469352919914
8755.0,15483.0,1.0
8755.0,14280.0,1.0
8755.0,7353.0,1.0
8755.0,16228.0,1.0
8755.0,14680.0,1.0
8755.0,32613.0,1.0002072478632031
8755.0,20211.0,1.0008781891367926
8755.0,23304.0,1.0004099186785018
8755.0,26841.0,1.0013258695073386
8755.0,13874.0,1.000604342017795
8755.0,14343.0,1.0012421666709013
8755.0,14454.0,1.0
8755.0,11207.0,1.0001470198153843
8755.0,13785.0,1.0006591476598397
8755.0,13807.0,1.0018885431720563
8755.0,14026.0,1.0007883495114684
8755.0,17189.0,1.0002270606187587
8755.0,17392.0,1.000171395628785
8755.0,18660.0,1.000523981033926
8755.0,11075.0,1.0001002409767032
8858.0,11187.0,1.0026771768533023
8865.0,40096.0,1.0
8865.0,46056.0,1.000221902618229
8865.0,39295.0,1.0004147118690445
8865.0,18338.0,1.0
8865.0,39830.0,1.0002367648446508
8883.0,49721.0,1.0
8930.0,19994.0,1.0017627526011923
11387.0,19092.0,1.0002911982089513
11387.0,28376.0,1.001688442452073
11400.0,11187.0,1.0015388922778485
11430.0,15086.0,1.000945566251443
11430.0,16265.0,1.0009114921018019
11374.0,14881.0,1.0017802168171301
11209.0,30469.0,1.0005245930517486
11209.0,641.0,1.0000442633417306
11209.0,22544.0,1.0
11209.0,38909.0,1.0
11209.0,15167.0,1.0021395169234968
11209.0,16010.0,1.0
11209.0,18246.0,1.0005533541179683
11209.0,14639.0,1.0004773595395773
11209.0,6577.0,1.0
11313.0,14837.0,1.0018595209621417
11384.0,3737.0,1.002163203937027
11643.0,1059.0,1.000762463842214
11643.0,40967.0,1.0026559623973712
11643.0,31908.0,1.0003120586158178
11657.0,7341.0,1.0020237266849659
11515.0,1586.0,1.0004915117415871
11551.0,14983.0,1.0025765933341941
11577.0,15055.0,1.00204253945294
11591.0,41240.0,1.001178635739265
11616.0,50551.0,1.0026910452743822
10784.0,9228.0,1.0023167402206774
10966.0,23750.0,1.0021108197493047
10996.0,9316.0,1.0
10996.0,17229.0,1.0
11077.0,14562.0,1.002195446296028
11084.0,907.0,1.0018123946353297
11089.0,14301.0,1.0049944436341132
11136.0,10540.0,1.0014831162200788
11147.0,14645.0,1.0024506811880316
11169.0,6686.0,1.001440887532586
8163.0,10909.0,1.0
8163.0,2282.0,1.0010569799192788
8163.0,10737.0,1.0008142992909363
8163.0,3465.0,1.0015896410000018
8188.0,17446.0,1.0
8188.0,34220.0,1.0
8188.0,15235.0,1.0009370555488117
8188.0,14983.0,1.0
8188.0,19212.0,1.0011263245865443
8188.0,23877.0,1.0
8081.0,22173.0,1.0036491447231888
8076.0,7531.0,1.0010775859597691
7922.0,8630.0,1.001565556837425
7927.0,8630.0,1.00064679130362
7992.0,10274.0,1.0
7998.0,14958.0,1.0027048670571814
7998.0,15838.0,1.0005145962026012
7998.0,18012.0,1.0019091699294864
8014.0,2.0,1.0004978248624719
8040.0,10302.0,1.0024665295510553
8256.0,48201.0,1.0048672132785983
8380.0,15034.0,1.0012819619102327
8380.0,7011.0,1.0
8380.0,10692.0,1.0
8211.0,10408.0,1.0
8192.0,36965.0,1.0033334256902229
8192.0,36480.0,1.0021374386707405
7450.0,10159.0,1.0025593716909424
7450.0,6166.0,1.0007720014501162
7496.0,9849.0,1.0
7505.0,4290.0,1.0033228049336342
7550.0,9832.0,1.0039857548355307
7569.0,9981.0,1.0029521769740457
7569.0,10425.0,1.0014221627381934
7569.0,12491.0,1.0019006913515922
7569.0,16416.0,1.0023971988984255
7395.0,9788.0,1.0
7395.0,10003.0,1.0027731171553378
7302.0,9585.0,1.0047970164445068
7329.0,9139.0,1.0045958625879188
7336.0,805.0,1.0000471425956061
7336.0,8373.0,1.0013046345442573
7336.0,9609.0,1.0006008040311185
7387.0,18950.0,1.000487550805418
7387.0,9422.0,1.001729231091692
7387.0,19211.0,1.0007658634101848
7772.0,9956.0,1.0045123581997388
7646.0,15351.0,1.0039209436194616
7654.0,402.0,1.0019258128683515
7654.0,23479.0,1.0015128912819409
8436.0,50094.0,1.0
8436.0,11255.0,1.00020835029491
8436.0,17655.0,1.0015919523584147
8497.0,11024.0,1.0017250833557765
8385.0,7083.0,1.0003054480789637
8691.0,19830.0,1.0026729306668274
8691.0,13652.0,1.0002737595259759
8691.0,14247.0,1.0009280812318833
8691.0,13972.0,1.0000972653770306
8725.0,8420.0,1.0031728642313258
8532.0,17057.0,1.0032548786889175
8532.0,2215.0,1.002806596750872
8532.0,15361.0,1.0025350701144522
8690.0,11034.0,1.0018828383684184
8690.0,14540.0,1.0007314875260793
5005.0,8771.0,1.0030969028843144
2703.0,1456.0,1.0115176666928907
2703.0,17811.0,1.0175410738800963
2703.0,36178.0,1.016481031822986
2703.0,16742.0,1.0173280130163507
2703.0,16920.0,1.0165370579616464
2703.0,6572.0,1.0166115493008743
2703.0,16414.0,1.0176289544994959
2703.0,17451.0,1.0179647635209943
2703.0,10301.0,1.0174983862390101
2703.0,22809.0,1.0161126943020566
2703.0,26627.0,1.0167364926740952
2703.0,41562.0,1.0171404316654755
2703.0,38520.0,1.017916310874124
2703.0,27329.0,1.0164532290513049
2703.0,4320.0,1.0181697093373963
2703.0,3616.0,1.0174140483252143
2703.0,17723.0,1.0172529838857223
2703.0,4421.0,1.0172100202204826
2703.0,4796.0,1.017458200568089
2703.0,23877.0,1.0156480867505018
2703.0,14984.0,1.0173207490021032
2703.0,18708.0,1.0174367292379103
2703.0,18824.0,1.0186606551220272
2703.0,18833.0,1.0174320275492565
2703.0,22015.0,1.016356952449025
2703.0,18280.0,1.018134154178314
2703.0,17572.0,1.0171668876029232
2703.0,17610.0,1.0164777803248726
2703.0,18004.0,1.018103762023294
2703.0,18199.0,1.0168697126106914
2703.0,23731.0,1.0173110781246588
2703.0,24005.0,1.014579828521562
2703.0,24050.0,1.0163158600452114
2703.0,22862.0,1.0171280545026042
2703.0,23083.0,1.0159685802765792
2703.0,23108.0,1.017430061650357
2703.0,23216.0,1.016653263192729
2703.0,23326.0,1.015228508710807
2703.0,23358.0,1.01781941627898
2703.0,17501.0,1.0160109391936676
2703.0,17461.0,1.016753712304408
2703.0,3201.0,1.0168390366821036
2703.0,12513.0,1.0173947452792405
2703.0,14626.0,1.017793217071636
2703.0,15252.0,1.0194457771646812
2703.0,4434.0,1.0174081606071963
2703.0,8306.0,1.0183161874818834
2703.0,35364.0,1.0173831845877488
2703.0,26724.0,1.0177728056650428
2703.0,26968.0,1.0175224131992664
2703.0,17881.0,1.0168711791619782
2603.0,7188.0,1.0
2603.0,9609.0,1.0
2603.0,17054.0,1.0
2603.0,9273.0,1.0
2603.0,10985.0,1.0
2637.0,5719.0,1.0029153797512833
2697.0,3821.0,1.002173411824526
2995.0,3433.0,1.0016927502169952
3068.0,5691.0,1.0
3068.0,3550.0,1.0007717737422013
2974.0,4221.0,1.0016190437775356
2857.0,3348.0,1.0006072428572632
2867.0,3371.0,1.002745763974697
2893.0,3383.0,1.0010951610329355
2944.0,3433.0,1.0022677362348429
2954.0,3433.0,1.0007442969969709
2958.0,3000.0,1.0006845943661018
3126.0,8146.0,1.001409164683872
3126.0,10579.0,1.0
3126.0,7765.0,1.0001189038615825
3126.0,8154.0,1.000489037716114
3126.0,5337.0,1.0021879533086904
3126.0,10183.0,1.001036333232261
3126.0,3058.0,1.0010666150143892
3114.0,4845.0,1.0006790694604324
3114.0,4597.0,1.0004318774907732
3114.0,3070.0,1.0028284246103276
2722.0,3150.0,1.0443830391083682
2722.0,1570.0,1.0444811757059622
2722.0,3235.0,1.043828745509401
2722.0,4087.0,1.0450314657628987
2828.0,35536.0,1.0
2828.0,48450.0,1.0005371711741602
2828.0,27634.0,1.00258116874096
2828.0,34403.0,1.00250616071496
2033.0,19298.0,1.0
2033.0,27394.0,1.0000046513116443
2033.0,8771.0,1.0
2033.0,8467.0,1.0
2033.0,9937.0,1.0
2033.0,14299.0,1.0
2033.0,23358.0,1.0
2033.0,10224.0,1.0
2033.0,23306.0,1.0
2033.0,14504.0,1.0
2027.0,5264.0,1.000800849121436
2027.0,4816.0,1.0
2027.0,19665.0,1.0
2067.0,1056.0,1.0021111030832919
2080.0,42662.0,1.002137399208069
2087.0,3049.0,1.0030104240909898
2111.0,2507.0,1.0039481893093376
2114.0,8560.0,1.0009655378958484
2011.0,2314.0,1.000292245029855
1993.0,16414.0,1.0017276846587968
1791.0,1507.0,1.0
1792.0,598.0,1.0004080281305523
1792.0,3117.0,1.0
1762.0,2361.0,1.0
1781.0,4828.0,1.0006536723308268
1781.0,6134.0,1.0010389014229915
1898.0,2074.0,1.0023023920351468
1941.0,1823.0,1.0009210139969709
1941.0,2456.0,1.0030172520307512
1808.0,2024.0,1.0030595532487283
1835.0,2561.0,1.0038691140934524
1835.0,15809.0,1.0033973048008749
2158.0,10696.0,1.0
2158.0,3111.0,1.0010118463697795
2158.0,5421.0,1.0027891199585621
2158.0,9470.0,1.0016817198240517
2158.0,10132.0,1.0
2433.0,4709.0,1.0024874143330318
2440.0,2929.0,1.001806465971551
2459.0,4381.0,1.0
2459.0,4551.0,1.0
2459.0,5199.0,1.0
2459.0,2482.0,1.0
2459.0,4484.0,1.0
2417.0,16071.0,1.0008052705594341
2382.0,5210.0,1.0007129785780402
2382.0,4989.0,1.0
2383.0,8242.0,1.0019520958781423
2408.0,4245.0,1.0017105532879533
2411.0,39573.0,1.0021933226957447
2411.0,40107.0,1.0000406078650521
2465.0,1915.0,1.0007755904693894
2464.0,5431.0,1.0012246852765878
2209.0,5998.0,1.001815866565454
2224.0,6080.0,1.0004877493231326
2280.0,8067.0,1.0
2280.0,3058.0,1.0005822061580691
2280.0,2796.0,1.0009486208659055
2280.0,2886.0,1.000684149078591
2280.0,3016.0,1.0006848295362105
2280.0,20654.0,1.0003001641981046
2280.0,25330.0,1.0
2280.0,10618.0,1.0
2280.0,3603.0,1.0006043012081014
2280.0,9984.0,1.0
2192.0,9044.0,1.0
2177.0,3498.0,1.00186921985889
2287.0,2799.0,1.0028987514910768
2356.0,2779.0,1.0020386380886928
3943.0,14123.0,1.0
3943.0,10041.0,1.0005607366300344
3943.0,6574.0,1.0
3943.0,42163.0,1.000588648778388
3943.0,7556.0,1.0003329804310004
3943.0,32400.0,1.0
3943.0,2241.0,1.0
3943.0,3665.0,1.0018125813365681
3943.0,7782.0,1.0
3943.0,8197.0,1.0
3943.0,8440.0,1.0
3943.0,6996.0,1.0011322922205437
3943.0,6620.0,1.0010723477834451
3943.0,20159.0,1.0
3943.0,20703.0,1.001570047875669
3943.0,10112.0,1.0000141620247542
3943.0,12327.0,1.0
3943.0,8107.0,1.0
3943.0,6673.0,1.0002764330207115
3943.0,4838.0,1.0009985012655653
3943.0,5951.0,1.0009527519413985
3943.0,6434.0,1.0
4020.0,20180.0,1.0013434407221637
4020.0,6828.0,1.0013790693443818
4020.0,20753.0,1.0025118565028075
4020.0,34542.0,1.0010778304045589
4020.0,3487.0,1.0
4020.0,9214.0,1.0
4020.0,9700.0,1.000867702311084
4047.0,3429.0,1.0002292808964974
4060.0,8912.0,1.002067688947329
4082.0,4847.0,1.000407252171311
3926.0,3389.0,1.0005848035100864
3926.0,5523.0,1.0
3835.0,41361.0,1.0
3835.0,50771.0,1.0019962642609654
3835.0,15278.0,1.0
3835.0,15386.0,1.0
3835.0,38520.0,1.000708730202788
3835.0,805.0,1.0
3835.0,27785.0,1.0013077916073267
3835.0,31751.0,1.0015731880321006
3835.0,44387.0,1.0
3838.0,4886.0,1.002660804288577
3840.0,4845.0,1.003430102230078
4092.0,510.0,1.001933361045545
4092.0,5722.0,1.002162862970338
4092.0,7247.0,1.0
4092.0,12450.0,1.0004522064483317
4092.0,13604.0,1.0004007350123323
4092.0,5756.0,1.0
4092.0,4120.0,1.001906145059201
4092.0,10919.0,1.00207679537065
4092.0,23721.0,1.0020289924501447
4670.0,10664.0,1.0020460872748878
4795.0,18423.0,1.0
4795.0,31325.0,1.0
4795.0,5916.0,1.0005299922597246
4795.0,16093.0,1.0004302421519295
4795.0,17497.0,1.000080404043436
4795.0,18137.0,1.0
4566.0,14886.0,1.0008049821238354
4566.0,15402.0,1.000483059962857
4566.0,5871.0,1.0
4573.0,5865.0,1.0003421733479807
4616.0,6029.0,1.002092724495371
4859.0,6264.0,1.0038536917282574
4873.0,6272.0,1.0008484882054165
4887.0,16672.0,1.00206129548135
4889.0,6297.0,1.0044596389351406
4903.0,4765.0,1.0006525397636494
4910.0,8535.0,1.0041690229421145
4910.0,8442.0,1.0021235166071394
4930.0,6363.0,1.0008704482936381
4855.0,8380.0,1.0001568838156922
4527.0,5465.0,1.001501040940851
4146.0,17209.0,1.0024006270472552
4146.0,22329.0,1.003177930100681
4199.0,5426.0,1.0049713311828723
4226.0,5461.0,1.0003205735551703
4263.0,5499.0,1.0012169668461202
4278.0,5861.0,1.003109983152022
4278.0,5504.0,1.0041823759567627
4129.0,5413.0,1.003804337931162
4301.0,23889.0,1.0007515421872952
3451.0,37851.0,1.0
3451.0,5920.0,1.000881810199096
3451.0,16401.0,1.0007350465692104
3451.0,8437.0,1.000744954603775
3458.0,35888.0,1.0
3458.0,34482.0,1.0006188639860787
3337.0,4263.0,1.0018360533493615
3343.0,13584.0,1.0
3398.0,52110.0,1.0033117259459423
3575.0,41685.0,1.0011314865651968
3575.0,42787.0,1.0011687050531242
3606.0,3122.0,1.0004574267397952
3606.0,9267.0,1.0005839671148415
3480.0,8316.0,1.0015917919425337
3499.0,4105.0,1.0023647932166055
3508.0,5300.0,1.0005305100882012
3178.0,44883.0,1.0
3178.0,49844.0,1.0010763625605257
3178.0,40562.0,1.0004848704421883
3178.0,50647.0,1.0
3178.0,41191.0,1.0002021866627024
3178.0,43096.0,1.0
3178.0,44331.0,1.0002131807151384
3178.0,44925.0,1.0
3181.0,3637.0,1.002758345049318
3194.0,4265.0,1.001899372797287
3194.0,3235.0,1.001151550988077
3194.0,3831.0,1.0
3206.0,3777.0,1.0022929148283046
3211.0,6905.0,1.0012725444203376
3312.0,2560.0,1.0028408511519278
3312.0,1091.0,1.002908234597311
3312.0,4037.0,1.001000641828517
3252.0,1955.0,1.0016712442044025
3288.0,3074.0,1.0012427685143066
3790.0,15791.0,1.0
3790.0,4501.0,1.0
3790.0,22002.0,1.0
3790.0,9971.0,1.0001096434996273
3790.0,30094.0,1.0
3790.0,8635.0,1.0
3790.0,7680.0,1.0010179077869146
3790.0,17572.0,1.0
3790.0,9278.0,1.0009331692707912
3790.0,5226.0,1.0
3790.0,10183.0,1.0002650382723792
3790.0,5622.0,1.0
3790.0,14856.0,1.0003120745272096
3790.0,10587.0,1.0
3790.0,22579.0,1.0
3790.0,26876.0,1.0001870309150251
3790.0,4753.0,1.0008681964308914
3790.0,5274.0,1.0013069172317182
3790.0,7797.0,1.0
3790.0,6353.0,1.0
3668.0,20304.0,1.002299677194377
3789.0,4740.0,1.0756800113091147
3677.0,45431.0,1.0016103812653527
3704.0,7670.0,1.0020752733730711
3727.0,4681.0,1.0019205188980331
3768.0,3360.0,1.0023678547936672
3776.0,965.0,1.0
10939.0,1244.0,1.0030845436781144
26157.0,27352.0,1.0024034970722682
