4.0,96.0,1.0011189917114363
4.0,2560.0,1.0023656565651458
25579.0,5003.0,1.06654682535914
25579.0,7652.0,1.0684638903656178
25579.0,8841.0,1.0671933658258885
25579.0,8904.0,1.0680967654169713
25579.0,9158.0,1.068341063550743
25579.0,4398.0,1.0681670224288526
25579.0,773.0,1.0665704643291287
25579.0,1367.0,1.0664060123865247
25579.0,2093.0,1.0665884327627086
25579.0,2274.0,1.0674999889328123
25579.0,2968.0,1.066713799969359
25579.0,3803.0,1.067413919218106
25579.0,9964.0,1.065814331939919
25579.0,12342.0,1.0679533670776407
25579.0,12373.0,1.066275417752741
25579.0,13822.0,1.0656134616105148
25579.0,14841.0,1.0649671410071724
25579.0,32076.0,1.0670337012944529
25579.0,32323.0,1.0670112335849586
25579.0,31567.0,1.0677974894359143
25579.0,31608.0,1.0681203599884748
25579.0,31708.0,1.0689218146080126
25579.0,31967.0,1.0674400326277864
25579.0,32015.0,1.0679413405059417
25579.0,31485.0,1.0660574974846841
25579.0,32694.0,1.067756774787607
25579.0,34693.0,1.0670877237343661
25579.0,34704.0,1.0666100355492225
25579.0,34743.0,1.0671105823438727
25579.0,34749.0,1.0659468142120772
25579.0,35190.0,1.0660614421444234
25579.0,35334.0,1.0665393522515658
25579.0,35365.0,1.0673437448740557
25579.0,35424.0,1.0676305732060374
25579.0,34644.0,1.0673973255391607
25579.0,34322.0,1.0675665782776278
25579.0,27530.0,1.0648645395985026
25579.0,27779.0,1.0683619982718104
25579.0,27794.0,1.0683461379767032
25579.0,27982.0,1.065998430327929
25579.0,27082.0,1.0696428552286494
25579.0,22208.0,1.0672411545605769
25579.0,23395.0,1.0677265478416669
25579.0,23757.0,1.0664233856797642
25579.0,23868.0,1.0657125478062004
25579.0,26712.0,1.0659109605717478
25579.0,31402.0,1.0670651233325223
25579.0,30816.0,1.0674602645207645
25579.0,30873.0,1.067843218870643
25579.0,30929.0,1.0673955427752098
25579.0,31026.0,1.0657990528376633
25579.0,31206.0,1.0664682037933524
25579.0,30078.0,1.0671579055267255
25579.0,30031.0,1.066992913993314
25579.0,28927.0,1.06669867623444
25579.0,28350.0,1.0665549871077185
25579.0,28382.0,1.0682169133464137
25579.0,28710.0,1.065803483404432
25579.0,28858.0,1.0675139816144483
25579.0,35569.0,1.0653877830624712
25579.0,40820.0,1.0681497388653278
25579.0,35637.0,1.0655144338844647
25579.0,37524.0,1.0661733935001327
25579.0,37709.0,1.0659749921381048
25579.0,36224.0,1.0664038973083667
25579.0,36251.0,1.0664676024679904
25579.0,37276.0,1.0657548493392086
25579.0,38749.0,1.0680102110944185
25579.0,39512.0,1.0671363880732216
25579.0,35624.0,1.0678618303611214
25579.0,37757.0,1.0653028312790205
25579.0,37811.0,1.0665952548081485
25579.0,37916.0,1.066538164296698
25579.0,38460.0,1.067779951856326
25579.0,38606.0,1.0673759496898472
25579.0,38283.0,1.0683689496075919
25579.0,37198.0,1.0672445623440137
25579.0,37286.0,1.0677121836427528
25579.0,37440.0,1.0669916406511708
25579.0,37603.0,1.068254243478772
25579.0,37666.0,1.0680062033436035
25579.0,39648.0,1.068490151629261
25579.0,39770.0,1.0690034965903077
25579.0,39420.0,1.0666411156814528
25579.0,38775.0,1.0679347488421325
25579.0,38921.0,1.0672815423613373
25579.0,39025.0,1.0668930662999243
25579.0,39063.0,1.0666506984896864
25579.0,39075.0,1.0684395393152923
25579.0,39429.0,1.0674591059323064
25579.0,37179.0,1.066130976460722
25579.0,36074.0,1.067445665088197
25579.0,36170.0,1.0668783150204482
25579.0,35968.0,1.0675136801495948
25579.0,35711.0,1.0689148794186922
25579.0,35791.0,1.0665652334488054
25579.0,35800.0,1.0679034916050865
25579.0,35848.0,1.0667993555087696
25579.0,35930.0,1.0662031688965792
25579.0,36282.0,1.0674870718580238
25579.0,36837.0,1.0680388285298643
25579.0,36957.0,1.0679136408263186
25579.0,37068.0,1.066261555377577
25579.0,37108.0,1.06682641909418
25579.0,37129.0,1.0659378505615613
25579.0,36327.0,1.066345402688039
25579.0,36355.0,1.0656264845306476
25579.0,36453.0,1.0670172779892528
25579.0,36513.0,1.0677145418355536
25579.0,36548.0,1.0663833854960574
25579.0,36635.0,1.0667011310164534
25579.0,49875.0,1.0662839289840929
25579.0,50540.0,1.0679478926689312
25579.0,48063.0,1.069394020228477
25579.0,45622.0,1.0674716324970954
25579.0,45834.0,1.0668769054229699
25579.0,45977.0,1.067214439044863
25579.0,47202.0,1.0680965086449188
25579.0,47374.0,1.0675116466617722
25579.0,47805.0,1.0666691076405452
25579.0,45317.0,1.067082036545077
25579.0,42192.0,1.0659793337951704
25579.0,42259.0,1.0661527484190396
25579.0,42352.0,1.0658589161722523
25579.0,42363.0,1.0670970550553593
25579.0,42416.0,1.066842853691372
25579.0,41832.0,1.0665397562013863
25579.0,41763.0,1.0664450697265961
25579.0,40602.0,1.0661375807598448
25579.0,40725.0,1.066046531428802
25579.0,40875.0,1.065533561744558
25579.0,40881.0,1.0680490448115199
25579.0,40925.0,1.0653775162270034
25579.0,41014.0,1.068924287657211
25579.0,41494.0,1.0669563857705917
25579.0,41736.0,1.0672538132937728
25579.0,42440.0,1.0673417344080331
25579.0,43672.0,1.0691556771163455
25579.0,44154.0,1.067769093301962
25579.0,44365.0,1.0666964319044427
25579.0,44901.0,1.0689376952622376
25579.0,45002.0,1.0670032754400856
25579.0,42997.0,1.0694481940102547
25579.0,43036.0,1.0662760853743594
25579.0,43274.0,1.066527005329226
25579.0,45363.0,1.0667857954480844
25375.0,41968.0,1.000750817429502
25394.0,26590.0,1.0001243010906222
25398.0,48525.0,1.0
25415.0,4956.0,1.0
25415.0,6923.0,1.0
25415.0,36176.0,1.0010527233721063
25415.0,44255.0,1.0002323791075944
25415.0,44319.0,1.0003574435599945
25415.0,45694.0,1.0
25415.0,45929.0,1.0006343140155167
25415.0,43496.0,1.0
25415.0,37593.0,1.0
25415.0,38250.0,1.000041760836084
25415.0,39334.0,1.0012586455403274
25415.0,39437.0,1.0
25415.0,41842.0,1.0
25120.0,27223.0,1.0009826652560436
25153.0,26486.0,1.0001993529691209
25206.0,40275.0,1.0003142747279217
25220.0,32418.0,1.0010575658496683
25281.0,26918.0,1.0
25359.0,28279.0,1.0030022296129681
25425.0,16419.0,1.002466244780284
22400.0,23681.0,1.0035021307167546
22400.0,23449.0,1.0018438373699141
22504.0,18951.0,1.0003196409459987
22504.0,32951.0,1.0000042476205153
22504.0,32957.0,1.0005351885075382
22504.0,45589.0,1.0001291219615176
22385.0,43150.0,1.0019092741253963
22385.0,32719.0,1.0004909511687403
22367.0,16234.0,1.0
22367.0,14090.0,1.0
22367.0,50294.0,1.0
22367.0,52191.0,1.000916379864022
22367.0,48395.0,1.0013992244982555
22367.0,36029.0,1.0027615161761885
22367.0,36594.0,1.0
22367.0,37266.0,1.0
22367.0,38290.0,1.0
22367.0,38491.0,1.0002143946764959
22367.0,39802.0,1.0020071970878799
22367.0,35783.0,1.0005749780779525
22367.0,35608.0,1.0
22367.0,34236.0,1.0
22367.0,34262.0,1.001226687892223
22367.0,34825.0,1.0
22367.0,34846.0,1.0007010089102588
22367.0,35153.0,1.0006728999910992
22367.0,35431.0,1.001176456729018
22367.0,35739.0,1.0
22367.0,46029.0,1.0
22367.0,47186.0,1.0
22367.0,47821.0,1.001911143581921
22367.0,47966.0,1.0005220210140726
22367.0,44662.0,1.0
22367.0,40494.0,1.0003272838446717
22367.0,40665.0,1.0
22367.0,40716.0,1.0008029293943088
22367.0,41000.0,1.0002695237392203
22367.0,41250.0,1.0
22367.0,32357.0,1.0007560883133677
22367.0,32298.0,1.000681494912112
22367.0,4923.0,1.0
22367.0,27758.0,1.0
22367.0,27918.0,1.0
22367.0,31319.0,1.0005909719388528
22367.0,31414.0,1.0
22367.0,31949.0,1.0
22367.0,26535.0,1.0
22367.0,26366.0,1.0
22367.0,7626.0,1.0005598905935904
22367.0,16122.0,1.0001182215345785
22367.0,20420.0,1.0
22682.0,40820.0,1.0020398341489536
22682.0,44051.0,1.0017750916319594
22733.0,23743.0,1.000362762652979
22733.0,24099.0,1.0002593000623576
22784.0,12476.0,1.0000533141731947
22806.0,26460.0,1.0
22522.0,36926.0,1.0
22522.0,40535.0,1.0016517279510995
22522.0,40900.0,1.000050392805753
22545.0,26370.0,1.0010118707938371
22624.0,23619.0,1.0
22879.0,44245.0,1.0034370245878887
23274.0,25262.0,1.0
23293.0,8520.0,1.0028488010164816
23481.0,47350.0,1.0030463465510022
23506.0,44100.0,1.0018584258512202
23506.0,45993.0,1.0002053033569782
23506.0,51944.0,1.0019718211349122
23149.0,52155.0,1.0022394804150485
23149.0,45017.0,1.0
23149.0,32459.0,1.0011582259952918
23149.0,44175.0,1.0017421582348371
23188.0,1333.0,1.0014918699704816
23188.0,44935.0,1.0015017003252369
23188.0,47933.0,1.0002396595112093
23203.0,36204.0,1.0040716888378836
23254.0,20860.0,1.0000355816160964
24765.0,26416.0,1.000503695334967
24937.0,25181.0,1.0024250675008428
24966.0,23943.0,1.0023583873985997
24987.0,26671.0,1.001847931029138
24991.0,26664.0,1.002168581855828
23523.0,2080.0,1.0007406603254259
23554.0,39276.0,1.0001231307283789
23580.0,9701.0,1.0021659755342207
24599.0,35152.0,1.0057580827119794
24645.0,43371.0,1.0012521936728058
24698.0,3430.0,1.000908694998394
23087.0,27572.0,1.0
23087.0,28505.0,1.0
23087.0,30234.0,1.0
23087.0,34481.0,1.0012064880241187
23087.0,14232.0,1.0
23087.0,15416.0,1.0
23087.0,44318.0,1.0
23087.0,35472.0,1.0
23087.0,40561.0,1.0012314256197659
23087.0,41804.0,1.0021799679865688
23087.0,41989.0,1.0
22916.0,7013.0,1.0013006599569585
22922.0,23849.0,1.002170364921374
22976.0,26494.0,1.0014804193088855
22976.0,27158.0,1.0007073799339687
23035.0,31388.0,1.0001096415223834
23059.0,25167.0,1.000904591174034
23067.0,23967.0,1.0033440398925573
26143.0,74.0,1.0026315056331683
26297.0,10490.0,1.0
26120.0,16763.0,1.0016207072807761
26088.0,31385.0,1.0061418333615022
26046.0,23175.0,1.000821938054062
25619.0,27726.0,1.0001768252472785
25659.0,29994.0,1.0030526653233918
25723.0,27861.0,1.0
25847.0,20313.0,1.0014860957207126
25868.0,27392.0,1.0038830213169254
26476.0,27940.0,1.0037811472510951
26648.0,30929.0,1.00043866469836
26648.0,31231.0,1.0
26648.0,25326.0,1.0001124659999092
26648.0,8376.0,1.0
26648.0,8886.0,1.0004286912630784
26648.0,9907.0,1.0007302351622074
26648.0,11220.0,1.000326371465106
26648.0,8048.0,1.001426044509811
26648.0,13945.0,1.0000069907950822
26648.0,30972.0,1.0
26648.0,31365.0,1.001141084403846
26648.0,30361.0,1.0000955165085335
26648.0,30389.0,1.0006455964669503
26648.0,30469.0,1.0
26648.0,30501.0,1.00204675378433
26648.0,30507.0,1.0013698194026164
26648.0,30522.0,1.0007947984116845
26648.0,30796.0,1.0
26648.0,34463.0,1.0017305829137726
26648.0,34494.0,1.0
26648.0,34513.0,1.0015222512397322
26648.0,35168.0,1.0013371972229288
26648.0,35178.0,1.0
26648.0,35991.0,1.0
26648.0,36017.0,1.0
26648.0,32706.0,1.001242780810066
26648.0,31896.0,1.0003179939944962
26648.0,32209.0,1.0004576534906382
26648.0,32423.0,1.000508319241209
26648.0,32469.0,1.0
26648.0,19495.0,1.0019060996256453
26648.0,19804.0,1.000485883070079
26648.0,21937.0,1.0
26648.0,23560.0,1.0010139665892541
26648.0,23799.0,1.0
26648.0,18586.0,1.0018734096589397
26648.0,14178.0,1.0
26648.0,14556.0,1.0
26648.0,18432.0,1.0
26648.0,28787.0,1.0
26648.0,28865.0,1.0001466891501203
26648.0,28909.0,1.0
26648.0,29984.0,1.0004843678652147
26648.0,30093.0,1.0
26648.0,30133.0,1.00141905003645
26648.0,28749.0,1.0
26648.0,27202.0,1.0001298045535774
26648.0,27814.0,1.0
26648.0,28179.0,1.0
26648.0,28415.0,1.0
26648.0,28601.0,1.0023010156767014
26648.0,37265.0,1.0004806867621954
26648.0,42905.0,1.0001063317984944
26536.0,38416.0,1.0032329711055759
26587.0,37284.0,1.00335013350733
25597.0,35889.0,1.0003446868318469
25597.0,38760.0,1.0
25597.0,39009.0,1.0
25597.0,39049.0,1.0
25597.0,39456.0,1.0009020542033462
25597.0,39512.0,1.0002575073233797
25597.0,37459.0,1.0
25597.0,37557.0,1.0
25597.0,37651.0,1.0007372436903759
25597.0,37802.0,1.0
25597.0,38015.0,1.0006148712919503
25597.0,46171.0,1.0
25597.0,47722.0,1.0
25597.0,47752.0,1.0006467245280548
25597.0,47839.0,1.0005221129565356
25597.0,48450.0,1.0016064615093594
25597.0,45576.0,1.0002104076340488
25597.0,45462.0,1.0010066239209492
25597.0,40312.0,1.0
25597.0,41270.0,1.0
25597.0,41908.0,1.0
25597.0,42946.0,1.0000783619713047
25597.0,37385.0,1.0008549482015847
25597.0,37309.0,1.0
25597.0,36535.0,1.0001149621937717
25597.0,14190.0,1.0
25597.0,31328.0,1.0
25597.0,31972.0,1.0
25597.0,32149.0,1.003260769456345
25597.0,34361.0,1.0009871123697065
25597.0,36288.0,1.0008280303696933
25597.0,36330.0,1.0
25597.0,36746.0,1.0006641699721057
25597.0,36797.0,1.0
25597.0,37221.0,1.0
25597.0,32805.0,1.00106599037156
25597.0,34863.0,1.0
25597.0,35336.0,1.0
25597.0,35680.0,1.0
25597.0,37329.0,1.0023465905305746
16777.0,47243.0,1.0024997633673347
16778.0,1367.0,1.0018641709873475
16852.0,22456.0,1.0025276136669223
16878.0,13910.0,1.001582601037708
16889.0,7119.0,1.0029062271242994
16894.0,28897.0,1.0004890998241114
16952.0,18943.0,1.0
16959.0,47449.0,1.0020071056155861
16965.0,6788.0,1.0023112862751953
16965.0,18950.0,1.001565835416749
16419.0,20473.0,1.0
16577.0,10461.0,1.0033181246008316
16672.0,14886.0,1.0
16700.0,19915.0,1.0
16700.0,22489.0,1.0
16711.0,18628.0,1.002236566670826
17218.0,19223.0,1.0022945460658415
17355.0,22068.0,1.0015298820908296
17358.0,7087.0,1.0
17358.0,19477.0,1.000871123614183
16968.0,13554.0,1.0004479993435487
16968.0,17608.0,1.0014035354310746
17044.0,18635.0,1.0031554647554368
17062.0,19042.0,1.00276107242647
17062.0,19044.0,1.0031176696660389
17070.0,9089.0,1.0031141262991776
15636.0,15538.0,1.0023855626471327
15649.0,8739.0,1.0006811626257224
15936.0,16920.0,1.0031285302840134
15949.0,18173.0,1.0029090419638789
15288.0,45893.0,1.0
15288.0,44879.0,1.0
15288.0,34888.0,1.0
15288.0,41755.0,1.0
15288.0,42400.0,1.0008206480063833
15288.0,4762.0,1.0
15288.0,17530.0,1.0
15288.0,18573.0,1.0000483732271523
15288.0,19625.0,1.0
15288.0,19784.0,1.0
15288.0,23504.0,1.0
15288.0,44876.0,1.0
15483.0,8420.0,1.0032170238047173
15574.0,17695.0,1.0028688150676803
15961.0,35213.0,1.0021251500424118
15977.0,28672.0,1.0
15977.0,52027.0,1.0
16282.0,20006.0,1.0
16201.0,38383.0,1.0020490341431962
16194.0,14683.0,1.005112921437333
16003.0,5268.0,1.0014223582890203
16003.0,19813.0,1.0028850530694375
17394.0,19298.0,1.0000890632980737
17494.0,19362.0,1.0
18322.0,5986.0,1.0025421619259247
18331.0,9663.0,1.0033004220431032
18335.0,18420.0,1.0001059311178548
18335.0,22170.0,1.0000579296342695
18335.0,34272.0,1.0015367413583176
18008.0,25280.0,1.0
18008.0,46071.0,1.0001119390889708
18008.0,19943.0,1.0004763185655514
18012.0,26947.0,1.0009365184204126
18381.0,45514.0,1.0
18404.0,15282.0,1.0015041071705724
18414.0,20001.0,1.0021683558088545
18450.0,20092.0,1.003288618435192
18519.0,6114.0,1.0014591551003762
17572.0,28230.0,1.0
17572.0,415.0,1.000190338237493
17572.0,16490.0,1.0013616038630353
17575.0,40278.0,1.0013613733005071
17590.0,19353.0,1.0039972462925506
17748.0,19974.0,1.0023081161051042
17811.0,44214.0,1.0020364646564124
17526.0,39327.0,1.0004236467246235
17546.0,20003.0,1.0018826454913083
17834.0,40207.0,1.001775672459712
17834.0,43009.0,1.0003964697300285
17948.0,20835.0,1.0011763889959036
17960.0,19776.0,1.0
17986.0,47525.0,1.002550988052692
17914.0,41380.0,1.0013364040779793
13949.0,16313.0,1.0
13967.0,16864.0,1.0
13967.0,27390.0,1.0003007386633598
13521.0,16198.0,1.003750678687344
13630.0,4972.0,1.0028165710827712
13995.0,34205.0,1.0
14160.0,16313.0,1.0
14205.0,15004.0,1.002501117176309
14436.0,16825.0,1.0005604317496832
14071.0,1959.0,1.0016052024565834
14002.0,8095.0,1.0
14002.0,22241.0,1.0017966511295242
14002.0,22770.0,1.0004062187002634
14008.0,16277.0,1.0019494962730198
14018.0,16479.0,1.0012926392897117
14064.0,10864.0,1.0
14114.0,6798.0,1.0019733251063203
11957.0,25249.0,1.0004314493421564
11957.0,15238.0,1.0015006781981268
11993.0,8080.0,1.0020733873670178
12033.0,15460.0,1.0020716234364824
12034.0,16096.0,1.000691726940977
13133.0,1990.0,1.002604757902239
11905.0,13652.0,1.0
11777.0,1770.0,1.0016909801779168
11795.0,14707.0,1.0058593091450325
11798.0,1367.0,1.0030569957925173
11849.0,13798.0,1.0013924049055194
11870.0,15445.0,1.0
13187.0,23513.0,1.0003423858676361
13418.0,18168.0,1.0
13464.0,23964.0,1.001729330314595
13464.0,26764.0,1.003317867582089
13190.0,4409.0,1.0006096262753654
13333.0,15278.0,1.0031016198072746
13388.0,10674.0,1.0040158840217215
15099.0,17422.0,1.0031362036561584
15118.0,8531.0,1.0015126984061355
15184.0,7477.0,1.0022401897321598
15184.0,50080.0,1.0
15249.0,14745.0,1.0018753629364623
15272.0,17584.0,1.0022887677273629
15040.0,16414.0,1.0014535113618692
14819.0,23757.0,1.0011960498997807
14911.0,2839.0,1.0
14912.0,8263.0,1.0002019858194902
14912.0,6180.0,1.0003444133889556
14765.0,18001.0,1.0002429776558486
14582.0,28446.0,1.0
14582.0,7209.0,1.0002764845778258
14582.0,23964.0,1.0010565963840876
14582.0,28907.0,1.0007755946638401
14582.0,31055.0,1.0008130967132591
14582.0,32720.0,1.0010885195846762
14582.0,34598.0,1.0
14582.0,27965.0,1.0
14582.0,27801.0,1.0003844940209123
14582.0,25123.0,1.0
14467.0,7287.0,1.0
14508.0,13720.0,1.0002929091407966
14740.0,17921.0,1.0003002890907584
14740.0,19845.0,1.0028012553262948
14749.0,17156.0,1.0011384274815156
14736.0,13976.0,1.000491201686319
14622.0,36099.0,1.0005394755013732
14651.0,19679.0,1.0
14696.0,42318.0,1.0020372705967546
18544.0,21969.0,1.0041081984733766
18604.0,22073.0,1.0
18604.0,39193.0,1.0
18604.0,26964.0,1.0011742919981763
18604.0,3435.0,1.0003007489217124
18604.0,22452.0,1.0
18604.0,22258.0,1.000213072621941
18604.0,9193.0,1.0011186446008686
18604.0,21905.0,1.0
18604.0,22086.0,1.0022219778537849
18604.0,22224.0,1.0
21289.0,40697.0,1.00020342617795
21289.0,47977.0,1.0
21289.0,50302.0,1.0001870938111512
21289.0,50324.0,1.0
21289.0,50460.0,1.0
21289.0,50724.0,1.0
21289.0,49877.0,1.0
21289.0,24055.0,1.0
21289.0,49805.0,1.0010121209608565
21224.0,19668.0,1.0011037302529948
21262.0,22463.0,1.0044269279067324
21297.0,48450.0,1.0022534692602647
21297.0,3348.0,1.0003712681781023
21297.0,19771.0,1.0
21297.0,28424.0,1.000013574106914
21297.0,48333.0,1.0018483000028655
21433.0,30753.0,1.0017840055370393
21433.0,30264.0,1.0016537050669791
21433.0,30231.0,1.0012851202395674
21433.0,26913.0,1.0001670684908939
21441.0,22412.0,1.001535047438716
21463.0,22632.0,1.0029433323518593
21494.0,22684.0,1.0027676544762456
21533.0,30983.0,1.0006345671002599
21331.0,22663.0,1.0017655858590775
20749.0,26782.0,1.0
20749.0,28314.0,1.0002834328982422
20749.0,30659.0,1.0
20749.0,31041.0,1.0
20749.0,31156.0,1.0
20749.0,27612.0,1.0004040572733157
20749.0,27822.0,1.0002365803854996
20749.0,27882.0,1.000732372642052
20749.0,27934.0,1.0
20749.0,28135.0,1.0
20749.0,29951.0,1.0005736946341572
20749.0,27536.0,1.0
20749.0,6738.0,1.0003044542346613
20749.0,8135.0,1.0
20749.0,27040.0,1.0006791357666842
20749.0,27123.0,1.0009670505886816
20749.0,27291.0,1.0
20749.0,27033.0,1.0
20749.0,22345.0,1.0
20749.0,27019.0,1.0009280906050597
20749.0,22525.0,1.0
20749.0,22555.0,1.0
20749.0,22630.0,1.0
20749.0,22735.0,1.0001438859847547
20749.0,22958.0,1.0005588891772714
20776.0,20389.0,1.0
20816.0,5057.0,1.0018235708887784
20874.0,22489.0,1.0
21537.0,22732.0,1.0013775845472597
21074.0,22020.0,1.003787374175614
21118.0,22606.0,1.001398020683815
21135.0,22347.0,1.001780083752884
21196.0,2153.0,1.0
21196.0,26450.0,1.0013586709839837
21208.0,17409.0,1.0004801143184958
21027.0,22607.0,1.0008213433717594
20901.0,22091.0,1.0041353323006073
20991.0,22890.0,1.0002066919427557
20991.0,23072.0,1.0010447139117644
21016.0,22411.0,1.0
21016.0,22464.0,1.0
21542.0,26918.0,1.0013510595838546
21543.0,25222.0,1.002120351784542
22247.0,8367.0,1.0
22247.0,49811.0,1.0
22247.0,44313.0,1.0001650185330881
22247.0,44354.0,1.0
22288.0,5480.0,1.001426502426871
22324.0,50544.0,1.0009520687913087
22324.0,52234.0,1.0000759538421593
22364.0,22476.0,1.0007724183223368
22224.0,15573.0,1.0009524770234972
21826.0,37520.0,1.0027459758766804
21862.0,22785.0,1.0038624767649582
21903.0,28667.0,1.0000026566073956
21907.0,38434.0,1.0025796748373044
21916.0,23004.0,1.0002478964053458
21930.0,47251.0,1.0016775935640523
21768.0,23078.0,1.0028121188835728
21570.0,22730.0,1.0025457593691733
21614.0,40098.0,1.003454997812123
21714.0,26372.0,1.0018056256794425
21963.0,36950.0,1.0001185091482627
21963.0,49844.0,1.0001131825418335
21963.0,32555.0,1.0008292948153812
21963.0,39300.0,1.000145631643597
21963.0,35729.0,1.0004932842407728
21963.0,36456.0,1.0000437657784405
21963.0,36883.0,1.0
21963.0,38107.0,1.0005810056988644
21976.0,31481.0,1.0017805726430842
22010.0,23095.0,1.0
22031.0,23111.0,1.0010796084828537
22157.0,3257.0,1.0023189956736773
22157.0,4217.0,1.0020574048368636
22188.0,32474.0,1.0
19250.0,1304.0,1.0
19250.0,16765.0,1.0
19250.0,7942.0,1.0
19250.0,8742.0,1.0
19250.0,13535.0,1.0
19250.0,14654.0,1.0
19250.0,16743.0,1.0
19250.0,17400.0,1.0
19250.0,2970.0,1.0017737550999564
19250.0,22384.0,1.0
19250.0,20523.0,1.001499563767564
19250.0,20767.0,1.0
19250.0,22017.0,1.0
19250.0,22029.0,1.0012119929178687
19114.0,23408.0,1.0025585857474377
19169.0,20459.0,1.0011192461759217
19183.0,31989.0,1.0
19183.0,23354.0,1.0005383370162413
19338.0,20649.0,1.0
19346.0,33135.0,1.0
19346.0,5109.0,1.000312475400679
19346.0,20831.0,1.0
19346.0,27769.0,1.0005569129330487
19346.0,32174.0,1.0
19346.0,52063.0,1.0
19085.0,20459.0,1.0022712788910373
19086.0,36704.0,1.0012379268637805
18646.0,52023.0,1.0031814476299379
18646.0,44652.0,1.0045351175406874
18880.0,20304.0,1.0015125337541075
18882.0,1319.0,1.0023033768908642
19054.0,20645.0,1.0009287821038204
18784.0,20276.0,1.0
18755.0,22395.0,1.0043991490469646
18704.0,20124.0,1.000544894967996
18704.0,14028.0,1.0018358011201418
18708.0,20216.0,1.0028380586494194
20701.0,37557.0,1.0
20701.0,35451.0,1.0
20701.0,37381.0,1.0004551794840886
20701.0,40117.0,1.0003133573946128
20701.0,43736.0,1.0004559295633761
20701.0,14147.0,1.0018704500602158
19631.0,45130.0,1.0022781976332051
20688.0,39998.0,1.002096723327376
20688.0,40585.0,1.0026839151991038
20695.0,27723.0,1.0011757272997908
20695.0,35028.0,1.00067355142288
20695.0,38031.0,1.0
19407.0,20767.0,1.0
19407.0,22394.0,1.000014481503177
19407.0,26656.0,1.0
19441.0,19762.0,1.0013829587727383
19393.0,14556.0,1.0
19504.0,20716.0,1.002259199320455
19552.0,19744.0,1.0009985320864196
19552.0,9268.0,1.000406678160445
19552.0,22145.0,1.0012543019259275
19552.0,20885.0,1.000954793711157
19552.0,22034.0,1.0
19552.0,22303.0,1.0
19552.0,22557.0,1.0017030200348738
19552.0,20588.0,1.0008977471941833
19552.0,19169.0,1.0012400036056217
19552.0,20632.0,1.00109822920925
19548.0,16784.0,1.0010406920057746
11771.0,16022.0,1.0
41728.0,47917.0,1.0
41728.0,41773.0,1.0
41728.0,19044.0,1.0009935873097808
41728.0,45380.0,1.0005852095385575
41728.0,51916.0,1.0
41728.0,40677.0,1.0000659707556225
41728.0,45463.0,1.0006377905096695
41728.0,45808.0,1.0001138241782876
41728.0,46097.0,1.0005738745028703
41728.0,46098.0,1.0006491579531382
41728.0,47184.0,1.0012609827566463
41728.0,47282.0,1.00032073356392
41728.0,47453.0,1.0
41728.0,44039.0,1.0
41728.0,44267.0,1.0
41728.0,47716.0,1.0
41728.0,48530.0,1.0
41728.0,48586.0,1.0
41728.0,50025.0,1.0014629115662055
41728.0,50044.0,1.0
41728.0,50047.0,1.0003431066435085
41728.0,35082.0,1.0
41728.0,35132.0,1.0
41728.0,40346.0,1.000603543944576
41728.0,13551.0,1.0001270666126494
41728.0,17718.0,1.0
41728.0,40444.0,1.0
41728.0,42255.0,1.0
41728.0,42705.0,1.0004653182903527
41728.0,43018.0,1.0
41728.0,40629.0,1.0
41728.0,41372.0,1.0005997108184956
41728.0,45479.0,1.000549238195603
41812.0,39398.0,1.0037302516699935
41815.0,5611.0,1.0003131509089327
41815.0,14581.0,1.0005740743638412
41815.0,47505.0,1.0002713790556248
41455.0,45298.0,1.0029729533337925
41486.0,19836.0,1.0006441565830289
41577.0,47854.0,1.0033901934245795
41577.0,44230.0,1.00385020504453
41587.0,39235.0,1.0
43527.0,45264.0,1.1818837380164882
43563.0,41562.0,1.0012540075755256
43563.0,47560.0,1.000443929485998
43603.0,47305.0,1.0003127228694009
43603.0,42268.0,1.0
43603.0,40881.0,1.0009659983316128
43603.0,43779.0,1.0
43603.0,40898.0,1.0
43603.0,40983.0,1.0009185945558956
43603.0,41066.0,1.0025373310795984
43603.0,41214.0,1.0025284780165515
43603.0,41401.0,1.0
43603.0,41422.0,1.000138615486618
43603.0,44977.0,1.0
43512.0,40431.0,1.0021563788940018
43509.0,3486.0,1.0034778165488663
43242.0,35190.0,1.0001245553126585
43242.0,38629.0,1.0003966826365025
43268.0,42600.0,1.0014180611868033
43293.0,40270.0,1.000650225726508
43852.0,42132.0,1.0025616679409002
43898.0,20347.0,1.004367471845593
41916.0,49969.0,1.0002101237428467
41916.0,50591.0,1.0
41916.0,15609.0,1.0
41916.0,40107.0,1.0007399015151928
41965.0,39437.0,1.0035830599443738
41985.0,39495.0,1.0041382446352765
42326.0,39630.0,1.000990096981991
42348.0,765.0,1.0
42448.0,39752.0,1.001856948357306
41882.0,52234.0,1.0023956795617712
43058.0,40096.0,1.0011902989182626
43133.0,38529.0,1.0
43182.0,35883.0,1.000219026748101
42661.0,27662.0,1.0018514921766017
42706.0,42515.0,1.0010684906943057
42780.0,39016.0,1.0014974690642182
39204.0,37566.0,1.0022401373233367
39225.0,37613.0,1.0016360984718704
39309.0,40397.0,1.0023690016170825
39185.0,30147.0,1.000952878923595
39375.0,39138.0,1.0004090054779602
39402.0,36038.0,1.000773829483134
39100.0,43057.0,1.0007477401046683
38979.0,41870.0,1.0014053334127535
38979.0,26988.0,1.0013888665587962
39009.0,46016.0,1.0007618187991592
39408.0,38088.0,1.0033218556213253
39592.0,52229.0,1.0035858585988557
39663.0,39149.0,1.0001576715254308
38970.0,37388.0,1.0023433569610392
39459.0,42515.0,1.0
39459.0,42169.0,1.0
39479.0,37796.0,1.0014423253809208
38429.0,34370.0,1.0
38429.0,40672.0,1.0001209457513147
38429.0,39288.0,1.0
38429.0,39822.0,1.0
38429.0,40947.0,1.0005506253328427
38429.0,38871.0,1.0
38429.0,40970.0,1.0002853729581511
38429.0,25207.0,1.0
38429.0,38008.0,1.0
38429.0,38196.0,1.0014894894026185
38429.0,38425.0,1.0007952202344699
38429.0,38501.0,1.0001337357292615
38429.0,38670.0,1.0
38429.0,41512.0,1.0002962732403387
38429.0,42354.0,1.0002455775062062
38429.0,43587.0,1.000910840358866
38429.0,43688.0,1.0011699966736964
38403.0,50364.0,1.0
39683.0,43198.0,1.0017768058876022
38771.0,35977.0,1.0025311265214987
38786.0,37269.0,1.0023620614648918
38511.0,19022.0,1.0023687011985107
40542.0,38520.0,1.0012922769644776
40775.0,38645.0,1.001157778490752
40806.0,38951.0,1.0005085250852146
40287.0,3246.0,1.0
40121.0,38191.0,1.0029380265366228
40122.0,47821.0,1.0022609509119433
40122.0,47176.0,1.0
40122.0,45631.0,1.0014103622073416
40235.0,32926.0,1.0023450776542195
40846.0,39053.0,1.0
40846.0,4146.0,1.0013520407189436
40846.0,41524.0,1.0
41053.0,41434.0,1.001528670638541
41194.0,14255.0,1.0007259353237645
40963.0,38423.0,1.0029444559506766
40963.0,13896.0,1.0017284751466082
40916.0,42653.0,1.0
40916.0,48031.0,1.0
40916.0,44941.0,1.0
39975.0,38088.0,1.0045543455135202
39774.0,42495.0,1.0
39774.0,47395.0,1.0
39774.0,47405.0,1.0017410298403993
39774.0,37989.0,1.0
39774.0,38080.0,1.0017851786351495
39774.0,41285.0,1.0003145969153246
39774.0,48399.0,1.0
39774.0,47487.0,1.0
39774.0,47640.0,1.0005628919975802
39774.0,48245.0,1.0003267081787877
39844.0,39028.0,1.0033477393239474
39853.0,38716.0,1.000017187448197
39853.0,47605.0,1.0005919760392668
52399.0,48378.0,1.0012217086224657
52399.0,45838.0,1.0023952398779081
52410.0,45249.0,1.0012342736972328
52413.0,50364.0,1.0
52482.0,45329.0,1.0018119887665415
52503.0,45353.0,1.0023224523933962
52183.0,47927.0,1.1019096576401914
52183.0,45603.0,1.1005360605679722
53272.0,52134.0,1.0005063160691947
53415.0,28010.0,1.000588026738819
52703.0,45668.0,1.0021506020352464
53054.0,50728.0,1.0018074575821112
53054.0,51852.0,1.0026512896142328
53054.0,51864.0,1.0009982741490508
52086.0,47505.0,1.0002922635441196
50189.0,1851.0,1.0007964538738008
50277.0,44684.0,1.0020296903115942
50315.0,44245.0,1.002778812255046
50315.0,44551.0,1.002416674767962
50566.0,39189.0,1.0034387296523106
48453.0,40084.0,1.000820106312257
48566.0,43742.0,1.003088506058317
48703.0,43805.0,1.003268978393456
48813.0,22970.0,1.0022514203743143
49874.0,45993.0,1.0
50602.0,45426.0,1.0
50794.0,43910.0,1.0005040981164999
50830.0,231.0,1.0018010514631357
50875.0,9144.0,1.0022781310593387
50615.0,44525.0,1.0007107508671975
50680.0,14134.0,1.0019650119240564
50765.0,44687.0,1.0022608581500936
58219.0,45878.0,1.0012919295437632
58664.0,51998.0,1.0
58675.0,15253.0,1.001118505894407
58675.0,50551.0,1.0012623692296998
58675.0,35185.0,1.001138039533972
58675.0,50500.0,1.0014209017460949
57213.0,48517.0,1.0018995235973864
57213.0,28770.0,1.0014858232649662
57250.0,48530.0,1.0023475045592134
57538.0,50385.0,1.0007816378572187
57647.0,49782.0,1.0
59737.0,52232.0,1.0033370075872725
59921.0,51973.0,1.0011096795676664
60062.0,4996.0,1.001777002285702
60082.0,35204.0,1.002561063761871
60322.0,52177.0,1.0049352654987853
59625.0,3571.0,1.001502242211112
59559.0,45808.0,1.0022046309136228
58856.0,12494.0,1.002801705637711
59026.0,42638.0,1.0023270687799473
59131.0,42641.0,1.0002725248761162
59550.0,52058.0,1.002920160996088
57202.0,51934.0,1.0
57202.0,52036.0,1.002298433322153
57202.0,51910.0,1.002595858701399
57202.0,49823.0,1.0016554363054022
57202.0,50070.0,1.0040408405663532
55457.0,48409.0,1.0015490505768203
55495.0,47475.0,1.0
55499.0,46056.0,1.0004083854273058
55499.0,46129.0,1.0010057761884048
55598.0,48409.0,1.0014185071149888
55806.0,47453.0,1.0003572448326719
55839.0,47627.0,1.0024846309720048
55215.0,47294.0,1.0018880934315648
53506.0,38915.0,1.0027439674000087
53771.0,10625.0,1.00048545607644
53859.0,46083.0,1.0009663974055552
56765.0,48204.0,1.0002564358314776
56809.0,44719.0,1.0033926962924316
56885.0,10875.0,1.0022823705395734
56936.0,40347.0,1.0021727097969415
57017.0,48397.0,1.0015649931336277
57055.0,50445.0,1.0
56104.0,47809.0,1.003556449594249
56156.0,50713.0,1.0028912031841826
56297.0,47933.0,1.0025398609008216
45957.0,41945.0,1.0019662477474802
46077.0,15951.0,1.0
46077.0,7334.0,1.0006510024401125
46077.0,42414.0,1.001054415320056
46077.0,43399.0,1.0
45501.0,47873.0,1.0022950609927015
45661.0,43482.0,1.0020507796063234
45719.0,44142.0,1.0
46142.0,42050.0,1.0005633189483794
46152.0,42063.0,1.0
46182.0,42268.0,1.0
46182.0,45833.0,1.0
46223.0,43917.0,1.0011769589202508
46288.0,50373.0,1.0014914071398477
46124.0,43878.0,1.003050150025683
46093.0,45717.0,1.0027331373005173
46093.0,48509.0,1.001390510877305
44268.0,40950.0,1.0012606965485065
44268.0,42733.0,1.0010229395817962
44268.0,36901.0,1.001723647172831
44274.0,40943.0,1.0005830152571322
44609.0,41040.0,1.0036307692726594
44705.0,41093.0,1.0032184901688241
44206.0,42627.0,1.0014954564536809
43981.0,40716.0,1.004082632258785
43981.0,41833.0,1.0031236098212002
44152.0,51852.0,1.0015092473873526
44152.0,42077.0,1.0002114346511497
44152.0,48348.0,1.0000753188258986
44155.0,40790.0,1.0024163210297898
45112.0,41361.0,1.0028172643286366
45121.0,46023.0,1.0014417566745044
45173.0,41361.0,1.0016536191435215
45178.0,41245.0,1.0
45281.0,44376.0,1.0020607368056333
45049.0,7494.0,1.0021383522610838
44762.0,41824.0,1.0
44787.0,18080.0,1.001917879490481
44999.0,41271.0,1.0019450527713443
45037.0,41292.0,1.0022714167557198
46320.0,40681.0,1.000218333988509
48036.0,50732.0,1.0015951053702674
48234.0,43482.0,1.002992144805109
48266.0,43993.0,1.023782678814686
48266.0,52003.0,1.0247453851240917
48266.0,8407.0,1.0242324921059625
48266.0,28210.0,1.0223000049881033
48266.0,34773.0,1.0247284963285124
48266.0,41559.0,1.0241970639654914
48266.0,44071.0,1.0234668135336655
47435.0,51876.0,1.0008618190144893
47445.0,50629.0,1.0026198423058834
47189.0,6010.0,1.002140419961825
46498.0,42436.0,1.0
46498.0,42588.0,1.0007158048786173
46756.0,38290.0,1.0003923345468289
46385.0,41234.0,1.0
46389.0,28696.0,1.0012578725913237
46433.0,9081.0,1.0002448012140808
46433.0,48559.0,1.0
46435.0,19914.0,1.0
47045.0,42749.0,1.0014611209678865
47069.0,45738.0,1.0
47018.0,37352.0,1.000397292206105
46917.0,50364.0,1.0014299951720782
46796.0,44903.0,1.0
46796.0,42630.0,1.000484392999941
46796.0,43955.0,1.0
46856.0,5537.0,1.002500110637999
46867.0,10707.0,1.0031304406525723
46916.0,42660.0,1.00103641668715
30536.0,31333.0,1.0014810887709358
30596.0,43914.0,1.0
30596.0,39276.0,1.0
30596.0,36710.0,1.0
30596.0,40687.0,1.0
30596.0,44499.0,1.0
30596.0,38696.0,1.0
30596.0,15344.0,1.0
30596.0,34403.0,1.0
30596.0,34516.0,1.0
30596.0,35234.0,1.0
30596.0,43550.0,1.0
30596.0,40936.0,1.0
30596.0,40481.0,1.0
30596.0,36658.0,1.0
30596.0,37428.0,1.0
30307.0,23395.0,1.002322620484893
30307.0,42662.0,1.0019932037277148
30307.0,40438.0,1.0
30350.0,50105.0,1.0
29579.0,48557.0,1.0
29579.0,7340.0,1.0
29579.0,45770.0,1.0
29579.0,41065.0,1.0
29579.0,47227.0,1.0
29579.0,41089.0,1.0011972083110507
29579.0,40156.0,1.0
29579.0,45715.0,1.0
29579.0,46056.0,1.0
29579.0,43592.0,1.0
29579.0,50023.0,1.0
29579.0,27590.0,1.0
29579.0,43736.0,1.0
29579.0,14181.0,1.0
29579.0,47238.0,1.000003807599062
29579.0,39752.0,1.00019225011386
29579.0,31822.0,1.0
29579.0,47220.0,1.0
29579.0,50092.0,1.0011351980017698
29579.0,40079.0,1.0
29579.0,40113.0,1.0
29579.0,47758.0,1.0005451803559027
29579.0,51973.0,1.0
29579.0,43910.0,1.0
29579.0,46023.0,1.0
29579.0,45759.0,1.0010084265055488
29579.0,47355.0,1.0
29579.0,43973.0,1.0
29579.0,52168.0,1.0
29579.0,50231.0,1.0
29579.0,50326.0,1.0009245853481965
29579.0,50380.0,1.000573512882364
29579.0,51830.0,1.0
29579.0,41595.0,1.0000907640614516
29579.0,41959.0,1.0
29579.0,8790.0,1.0003973978592617
29579.0,39711.0,1.000168860708598
29579.0,46112.0,1.0
29579.0,47201.0,1.0
29579.0,45343.0,1.0
29579.0,48611.0,1.0003175537408577
29579.0,49655.0,1.0001574960841533
29579.0,47632.0,1.0
29579.0,47681.0,1.0
29579.0,50112.0,1.0
29579.0,41080.0,1.0
29579.0,40460.0,1.0
29579.0,39922.0,1.0
29579.0,40146.0,1.0001356267457182
29579.0,40152.0,1.0012932889036734
29579.0,40168.0,1.0
29579.0,40367.0,1.0
29579.0,40443.0,1.0
29579.0,43747.0,1.0
29579.0,44681.0,1.0
29579.0,41659.0,1.0
29579.0,41741.0,1.0
29579.0,41860.0,1.000131971146901
29921.0,16568.0,1.0029851634978966
30066.0,32092.0,1.0
30092.0,30953.0,1.0
30705.0,31349.0,1.0008442911796767
31941.0,32283.0,1.001569394013993
31982.0,26907.0,1.003822004531422
31988.0,38533.0,1.0003716681403836
31988.0,48521.0,1.000188429774448
31988.0,37230.0,1.0
31988.0,43525.0,1.0
31721.0,35390.0,1.0032271240239126
31316.0,32250.0,1.0004062521073516
31416.0,31831.0,1.0036478266905389
31570.0,19373.0,1.000621308114568
32040.0,32358.0,1.0034425643746256
32064.0,39600.0,1.0125969973081819
32064.0,38126.0,1.0098716861215293
32064.0,38386.0,1.0132183940714656
32064.0,44703.0,1.011194678293333
32064.0,45162.0,1.0109797895717736
32064.0,47815.0,1.0123349550370877
32064.0,47951.0,1.0112203051096849
32064.0,51866.0,1.013127008291831
32064.0,45321.0,1.0128266970954003
32007.0,28422.0,1.001530860166071
31229.0,51936.0,1.1584884743125996
30819.0,42662.0,1.000555823640639
30819.0,32326.0,1.0
30819.0,35764.0,1.0
30819.0,42192.0,1.0
30819.0,20003.0,1.0012662285513274
30819.0,31534.0,1.0
30819.0,41640.0,1.0
30819.0,10707.0,1.0
30819.0,32247.0,1.0019835197825397
30819.0,34714.0,1.0
30819.0,39397.0,1.0
30819.0,2330.0,1.0
30819.0,49752.0,1.000459690621895
30819.0,44933.0,1.0004924962616455
30819.0,45290.0,1.0012486758860375
30819.0,48219.0,1.0009556726719315
30736.0,4309.0,1.0012302973508882
30759.0,36837.0,1.0019204541210665
30759.0,35955.0,1.0
31004.0,33110.0,1.0032468163239279
31004.0,34982.0,1.0030474704570944
31029.0,39258.0,1.001965070393927
31124.0,31602.0,1.0010192128943676
31155.0,31665.0,1.0
31186.0,27536.0,1.002166424759412
30909.0,31521.0,1.0014260714318242
29059.0,35576.0,1.0004589707077103
28929.0,44609.0,1.001742923925499
28929.0,26784.0,1.0027211087543364
28929.0,30013.0,1.002391847219061
29073.0,50518.0,1.0004058588723101
28618.0,18161.0,1.0006120201896478
28658.0,28850.0,1.0030641537001577
28658.0,40844.0,1.0032302123514323
28602.0,30400.0,1.0046360133474588
29536.0,30788.0,1.0016291303616998
29536.0,30925.0,1.0
29536.0,30759.0,1.0014291817601322
29276.0,30339.0,1.0034474768618893
29398.0,37132.0,1.001100336403901
26721.0,3093.0,1.0013948457316983
26789.0,38421.0,1.0
26875.0,36557.0,1.0016357965723461
26662.0,28153.0,1.0026144782798412
27284.0,40900.0,1.001269033882001
27366.0,28596.0,1.002957573410846
28495.0,39800.0,1.0033059722189197
28497.0,37198.0,1.0036657472210264
28555.0,33127.0,1.0029636702866662
26931.0,24044.0,1.0008570485384969
26944.0,42268.0,1.0017136845247503
27004.0,28406.0,1.0038930600332334
36893.0,35977.0,1.0018379231132564
37186.0,36196.0,1.0002309792884838
37236.0,50772.0,1.0
37236.0,39295.0,1.0008035558111563
37236.0,44039.0,1.0
37236.0,44117.0,1.0002764485085212
37236.0,43588.0,1.0
37236.0,42248.0,1.0004326549824107
37236.0,42053.0,1.0001439056682924
37236.0,42343.0,1.0003889700123556
37236.0,40837.0,1.0
37236.0,35054.0,1.0001997466151378
37236.0,36683.0,1.0005112632533513
37236.0,42640.0,1.0
37236.0,42783.0,1.0014308963232081
37236.0,50201.0,1.0
37236.0,51821.0,1.0
37236.0,43171.0,1.0007910400181461
37236.0,47867.0,1.0
36637.0,37632.0,1.000562453096357
36637.0,40808.0,1.0003478700957558
36637.0,45448.0,1.0
36637.0,51980.0,1.0018650059536627
36637.0,42940.0,1.001593288255959
36637.0,9418.0,1.002813096666993
36637.0,10092.0,1.002244393102327
36823.0,38227.0,1.0007600713650098
36840.0,35912.0,1.0007345465159345
36211.0,35466.0,1.0023991052726462
36257.0,40712.0,1.0013541892037134
36308.0,37503.0,1.0
36308.0,39429.0,1.000500005655298
36308.0,40098.0,1.0000127847407316
36308.0,40256.0,1.0
36308.0,40383.0,1.0013689730939257
36308.0,36907.0,1.0
36308.0,37069.0,1.0002174849621028
36308.0,38818.0,1.0
36308.0,39459.0,1.0008423184537194
36308.0,39967.0,1.0002785256377313
36129.0,22722.0,1.0009407970008761
36129.0,35482.0,1.0014243655295825
35925.0,36178.0,1.000221927764549
35987.0,35288.0,1.0037544076369398
36411.0,38346.0,1.0003283585573626
36415.0,40567.0,1.0037713773210828
36485.0,35464.0,1.0023513695058928
37937.0,38024.0,1.0
37939.0,43742.0,1.0002503776012366
37939.0,47272.0,1.0016800253309188
37939.0,40168.0,1.000292699223106
37939.0,8761.0,1.0
37939.0,20180.0,1.0003749716746249
37939.0,38300.0,1.0006523115675197
37939.0,39039.0,1.0009054025986612
37766.0,38921.0,1.000763534200963
37766.0,39216.0,1.0
37766.0,47347.0,1.001578901160446
38256.0,10022.0,1.0031811191497297
38335.0,36965.0,1.00153629397901
38337.0,48409.0,1.0021384736285535
38338.0,23618.0,1.0025113865987332
38251.0,40624.0,1.0023196906638083
38044.0,37198.0,1.0039481159910983
38044.0,38750.0,1.0033107693841672
38063.0,36812.0,1.0002571017320558
38150.0,36836.0,1.001749478192538
37591.0,37780.0,1.0008563493519622
37277.0,35096.0,1.0032585008413983
37295.0,50518.0,1.0012918509783317
37325.0,40191.0,1.0003569022982461
37325.0,45000.0,1.0
37325.0,44056.0,1.0005610355541181
37325.0,42389.0,1.0
37325.0,39707.0,1.000723194895325
37325.0,40737.0,1.000903435441337
37405.0,141.0,1.0
37447.0,2094.0,1.0
37541.0,36461.0,1.0006828751251555
37582.0,46145.0,1.0008147360222104
37582.0,49772.0,1.0
35826.0,35171.0,1.0009738774344445
32459.0,39042.0,1.0
32459.0,30860.0,1.0
32459.0,35502.0,1.0
32459.0,35506.0,1.0
32459.0,36697.0,1.0
32299.0,40925.0,1.0
32299.0,50166.0,1.001420343153929
32299.0,42086.0,1.0
32299.0,43111.0,1.0010813109467274
32299.0,43130.0,1.0011095909346905
32299.0,41987.0,1.0012899704464142
32299.0,5205.0,1.0008216067354094
32299.0,7449.0,1.0008599709116666
32299.0,17324.0,1.0
32299.0,18871.0,1.0
32306.0,43039.0,1.0000895876099056
32630.0,41945.0,1.0014870150636288
32670.0,10327.0,1.0
32731.0,32836.0,1.005727782241147
32789.0,48440.0,1.0015066738696887
32491.0,37566.0,1.0
32497.0,43427.0,1.0013829243525836
32214.0,32929.0,1.003384032091684
32262.0,34433.0,1.0036453304228414
32262.0,36312.0,1.0035433680920833
32201.0,15609.0,1.0
32172.0,32509.0,1.0
32126.0,32474.0,1.0
32132.0,32384.0,1.001894544982485
35397.0,39352.0,1.0025811587013072
35633.0,36652.0,1.000704227292614
35123.0,23682.0,1.001286796057967
35144.0,18434.0,1.0007972256844575
35319.0,16223.0,1.0005443935540643
35386.0,38227.0,1.0015520018158182
35731.0,42084.0,1.0006122745502235
35731.0,37663.0,1.0005077310146204
35731.0,35317.0,1.001383200707443
35731.0,36317.0,1.0
35017.0,44150.0,1.0023158766585916
34385.0,35596.0,1.0
34385.0,35060.0,1.0004404901362192
34424.0,50182.0,1.0015602956869438
34476.0,2904.0,1.0028101383413974
34550.0,38191.0,1.0021169525647553
33169.0,40348.0,1.0034907891701148
34588.0,52258.0,1.0000881661596346
34705.0,38764.0,1.0010064499701883
34600.0,20660.0,1.0
34611.0,44098.0,1.003766673109316
11702.0,15165.0,1.0036773488127515
11686.0,38976.0,1.0000518605310653
11686.0,39032.0,1.0001691550606986
11686.0,42169.0,1.0001394050173664
11686.0,38228.0,1.0
454.0,1319.0,1.0
454.0,1059.0,1.000186305365393
454.0,1118.0,1.0
454.0,1920.0,1.0001628178746202
454.0,2439.0,1.0005097132201504
454.0,4580.0,1.0
454.0,5256.0,1.0005481165064265
454.0,5701.0,1.0
454.0,6466.0,1.0
454.0,6474.0,1.0
454.0,6479.0,1.0
454.0,6595.0,1.0001072253799668
454.0,2982.0,1.0011321603843664
454.0,3253.0,1.0001438572456556
454.0,10801.0,1.0011396377132276
454.0,13898.0,1.0
454.0,10366.0,1.0008717306026964
454.0,7885.0,1.0016498990273206
454.0,7912.0,1.0009693816354173
454.0,8001.0,1.000935706421573
454.0,8380.0,1.0
454.0,8881.0,1.0013613232320893
454.0,9220.0,1.0001261202166172
454.0,9973.0,1.0
454.0,1653.0,1.0007897700426884
454.0,1805.0,1.0002813092418852
454.0,2314.0,1.0
454.0,2342.0,1.0020899443921607
454.0,2485.0,1.0
454.0,2495.0,1.0008070754221627
454.0,1652.0,1.001365159005716
454.0,1566.0,1.0011621746794679
466.0,1744.0,1.0002790696878534
482.0,6389.0,1.0000480904989602
396.0,447.0,1.0015510507479621
412.0,733.0,1.000152098794099
417.0,2938.0,1.0021138512805168
427.0,5385.0,1.00296967161462
427.0,11035.0,1.0025181517969026
432.0,598.0,1.0004267497346009
432.0,57.0,1.0
386.0,2968.0,1.000017783264522
386.0,13606.0,1.0007887432672529
386.0,1669.0,1.0000665359457006
386.0,377.0,1.0
386.0,10702.0,1.0022928359300296
386.0,9621.0,1.0
386.0,6187.0,1.0
386.0,9266.0,1.0
386.0,9004.0,1.000784913767069
386.0,2799.0,1.0
386.0,717.0,1.0
386.0,743.0,1.0021545562133776
386.0,796.0,1.0007455405644292
386.0,979.0,1.0011852584527934
386.0,4271.0,1.0016075297961025
386.0,6555.0,1.0017159066692747
386.0,6562.0,1.0008711108201356
386.0,7589.0,1.0
386.0,7722.0,1.0
386.0,7998.0,1.0009687922320172
386.0,6139.0,1.0005496472905164
386.0,5881.0,1.0
386.0,617.0,1.0
486.0,569.0,1.0
486.0,3451.0,1.0
486.0,1374.0,1.000291111329369
486.0,1438.0,1.0002012908790552
486.0,2417.0,1.0
619.0,5133.0,1.0
619.0,5321.0,1.0015786882793845
619.0,9030.0,1.00044619836363
619.0,10996.0,1.0
619.0,14129.0,1.000109382313477
619.0,15052.0,1.000044274972633
619.0,2829.0,1.0014399755161303
604.0,10974.0,1.000853156289501
612.0,4135.0,1.0009144424867706
612.0,2314.0,1.0008035810799385
637.0,19521.0,1.0006534224695274
641.0,2934.0,1.0008927021148033
646.0,13777.0,1.002774140212757
657.0,2231.0,1.0032711731681714
657.0,2523.0,1.0013895039109553
631.0,598.0,1.0
631.0,1613.0,1.0017639551397766
631.0,2334.0,1.0004898174960692
631.0,7121.0,1.0004008802149045
627.0,4681.0,1.0021096992377456
599.0,1246.0,1.0015504003131752
496.0,2578.0,1.0023319455407624
525.0,34409.0,1.0002388326942666
525.0,45591.0,1.0
525.0,19914.0,1.0
525.0,46107.0,1.000521064277728
553.0,40718.0,1.0000984380891849
553.0,19408.0,1.0003746236160853
553.0,3544.0,1.0004190456673867
530.0,575.0,1.0018003970576745
530.0,1038.0,1.0034992410135626
530.0,1508.0,1.0029341277680084
549.0,3748.0,1.001838932253407
212.0,1499.0,1.0002501366386594
212.0,944.0,1.001010873180252
238.0,2667.0,1.0030871988127577
238.0,5993.0,1.0008048240608838
238.0,6035.0,1.000236207789238
238.0,9045.0,1.0022314372824468
246.0,2150.0,1.0046216440666975
249.0,1311.0,1.0
249.0,4574.0,1.0006750528377069
249.0,6828.0,1.0010102817699662
263.0,1384.0,1.0001465717006381
263.0,546.0,1.0
263.0,51878.0,1.0017073793587792
263.0,3316.0,1.1483715418402203
263.0,7739.0,1.0
196.0,10041.0,1.000717267414507
196.0,17047.0,1.0002159254678353
196.0,24100.0,1.0
196.0,31338.0,1.0
196.0,34902.0,1.0002956314047193
196.0,51841.0,1.000799623146022
196.0,136.0,1.0006735257945292
196.0,23667.0,1.000799312289965
196.0,6218.0,1.0
196.0,6647.0,1.0
196.0,9792.0,1.0007631816345113
196.0,12463.0,1.000829633980598
196.0,4265.0,1.0002165119205153
196.0,504.0,1.0
196.0,2322.0,1.000571054588491
196.0,2458.0,1.0
273.0,4165.0,1.0
279.0,6386.0,1.002689247918975
293.0,136.0,1.0014243044457953
294.0,1244.0,1.0018303527942434
300.0,4156.0,1.0024824601230327
188.0,453.0,1.000798530637694
188.0,1039.0,1.0
188.0,88.0,1.0
190.0,460.0,1.0
165.0,27056.0,1.0
165.0,32622.0,1.0
165.0,44903.0,1.0
165.0,40602.0,1.0
165.0,36609.0,1.0
165.0,8905.0,1.0
165.0,20318.0,1.0
165.0,37554.0,1.0014811281311122
165.0,8017.0,1.0010464311337182
165.0,48523.0,1.0
165.0,50037.0,1.0
165.0,50511.0,1.0
165.0,4740.0,1.1109102818602463
165.0,10555.0,1.0006347612303963
165.0,16194.0,1.000997025149294
165.0,17684.0,1.002089950975707
165.0,19693.0,1.0
165.0,20621.0,1.0019240029589886
165.0,27877.0,1.0
165.0,37967.0,1.001144419839824
165.0,43189.0,1.0
165.0,28560.0,1.0004166969928987
165.0,30868.0,1.0002386884179788
165.0,31078.0,1.0004467054490496
165.0,31103.0,1.001630614124708
165.0,32023.0,1.0009992122232216
165.0,32808.0,1.0
165.0,4139.0,1.0
165.0,8472.0,1.0
165.0,8936.0,1.0
165.0,6375.0,1.000696843597776
185.0,361.0,1.0012854455135838
187.0,399.0,1.0017668428509057
342.0,450.0,1.001238881596594
342.0,1783.0,1.0019100591846102
342.0,16104.0,1.0
349.0,570.0,1.0
349.0,7060.0,1.000592519092801
349.0,7285.0,1.0020809751593278
349.0,7454.0,1.00186557557423
373.0,981.0,1.0000674012898254
374.0,4124.0,1.0
374.0,5575.0,1.0
374.0,8902.0,1.001115712135642
374.0,10619.0,1.0
374.0,5519.0,1.0011652145773422
374.0,3411.0,1.0
374.0,3798.0,1.0
374.0,4081.0,1.0004686312743438
374.0,4133.0,1.0
334.0,1852.0,1.0
328.0,1624.0,1.1359062784528935
328.0,1384.0,1.0005094737668279
328.0,1255.0,1.0017672956523513
328.0,3364.0,1.0
661.0,2644.0,1.0010005675112323
661.0,2203.0,1.001457591829499
1081.0,1569.0,1.0010572362533134
1094.0,4561.0,1.000200823512371
1110.0,1444.0,1.0010110343132945
1110.0,1338.0,1.0
1110.0,1417.0,1.0010412027755
1111.0,38770.0,1.000614394158583
1073.0,8329.0,1.0015056391513497
1063.0,5415.0,1.0006788798242012
1063.0,4890.0,1.0003465288889046
1063.0,2047.0,1.0015510346681313
1132.0,16414.0,1.002273708408697
1183.0,3049.0,1.0
1183.0,6271.0,1.0009567569735374
1183.0,3082.0,1.0006775347992427
1183.0,2021.0,1.0
1183.0,2167.0,1.0000608833281022
1205.0,1829.0,1.0
1134.0,7648.0,1.001427034053723
1150.0,34687.0,1.000225353227827
1044.0,36304.0,1.0003710736306948
1044.0,38907.0,1.0000156445669839
1044.0,25217.0,1.0000981551042247
1044.0,36158.0,1.0000665615580735
1044.0,42364.0,1.0010718195676576
1044.0,38802.0,1.0013753890939106
1044.0,36457.0,1.0
1044.0,5514.0,1.0
1044.0,1499.0,1.0
1044.0,3364.0,1.0
1044.0,1392.0,1.0
1044.0,30874.0,1.0
1044.0,36482.0,1.000106628909075
1044.0,14533.0,1.0034754881973196
1044.0,14569.0,1.0011415511217947
1044.0,14832.0,1.0
1044.0,22864.0,1.0004635802244053
1044.0,23374.0,1.0006639439356713
1044.0,2802.0,1.0
1044.0,3327.0,1.0
1044.0,5499.0,1.0014820479734932
1044.0,6438.0,1.0
1044.0,6633.0,1.0
1044.0,7055.0,1.0002154776870644
1044.0,3691.0,1.0012979230162533
1061.0,2199.0,1.0025991515335781
1061.0,2241.0,1.0
1061.0,4639.0,1.001981293520959
1049.0,1449.0,1.0015086480946507
1049.0,43894.0,1.0017113541990237
1208.0,2311.0,1.0
1580.0,4724.0,1.00228856532853
1580.0,23537.0,1.00542331489277
1618.0,1976.0,1.0014983829600665
1624.0,1059.0,1.0011359623118232
1626.0,4508.0,1.0
1626.0,2867.0,1.0
1403.0,7188.0,1.0
1408.0,15005.0,1.0025687329470823
1409.0,301.0,1.002586426185976
1409.0,1670.0,1.0017758997007722
1398.0,3506.0,1.0
1398.0,2117.0,1.0
1398.0,2175.0,1.001751839580965
1398.0,2910.0,1.0
1690.0,5849.0,1.0007751972151644
1690.0,4203.0,1.002014952704524
1690.0,4692.0,1.000100225991239
1703.0,2211.0,1.0026781036518035
1708.0,2167.0,1.0023035851351403
1735.0,2064.0,1.0
1735.0,4098.0,1.0
1735.0,6381.0,1.0
1679.0,1896.0,1.0011354816429094
1337.0,2938.0,1.0
1337.0,22534.0,1.0000591883242929
1337.0,2330.0,1.0
1337.0,1825.0,1.0001908863185687
1337.0,4607.0,1.0013705162306186
1305.0,8370.0,1.0018440353078606
1305.0,7407.0,1.0026138531519329
1283.0,6921.0,1.0034470894062624
1299.0,23317.0,1.0017023290446603
1299.0,40922.0,1.0010953620263041
1300.0,5141.0,1.002264004682071
1343.0,2039.0,1.0
1343.0,2350.0,1.0
1343.0,2104.0,1.0003116796339069
1343.0,2236.0,1.0015651969413155
1343.0,1745.0,1.0002360868610147
914.0,2001.0,1.0005578107143158
914.0,18812.0,1.0
878.0,3433.0,1.0024095241617585
880.0,890.0,1.0
949.0,45631.0,1.0010716296429356
949.0,9727.0,1.0
949.0,35751.0,1.0011196834407605
949.0,2150.0,1.0004709673330645
949.0,5459.0,1.0000616513753362
949.0,1895.0,1.0005126016743895
949.0,2304.0,1.0
949.0,3188.0,1.0007187071988182
949.0,8920.0,1.0014601439212765
949.0,9420.0,1.0
949.0,10710.0,1.0
949.0,10932.0,1.0
949.0,12472.0,1.0009922082090257
949.0,18767.0,1.0
949.0,6489.0,1.0002909983402422
949.0,7239.0,1.0000436730575484
949.0,7327.0,1.0017985849468087
949.0,20251.0,1.0003300712322325
949.0,47914.0,1.0016837830252772
949.0,43132.0,1.0
949.0,22825.0,1.000059654730945
949.0,34756.0,1.0
949.0,39180.0,1.0
949.0,39845.0,1.0010130999208697
919.0,4549.0,1.0016807410925128
919.0,5300.0,1.000159344143854
922.0,1266.0,1.0
929.0,1164.0,1.0010041710116682
932.0,9604.0,1.0013568200187497
867.0,4873.0,1.0
867.0,2103.0,1.0001010230435532
867.0,5026.0,1.0
867.0,5155.0,1.0
867.0,5159.0,1.0
710.0,1169.0,1.003361432018054
742.0,2458.0,1.0
782.0,5537.0,1.0013260233159953
782.0,7896.0,1.0011671720430075
782.0,9409.0,1.0007397071883377
800.0,1508.0,1.0015850503547268
800.0,1074.0,1.002012448133842
805.0,40639.0,1.0010517715781169
805.0,44376.0,1.0020054634837714
683.0,141.0,1.0006570647919308
669.0,3274.0,1.001601265403056
681.0,1243.0,1.0
826.0,3515.0,1.0002265236856858
826.0,19662.0,1.0
826.0,1800.0,1.0
860.0,1118.0,1.0024091854083945
810.0,1825.0,1.0018713507388282
824.0,14766.0,1.0022760784461542
1039.0,15728.0,1.0
1039.0,2621.0,1.0006518272850131
1039.0,3327.0,1.0
1039.0,3360.0,1.0
1039.0,7527.0,1.0
1011.0,4707.0,1.0022946623486018
971.0,2167.0,1.0029984615671144
982.0,19786.0,1.0015660848130896
1007.0,3665.0,1.0016647238017757
23.0,6805.0,1.0
23.0,34322.0,1.0005869253639939
23.0,28589.0,1.0
23.0,41787.0,1.000747828656154
23.0,14178.0,1.0
23.0,35927.0,1.0001498219757503
23.0,36310.0,1.0
23.0,42363.0,1.000127391857327
23.0,4159.0,1.0
23.0,19593.0,1.0
23.0,10977.0,1.0001812299659765
23.0,18700.0,1.0001641934994208
23.0,4873.0,1.0
23.0,43441.0,1.0
23.0,3486.0,1.0009610175196806
23.0,39918.0,1.0
23.0,42534.0,1.0002355638558245
23.0,44984.0,1.0
23.0,42724.0,1.0
23.0,31526.0,1.0004525695056026
23.0,50401.0,1.0010607592563416
23.0,47488.0,1.0005696535118775
23.0,47551.0,1.0001302000962422
23.0,40288.0,1.0014046425000303
23.0,9661.0,1.0005336313238902
23.0,475.0,1.0014995022249569
23.0,2150.0,1.0003759398614624
23.0,7904.0,1.0002823315407685
23.0,19447.0,1.0008703337912321
23.0,7035.0,1.0
23.0,5575.0,1.0
23.0,4192.0,1.0
23.0,4607.0,1.0011453118095492
23.0,2802.0,1.0
23.0,19786.0,1.0
23.0,26799.0,1.0022067503571725
23.0,27442.0,1.0003092050388236
23.0,27574.0,1.0005159863059379
23.0,27717.0,1.000808253988218
23.0,27675.0,1.0010101324408558
23.0,22234.0,1.0
23.0,23142.0,1.0007562557854457
23.0,23848.0,1.0
23.0,23913.0,1.0
23.0,35779.0,1.0008994703098961
23.0,31862.0,1.0001455743102146
23.0,28844.0,1.0012085818472654
23.0,30337.0,1.0004336175589765
23.0,31084.0,1.0010045337111713
23.0,31848.0,1.0016340015895335
23.0,15314.0,1.0000193009018457
23.0,15734.0,1.0000425929347696
23.0,15903.0,1.0
23.0,15911.0,1.0004488767457937
23.0,15928.0,1.0
23.0,16007.0,1.0004692228374934
23.0,14097.0,1.0
23.0,14107.0,1.0
23.0,14280.0,1.0016024974481714
23.0,14325.0,1.0010684180408564
23.0,14367.0,1.0001869236368206
23.0,14381.0,1.0
23.0,35981.0,1.0
23.0,19236.0,1.0
23.0,19924.0,1.0008372006432267
23.0,20255.0,1.0002493464544826
23.0,16270.0,1.0
23.0,17932.0,1.0
23.0,18489.0,1.000131720430585
23.0,18543.0,1.001282126234133
23.0,18916.0,1.0
23.0,47786.0,1.0003333926560904
23.0,49702.0,1.0000897686262862
23.0,49771.0,1.0
23.0,50040.0,1.0
23.0,4448.0,1.000722824614346
23.0,47675.0,1.0001998309818518
23.0,39717.0,1.000796854105685
23.0,39980.0,1.0
23.0,42489.0,1.0
23.0,44884.0,1.0005530541420076
23.0,44800.0,1.0
23.0,44592.0,1.0013523042022325
23.0,42920.0,1.0010274006448088
23.0,43087.0,1.0
23.0,2694.0,1.0006149192595266
23.0,3465.0,1.0
23.0,3542.0,1.0
23.0,2402.0,1.0018514397370184
23.0,4787.0,1.0
23.0,4978.0,1.0013720384006106
23.0,5238.0,1.0
23.0,4582.0,1.0
23.0,4566.0,1.0010450731031648
23.0,4502.0,1.0
23.0,5343.0,1.00008144846302
23.0,9504.0,1.0008800155521618
23.0,9981.0,1.0
23.0,8471.0,1.00024935262531
23.0,8493.0,1.000903782046607
23.0,8501.0,1.0005520913666865
23.0,8614.0,1.0007330834907309
23.0,8686.0,1.000389591858969
23.0,10038.0,1.0
23.0,10915.0,1.0001627770069634
23.0,11054.0,1.0003279020912668
23.0,12507.0,1.0
23.0,13900.0,1.0003154811324155
23.0,13915.0,1.000210971101878
23.0,10080.0,1.0012418741562075
23.0,10154.0,1.0007337263376055
23.0,10211.0,1.00054385143042
23.0,10435.0,1.0
23.0,8217.0,1.0023545795650854
23.0,6493.0,1.0
23.0,6553.0,1.000616230026478
23.0,6561.0,1.0006670392889945
23.0,6643.0,1.0007326360511197
23.0,6648.0,1.0
23.0,6723.0,1.0001224512328601
23.0,6745.0,1.0
23.0,6769.0,1.0
23.0,6847.0,1.00082425394256
23.0,5711.0,1.0004308548651444
23.0,5912.0,1.0003025127467087
23.0,6024.0,1.0
23.0,6208.0,1.0
23.0,6275.0,1.0026542130418532
23.0,7857.0,1.00014474733523
23.0,7044.0,1.0
23.0,7092.0,1.000322154337546
23.0,2693.0,1.0
24.0,18.0,1.0454050801398753
24.0,1678.0,1.04569565039199
24.0,956.0,1.0457803385137803
24.0,5373.0,1.044586689033324
24.0,643.0,1.0447139689623566
34.0,4398.0,1.0014287001774476
34.0,475.0,1.0017478685587393
34.0,1255.0,1.0015468527812468
34.0,32.0,1.0
34.0,950.0,1.0
34.0,12.0,1.0010798481064644
34.0,210.0,1.0
34.0,297.0,1.0
34.0,514.0,1.0
34.0,1540.0,1.0
35.0,9830.0,1.0006696627840865
35.0,17313.0,1.000964371042069
35.0,18392.0,1.0005747689600786
15.0,361.0,1.0033096373441914
11.0,6377.0,1.0030529368798415
5.0,50205.0,1.0011156915189288
5.0,6664.0,1.000443138428141
5.0,44947.0,1.0009366268332403
5.0,40107.0,1.0011454955259562
5.0,231.0,1.0007392071276535
5.0,2667.0,1.0028556820674979
5.0,256.0,1.0005909088105556
5.0,1700.0,1.000998451184024
5.0,1355.0,1.0002815234499431
5.0,1276.0,1.0
5.0,6095.0,1.0010560913509585
5.0,278.0,1.0001624719402258
5.0,2922.0,1.0006526252729735
5.0,434.0,1.0010860629847516
5.0,218.0,1.0008301099832486
5.0,14110.0,1.0
5.0,14988.0,1.0
5.0,15819.0,1.0004632248398913
5.0,19151.0,1.0
10.0,3748.0,1.003762842104212
10.0,262.0,1.0043403190266253
104.0,2761.0,1.019564957823986
104.0,30796.0,1.0183639955683177
104.0,3506.0,1.017729370074028
104.0,18420.0,1.018597825168713
104.0,2069.0,1.0185436811294581
104.0,2262.0,1.0192640547789833
104.0,23060.0,1.019705581202355
104.0,40348.0,1.0193006089765038
104.0,30862.0,1.0202200242525141
104.0,30907.0,1.0182815650870392
104.0,32028.0,1.0185024652340713
104.0,33114.0,1.0192573414856176
104.0,36421.0,1.0207564122098287
104.0,16213.0,1.018984958848513
104.0,20698.0,1.017995573230135
104.0,26574.0,1.009050740375863
104.0,27364.0,1.0181594260548563
104.0,38657.0,1.0200795224963106
104.0,39432.0,1.0192341852932603
104.0,10574.0,1.0184323690923363
104.0,41779.0,1.0187717715500306
123.0,487.0,1.000791649275385
123.0,535.0,1.000189524969946
123.0,243.0,1.0000476852193967
141.0,227.0,1.0012201836465782
143.0,1801.0,1.0
143.0,2975.0,1.0
143.0,32025.0,1.0
143.0,35263.0,1.0
114.0,260.0,1.0004867392416377
106.0,41274.0,1.0012983619262132
110.0,100.0,1.0
113.0,1091.0,1.0017733312095842
96.0,10606.0,1.0
96.0,34322.0,1.003747100852049
96.0,154.0,1.0026473743537605
96.0,9193.0,1.0041822786334014
96.0,7450.0,1.0025934642657761
96.0,36064.0,1.002541015401767
96.0,956.0,1.0035500490371914
96.0,2587.0,1.002602267422211
96.0,2417.0,1.0020017136444312
96.0,2540.0,1.0039397435192259
96.0,34756.0,1.0
96.0,262.0,1.0035533660583267
96.0,25173.0,1.0046357054218624
96.0,28536.0,1.0041494186646807
96.0,39742.0,1.0032529241679298
96.0,2466.0,1.002638733531019
96.0,138.0,1.0023205033548817
96.0,8490.0,1.0025040454332468
96.0,8807.0,1.0020204150986725
96.0,9149.0,1.0041677969579208
96.0,8286.0,1.0018041662146453
96.0,7315.0,1.0049771719508522
96.0,7413.0,1.0037686987603744
96.0,7489.0,1.005619743380366
96.0,7272.0,1.004040861369194
96.0,19177.0,1.0042728564876107
96.0,19312.0,1.0031329064704544
96.0,19395.0,1.0023523476129232
96.0,13772.0,1.003516873761364
96.0,18415.0,1.0039826026699197
96.0,1782.0,1.002775136272751
96.0,1960.0,1.0004786331657738
96.0,1994.0,1.0031777611574029
96.0,552.0,1.0052836855730967
96.0,6016.0,1.0044303463005912
96.0,6325.0,1.0018079549000354
96.0,2612.0,1.0047918705841108
96.0,2629.0,1.0034249433194484
96.0,2649.0,1.0046366776648177
96.0,5283.0,1.002458608166273
100.0,250.0,1.0
100.0,269.0,1.0008976810560961
100.0,303.0,1.0
100.0,3345.0,1.0003174740549485
100.0,225.0,1.0
98.0,57.0,1.0
155.0,8067.0,1.0016032055136306
80.0,4886.0,1.0010219612976334
80.0,101.0,1.0
80.0,5366.0,1.0
80.0,2243.0,1.0
80.0,3612.0,1.0008558318893026
82.0,41.0,1.0
82.0,453.0,1.0006057393677996
82.0,3635.0,1.0009676249213817
82.0,2839.0,1.0
82.0,1101.0,1.000924557267687
82.0,1604.0,1.000736908103391
82.0,1746.0,1.0008363869527122
82.0,2178.0,1.001662962743248
82.0,6355.0,1.000194578990112
82.0,5323.0,1.0010860829240356
83.0,74.0,1.0001635500374535
83.0,377.0,1.0
83.0,100.0,1.0
83.0,275.0,1.0
83.0,23896.0,1.0007545336795414
85.0,68.0,1.002148816435525
90.0,570.0,1.0014726756392611
79.0,15336.0,1.0
79.0,15886.0,1.0013459469468244
79.0,162.0,1.0005081767518844
79.0,4630.0,1.0
79.0,5021.0,1.0006449010422698
79.0,8929.0,1.0010472046258208
39.0,1238.0,1.0
39.0,1366.0,1.0
39.0,6001.0,1.0
43.0,2862.0,1.0024283699843595
45.0,369.0,1.0
45.0,297.0,1.0001216630863605
45.0,4840.0,1.000496326766065
45.0,7783.0,1.0
45.0,7953.0,1.001118073588387
78.0,315.0,1.0023214613061509
64.0,22529.0,1.0008416308015575
64.0,1976.0,1.000270915167761
64.0,156.0,1.001096829464362
64.0,6888.0,1.0016210990880525
48.0,59.0,1.0003880407020973
49.0,976.0,1.0022178901825227
49.0,30094.0,1.0040837373665823
6656.0,18173.0,1.0173272713551664
6656.0,19974.0,1.0180287847608172
6656.0,10625.0,1.015864127010144
6656.0,9377.0,1.0165642543157878
6656.0,8157.0,1.0154542812253036
6656.0,22002.0,1.0110728449677242
6656.0,8699.0,1.0175756734965344
6656.0,9466.0,1.0179439331921356
6656.0,8377.0,1.0168954910339403
6656.0,11071.0,1.0184518983449973
6656.0,19281.0,1.0178215279661982
6656.0,23404.0,1.0175533202834723
6656.0,19027.0,1.0161345875886254
6656.0,18732.0,1.011713466230949
6656.0,16369.0,1.0172238455104676
6656.0,16400.0,1.01751386935234
6629.0,27223.0,1.0
6629.0,9920.0,1.0
6629.0,15745.0,1.0000544336015182
6629.0,16829.0,1.0
6629.0,22395.0,1.0004916692925452
6629.0,17519.0,1.0
6629.0,21907.0,1.0000897730779044
6629.0,20115.0,1.0
6629.0,18338.0,1.0
6629.0,2141.0,1.0
6629.0,26730.0,1.0
6629.0,30975.0,1.0007757677377882
6629.0,44348.0,1.0009828942117975
6629.0,17483.0,1.0
6629.0,17966.0,1.0013928956364881
6652.0,10469.0,1.0016201579477466
6444.0,20880.0,1.0
6507.0,43193.0,1.0014487364358875
6533.0,9029.0,1.0
6933.0,14232.0,1.0
6933.0,9099.0,1.0
6933.0,2168.0,1.000567936393288
6933.0,10566.0,1.0
6956.0,20073.0,1.0033576647084774
7000.0,9184.0,1.0031825811868023
7040.0,4771.0,1.0043215443999316
7052.0,6191.0,1.0012189691124822
6862.0,9019.0,1.0366882504483028
6862.0,10768.0,1.0359346551053168
6876.0,2600.0,1.0013087672852716
6876.0,9019.0,1.0011940809834234
6876.0,9704.0,1.0005001973795082
7188.0,10906.0,1.0
7188.0,19577.0,1.000327547090553
7188.0,15768.0,1.0010664376278593
7188.0,10462.0,1.0012692146519098
7189.0,4456.0,1.0042181925100835
7202.0,14028.0,1.0018122314091886
7202.0,14848.0,1.0
7211.0,9543.0,1.0014865737902157
7280.0,8731.0,1.0
7280.0,23213.0,1.0
7152.0,44245.0,1.0034869306867138
7164.0,10049.0,1.0020110067081212
6710.0,37081.0,1.0
6710.0,20502.0,1.0023937867766566
6710.0,36162.0,1.0
6710.0,47679.0,1.0025821032322166
6673.0,9220.0,1.0045676707978601
6815.0,9971.0,1.0025106159796522
6844.0,47906.0,1.0018399902298998
6844.0,15416.0,1.0019297266540987
6794.0,8933.0,1.0010866115042532
6397.0,18566.0,1.0
5337.0,18329.0,1.0002800360605655
5337.0,43742.0,1.0002439244240842
5337.0,38351.0,1.0028439321127756
5337.0,2215.0,1.001334313820373
5337.0,13612.0,1.0
5337.0,19126.0,1.001992015693092
5337.0,34813.0,1.0
5326.0,10410.0,1.003804572988072
5186.0,28403.0,1.0
5186.0,8682.0,1.0
5272.0,3420.0,1.0034163545428325
5278.0,25316.0,1.005496760192739
5510.0,23814.0,1.0031045572775072
5580.0,3371.0,1.0021671338469664
5617.0,7353.0,1.0
5686.0,7486.0,1.0020779991786954
5696.0,8049.0,1.0015783310523494
5487.0,10680.0,1.0007588181698674
5487.0,17547.0,1.001389425104087
5487.0,37960.0,1.0017355169229936
5388.0,7093.0,1.0017680358903407
5422.0,7882.0,1.0002220359175247
5462.0,7160.0,1.0023580266381655
5120.0,8615.0,1.0000823072785974
5121.0,6704.0,1.0043941784968844
5125.0,50642.0,1.0001813458017514
5125.0,49979.0,1.0024400471906902
5139.0,5268.0,1.001239012669823
5142.0,12276.0,1.001126950430963
5079.0,16175.0,1.0
5079.0,26478.0,1.0
5079.0,34972.0,1.0
5167.0,49932.0,1.0
5167.0,35318.0,1.0
5167.0,35904.0,1.0
5167.0,9884.0,1.0001850611954386
5167.0,27103.0,1.0
5167.0,32252.0,1.0
6236.0,17775.0,1.0
6254.0,49708.0,1.0015371661818486
6254.0,18668.0,1.0032056468759705
6256.0,8650.0,1.001587560001883
6263.0,16665.0,1.0
6268.0,8057.0,1.0036601720787546
6272.0,2112.0,1.0002417397076375
6272.0,399.0,1.0005464815896086
6308.0,41647.0,1.0012395210848077
6308.0,22709.0,1.000859073280562
6308.0,48351.0,1.000147047735864
6308.0,37922.0,1.001162358643035
6308.0,38637.0,1.0004193620860646
6308.0,41004.0,1.0
6321.0,6839.0,1.0008358112488505
6285.0,8146.0,1.001794871995036
5844.0,36638.0,1.0020544070279622
5850.0,7680.0,1.002825868932824
5877.0,10204.0,1.0029801107861944
5885.0,7931.0,1.0016833389596584
5898.0,7668.0,1.0002313057540213
5961.0,14772.0,1.0031624601407076
5961.0,18381.0,1.002835884167461
5973.0,8056.0,1.0000650024506075
5973.0,9759.0,1.0005219329270216
5827.0,23136.0,1.0003878971759805
5811.0,7666.0,1.0014867010260855
5730.0,41636.0,1.0008847693127367
5775.0,7267.0,1.000492080678684
5775.0,9502.0,1.0
5775.0,9554.0,1.000286775427394
5775.0,13801.0,1.0
6181.0,8516.0,1.0011138164650084
6185.0,5332.0,1.0005181615450904
6190.0,8055.0,1.0026435539337413
6228.0,17481.0,1.000873343753806
6042.0,7589.0,1.0000505738716063
5027.0,20700.0,1.0
5027.0,23145.0,1.0
9094.0,51914.0,1.0
9113.0,12472.0,1.003337274315566
10208.0,13581.0,1.0
10232.0,548.0,1.0011285600950552
10240.0,13578.0,1.0036005774732448
8980.0,8757.0,1.000031275733958
8980.0,13814.0,1.0007630567545769
9039.0,37119.0,1.0015047476273313
9085.0,12469.0,1.0025241228949267
10622.0,14524.0,1.000628743732565
10630.0,9938.0,1.0
10611.0,18727.0,1.0005607405300165
10516.0,11249.0,1.0029503931371027
10570.0,13907.0,1.0005511160227754
8755.0,12438.0,1.0
8755.0,22815.0,1.0001102311322245
8755.0,14263.0,1.0003152059228233
8755.0,28122.0,1.0011296992311673
8755.0,15483.0,1.0001080280926908
8755.0,14280.0,1.0016558795579267
8755.0,7353.0,1.0
8755.0,16228.0,1.0
8755.0,14680.0,1.0
8755.0,32613.0,1.0
8755.0,20211.0,1.0
8755.0,23304.0,1.0004834876325936
8755.0,26841.0,1.0
8755.0,13874.0,1.001489776086897
8755.0,14343.0,1.000012874025221
8755.0,14454.0,1.0001459210835182
8755.0,11207.0,1.0
8755.0,13785.0,1.0001830478655853
8755.0,13807.0,1.0
8755.0,14026.0,1.000472940258617
8755.0,17189.0,1.0
8755.0,17392.0,1.002392072323229
8755.0,18660.0,1.0
8755.0,11075.0,1.0011576399764992
8858.0,11187.0,1.002909418202437
8865.0,40096.0,1.0004321362979502
8865.0,46056.0,1.0
8865.0,39295.0,1.0008414783275599
8865.0,18338.0,1.0
8865.0,39830.0,1.0007135860336744
8883.0,49721.0,1.0
8930.0,19994.0,1.0025820396128111
11387.0,19092.0,1.0001034199342782
11387.0,28376.0,1.0
11400.0,11187.0,1.0
11430.0,15086.0,1.0023573194680453
11430.0,16265.0,1.0010170845449564
11374.0,14881.0,1.0004011326330675
11209.0,30469.0,1.0
11209.0,641.0,1.0003513692748762
11209.0,22544.0,1.0
11209.0,38909.0,1.0003245162963255
11209.0,15167.0,1.0008601008332778
11209.0,16010.0,1.0010583173686958
11209.0,18246.0,1.0019253686817304
11209.0,14639.0,1.0
11209.0,6577.0,1.0
11313.0,14837.0,1.0009603858497098
11384.0,3737.0,1.002410994211564
11643.0,1059.0,1.0004984355744109
11643.0,40967.0,1.0000827767011824
11643.0,31908.0,1.0
11657.0,7341.0,1.0013400901707104
11515.0,1586.0,1.0030103140316373
11551.0,14983.0,1.0024073210421263
11577.0,15055.0,1.0
11591.0,41240.0,1.0015091140817183
11616.0,50551.0,1.0024634346041235
10784.0,9228.0,1.000665531522585
10966.0,23750.0,1.0010444941072394
10996.0,9316.0,1.0003743703797912
10996.0,17229.0,1.0019244589592895
11077.0,14562.0,1.001540230708985
11084.0,907.0,1.0023499260726063
11089.0,14301.0,1.0025999327191717
11136.0,10540.0,1.003126359701539
11147.0,14645.0,1.0032778169594372
11169.0,6686.0,1.003493251467831
8163.0,10909.0,1.0
8163.0,2282.0,1.00138299082583
8163.0,10737.0,1.0007039806109863
8163.0,3465.0,1.000374448506266
8188.0,17446.0,1.0
8188.0,34220.0,1.0003324480848441
8188.0,15235.0,1.0009230312698392
8188.0,14983.0,1.0
8188.0,19212.0,1.000383519865413
8188.0,23877.0,1.0008443747252576
8081.0,22173.0,1.003400062018988
8076.0,7531.0,1.001268584686358
7922.0,8630.0,1.0020552635336963
7927.0,8630.0,1.0020034105301956
7992.0,10274.0,1.0013649542886747
7998.0,14958.0,1.0023984068975524
7998.0,15838.0,1.000732575064881
7998.0,18012.0,1.00120657499282
8014.0,2.0,1.0029534266803275
8040.0,10302.0,1.0022617129932951
8256.0,48201.0,1.0020985904476727
8380.0,15034.0,1.0008087194459705
8380.0,7011.0,1.000506457398385
8380.0,10692.0,1.0004773527132715
8211.0,10408.0,1.0007052862959605
8192.0,36965.0,1.0030779277699082
8192.0,36480.0,1.0032409495080905
7450.0,10159.0,1.0020430187215994
7450.0,6166.0,1.0025630133882324
7496.0,9849.0,1.0
7505.0,4290.0,1.0011278085369906
7550.0,9832.0,1.0
7569.0,9981.0,1.0
7569.0,10425.0,1.0016511617911257
7569.0,12491.0,1.0009003398697665
7569.0,16416.0,1.0019233351784211
7395.0,9788.0,1.0
7395.0,10003.0,1.0004826553698667
7302.0,9585.0,1.003837238609175
7329.0,9139.0,1.0028352185564755
7336.0,805.0,1.0029225385509395
7336.0,8373.0,1.0037838850620655
7336.0,9609.0,1.001839922842044
7387.0,18950.0,1.0009905277112308
7387.0,9422.0,1.0017901320541462
7387.0,19211.0,1.0014267615726886
7772.0,9956.0,1.001963629686813
7646.0,15351.0,1.0008156524167051
7654.0,402.0,1.0
7654.0,23479.0,1.0011630108834764
8436.0,50094.0,1.0
8436.0,11255.0,1.000387624494398
8436.0,17655.0,1.0
8497.0,11024.0,1.00130469141836
8385.0,7083.0,1.0037207317084118
8691.0,19830.0,1.0003811288576978
8691.0,13652.0,1.0
8691.0,14247.0,1.000634305392369
8691.0,13972.0,1.0
8725.0,8420.0,1.0018696245062513
8532.0,17057.0,1.0004755773022032
8532.0,2215.0,1.001932992312657
8532.0,15361.0,1.0005268082416492
8690.0,11034.0,1.001149839809021
8690.0,14540.0,1.0006125984541658
5005.0,8771.0,1.0005496290367573
2703.0,1456.0,1.0069290673135574
2703.0,17811.0,1.0168293606461942
2703.0,36178.0,1.0162086246293465
2703.0,16742.0,1.0176364533532776
2703.0,16920.0,1.0171685318677182
2703.0,6572.0,1.0159917292724376
2703.0,16414.0,1.0170448004983565
2703.0,17451.0,1.0155869843999135
2703.0,10301.0,1.0170365175309977
2703.0,22809.0,1.0166908848068292
2703.0,26627.0,1.0166202196256575
2703.0,41562.0,1.0167221408829223
2703.0,38520.0,1.0170206722022526
2703.0,27329.0,1.0166405756775732
2703.0,4320.0,1.0172944506246924
2703.0,3616.0,1.017218099116933
2703.0,17723.0,1.0156821079133957
2703.0,4421.0,1.0171102302122057
2703.0,4796.0,1.016863360274005
2703.0,23877.0,1.0177257276428529
2703.0,14984.0,1.0156862720974125
2703.0,18708.0,1.0159399002351566
2703.0,18824.0,1.0183807087651315
2703.0,18833.0,1.0153241418153962
2703.0,22015.0,1.0160176625254762
2703.0,18280.0,1.0164706379921442
2703.0,17572.0,1.0163716181619233
2703.0,17610.0,1.0204629349649805
2703.0,18004.0,1.0163463491782356
2703.0,18199.0,1.018190453791838
2703.0,23731.0,1.0161488257621312
2703.0,24005.0,1.015379963548617
2703.0,24050.0,1.0177725935981574
2703.0,22862.0,1.015300927597545
2703.0,23083.0,1.016928341499028
2703.0,23108.0,1.018692921838641
2703.0,23216.0,1.0173147599725123
2703.0,23326.0,1.0162154024735048
2703.0,23358.0,1.0181243321434998
2703.0,17501.0,1.0182168496569715
2703.0,17461.0,1.0162698179008136
2703.0,3201.0,1.0166358293638953
2703.0,12513.0,1.016739580675106
2703.0,14626.0,1.0166160477944488
2703.0,15252.0,1.0183701289115636
2703.0,4434.0,1.018471407908341
2703.0,8306.0,1.0172116675089276
2703.0,35364.0,1.0168228115932092
2703.0,26724.0,1.0147384307649636
2703.0,26968.0,1.0171346752417334
2703.0,17881.0,1.0159458008210367
2603.0,7188.0,1.0
2603.0,9609.0,1.0
2603.0,17054.0,1.0
2603.0,9273.0,1.0
2603.0,10985.0,1.0
2637.0,5719.0,1.0033501309172321
2697.0,3821.0,1.0028956444652721
2995.0,3433.0,1.00057902099314
3068.0,5691.0,1.0
3068.0,3550.0,1.0004913104166167
2974.0,4221.0,1.000171561838186
2857.0,3348.0,1.0031145761165974
2867.0,3371.0,1.0014925563531816
2893.0,3383.0,1.0027476835244562
2944.0,3433.0,1.0014273410381869
2954.0,3433.0,1.003104893609232
2958.0,3000.0,1.0021589853203265
3126.0,8146.0,1.0
3126.0,10579.0,1.0
3126.0,7765.0,1.0011444904560998
3126.0,8154.0,1.0012590282288834
3126.0,5337.0,1.0003831039460063
3126.0,10183.0,1.0011867352487835
3126.0,3058.0,1.001644166550099
3114.0,4845.0,1.0011728130864785
3114.0,4597.0,1.000406704597289
3114.0,3070.0,1.0
2722.0,3150.0,1.0492250687519495
2722.0,1570.0,1.0503525778721856
2722.0,3235.0,1.0510208873602265
2722.0,4087.0,1.050553854012087
2828.0,35536.0,1.0
2828.0,48450.0,1.002443477055561
2828.0,27634.0,1.0
2828.0,34403.0,1.0009624223034908
2033.0,19298.0,1.0
2033.0,27394.0,1.0
2033.0,8771.0,1.0
2033.0,8467.0,1.0
2033.0,9937.0,1.0
2033.0,14299.0,1.0
2033.0,23358.0,1.0
2033.0,10224.0,1.0
2033.0,23306.0,1.0
2033.0,14504.0,1.0
2027.0,5264.0,1.0017923370052826
2027.0,4816.0,1.0012035459136739
2027.0,19665.0,1.0012600471461992
2067.0,1056.0,1.0019476703956602
2080.0,42662.0,1.00132347414075
2087.0,3049.0,1.0
2111.0,2507.0,1.0
2114.0,8560.0,1.000017354814787
2011.0,2314.0,1.00149315303521
1993.0,16414.0,1.0022785904772091
1791.0,1507.0,1.0
1792.0,598.0,1.0
1792.0,3117.0,1.000841049292899
1762.0,2361.0,1.0
1781.0,4828.0,1.001911161472284
1781.0,6134.0,1.0018644518752509
1898.0,2074.0,1.0029809543591444
1941.0,1823.0,1.0031008523071674
1941.0,2456.0,1.0008439650469034
1808.0,2024.0,1.0009493449791351
1835.0,2561.0,1.0004470957841052
1835.0,15809.0,1.0
2158.0,10696.0,1.0
2158.0,3111.0,1.00036606412691
2158.0,5421.0,1.0026652569392722
2158.0,9470.0,1.000582435797787
2158.0,10132.0,1.0018403329053098
2433.0,4709.0,1.0
2440.0,2929.0,1.0
2459.0,4381.0,1.0
2459.0,4551.0,1.0
2459.0,5199.0,1.0
2459.0,2482.0,1.0
2459.0,4484.0,1.0
2417.0,16071.0,1.0033367725490596
2382.0,5210.0,1.0008640736030954
2382.0,4989.0,1.0011769941923774
2383.0,8242.0,1.001930002402247
2408.0,4245.0,1.000372810647269
2411.0,39573.0,1.0019635519627446
2411.0,40107.0,1.0020534019004632
2465.0,1915.0,1.0015389940986907
2464.0,5431.0,1.001288392584808
2209.0,5998.0,1.0007286800112576
2224.0,6080.0,1.001051032749171
2280.0,8067.0,1.0002344886869698
2280.0,3058.0,1.0011803604909304
2280.0,2796.0,1.0
2280.0,2886.0,1.000533716927517
2280.0,3016.0,1.0003591024594685
2280.0,20654.0,1.0
2280.0,25330.0,1.0005212035370095
2280.0,10618.0,1.0004425776259367
2280.0,3603.0,1.0
2280.0,9984.0,1.0009308277318545
2192.0,9044.0,1.0
2177.0,3498.0,1.0009188793623407
2287.0,2799.0,1.002987607763794
2356.0,2779.0,1.002251599743007
3943.0,14123.0,1.0
3943.0,10041.0,1.0006816886926442
3943.0,6574.0,1.0
3943.0,42163.0,1.0
3943.0,7556.0,1.0
3943.0,32400.0,1.0
3943.0,2241.0,1.0
3943.0,3665.0,1.0002819857039331
3943.0,7782.0,1.0
3943.0,8197.0,1.0001550602825846
3943.0,8440.0,1.001807780778442
3943.0,6996.0,1.0008282489369231
3943.0,6620.0,1.0
3943.0,20159.0,1.0000875627535881
3943.0,20703.0,1.0
3943.0,10112.0,1.0001424105703727
3943.0,12327.0,1.0012291770934214
3943.0,8107.0,1.0
3943.0,6673.0,1.0017184217766726
3943.0,4838.0,1.0033878531802178
3943.0,5951.0,1.0
3943.0,6434.0,1.0016612947966543
4020.0,20180.0,1.001039123462813
4020.0,6828.0,1.0007313970025704
4020.0,20753.0,1.000771534877026
4020.0,34542.0,1.0
4020.0,3487.0,1.0007857989108162
4020.0,9214.0,1.0023105168890412
4020.0,9700.0,1.001523928295081
4047.0,3429.0,1.0
4060.0,8912.0,1.0025031276434986
4082.0,4847.0,1.0006681001133018
3926.0,3389.0,1.0
3926.0,5523.0,1.0008758520206191
3835.0,41361.0,1.0
3835.0,50771.0,1.000949784241803
3835.0,15278.0,1.0
3835.0,15386.0,1.0
3835.0,38520.0,1.0
3835.0,805.0,1.0003909212120867
3835.0,27785.0,1.0013388432304662
3835.0,31751.0,1.0
3835.0,44387.0,1.0
3838.0,4886.0,1.0024634157946324
3840.0,4845.0,1.0042231790372667
4092.0,510.0,1.0004594162462168
4092.0,5722.0,1.001496455761064
4092.0,7247.0,1.001312757807537
4092.0,12450.0,1.0
4092.0,13604.0,1.000773575327739
4092.0,5756.0,1.0001496175408366
4092.0,4120.0,1.0
4092.0,10919.0,1.0001061878713735
4092.0,23721.0,1.0009241180601562
4670.0,10664.0,1.0016457967121744
4795.0,18423.0,1.0008942376278958
4795.0,31325.0,1.00054311485249
4795.0,5916.0,1.0004039744532303
4795.0,16093.0,1.000417735875757
4795.0,17497.0,1.0013403138884243
4795.0,18137.0,1.0
4566.0,14886.0,1.0
4566.0,15402.0,1.0010472026356223
4566.0,5871.0,1.0
4573.0,5865.0,1.0017749854004319
4616.0,6029.0,1.0019362712383941
4859.0,6264.0,1.0019264763155116
4873.0,6272.0,1.0003893796885297
4887.0,16672.0,1.0013005731431583
4889.0,6297.0,1.0031514679167477
4903.0,4765.0,1.0038742140929897
4910.0,8535.0,1.0019177585892427
4910.0,8442.0,1.0025434156974056
4930.0,6363.0,1.003093257573448
4855.0,8380.0,1.000790506624911
4527.0,5465.0,1.0
4146.0,17209.0,1.0013747389024146
4146.0,22329.0,1.0
4199.0,5426.0,1.0037491422536018
4226.0,5461.0,1.0003328559326343
4263.0,5499.0,1.0030129258652942
4278.0,5861.0,1.0
4278.0,5504.0,1.0
4129.0,5413.0,1.003185226702821
4301.0,23889.0,1.000219126620705
3451.0,37851.0,1.0005371514173098
3451.0,5920.0,1.0
3451.0,16401.0,1.0004204537825105
3451.0,8437.0,1.0003941310543043
3458.0,35888.0,1.0
3458.0,34482.0,1.0
3337.0,4263.0,1.0024792507738334
3343.0,13584.0,1.0019856331212593
3398.0,52110.0,1.0
3575.0,41685.0,1.0003525737080199
3575.0,42787.0,1.0007658277217397
3606.0,3122.0,1.0004356154963128
3606.0,9267.0,1.0
3480.0,8316.0,1.0010209111818062
3499.0,4105.0,1.002082221173621
3508.0,5300.0,1.0
3178.0,44883.0,1.0003512998623183
3178.0,49844.0,1.000470842241205
3178.0,40562.0,1.0002065714023078
3178.0,50647.0,1.000060436861653
3178.0,41191.0,1.000478732851551
3178.0,43096.0,1.0
3178.0,44331.0,1.0016138370522507
3178.0,44925.0,1.0026799075481363
3181.0,3637.0,1.0014399299603
3194.0,4265.0,1.0004145819504315
3194.0,3235.0,1.000710274723568
3194.0,3831.0,1.0
3206.0,3777.0,1.0054558487847993
3211.0,6905.0,1.002705091544256
3312.0,2560.0,1.0031150075430686
3312.0,1091.0,1.0021002333437006
3312.0,4037.0,1.0006131752279352
3252.0,1955.0,1.0002486599230618
3288.0,3074.0,1.0004451339624318
3790.0,15791.0,1.0
3790.0,4501.0,1.0
3790.0,22002.0,1.0
3790.0,9971.0,1.0
3790.0,30094.0,1.0010700857815746
3790.0,8635.0,1.0
3790.0,7680.0,1.0
3790.0,17572.0,1.0
3790.0,9278.0,1.000208723347489
3790.0,5226.0,1.0
3790.0,10183.0,1.0002950901170666
3790.0,5622.0,1.0
3790.0,14856.0,1.0
3790.0,10587.0,1.0
3790.0,22579.0,1.0
3790.0,26876.0,1.0
3790.0,4753.0,1.0
3790.0,5274.0,1.0000900673200943
3790.0,7797.0,1.0009112588794664
3790.0,6353.0,1.000746446932552
3668.0,20304.0,1.0
3789.0,4740.0,1.1111180828250944
3677.0,45431.0,1.000513737207993
3704.0,7670.0,1.0004269434653874
3727.0,4681.0,1.0020671515221697
3768.0,3360.0,1.0
3776.0,965.0,1.0
10939.0,1244.0,1.002999276508084
26157.0,27352.0,1.0
