4.0,96.0,1.0041487104956965
4.0,2560.0,1.0012384971478208
25579.0,5003.0,1.0675856133637518
25579.0,7652.0,1.0670406789028672
25579.0,8841.0,1.0659579637906333
25579.0,8904.0,1.067367167035907
25579.0,9158.0,1.0681597654081696
25579.0,4398.0,1.0665957634482586
25579.0,773.0,1.0675755147231702
25579.0,1367.0,1.0660307833175646
25579.0,2093.0,1.0667415274789227
25579.0,2274.0,1.0675506962935448
25579.0,2968.0,1.066801309167631
25579.0,3803.0,1.065603305462873
25579.0,9964.0,1.0662004322744716
25579.0,12342.0,1.0677130906752934
25579.0,12373.0,1.065478126438048
25579.0,13822.0,1.0670997298025136
25579.0,14841.0,1.067139757590429
25579.0,32076.0,1.0663913204789177
25579.0,32323.0,1.0662787282245243
25579.0,31567.0,1.0673921256083827
25579.0,31608.0,1.067957547722807
25579.0,31708.0,1.066759277306773
25579.0,31967.0,1.0682314820018932
25579.0,32015.0,1.0679955281311095
25579.0,31485.0,1.0677525215530272
25579.0,32694.0,1.0671899351499614
25579.0,34693.0,1.0659113790948114
25579.0,34704.0,1.0667521360605718
25579.0,34743.0,1.065807203961952
25579.0,34749.0,1.0669823149660533
25579.0,35190.0,1.0683476915566428
25579.0,35334.0,1.066244949362268
25579.0,35365.0,1.0679798213918796
25579.0,35424.0,1.0677283049380437
25579.0,34644.0,1.0663998747551011
25579.0,34322.0,1.067869085581635
25579.0,27530.0,1.0679295955950616
25579.0,27779.0,1.066722821738181
25579.0,27794.0,1.0678082547819887
25579.0,27982.0,1.0669885339140315
25579.0,27082.0,1.0685754885516021
25579.0,22208.0,1.0661932714577111
25579.0,23395.0,1.0686931031939102
25579.0,23757.0,1.065867291494384
25579.0,23868.0,1.0664189204096834
25579.0,26712.0,1.0664498438665098
25579.0,31402.0,1.0665951395326632
25579.0,30816.0,1.067463582395093
25579.0,30873.0,1.0660986545434559
25579.0,30929.0,1.0679819657200338
25579.0,31026.0,1.067339845995156
25579.0,31206.0,1.067040100430774
25579.0,30078.0,1.0679893876773077
25579.0,30031.0,1.0669566596471631
25579.0,28927.0,1.0667169329112682
25579.0,28350.0,1.06705569480945
25579.0,28382.0,1.0662163477584867
25579.0,28710.0,1.0675842874732921
25579.0,28858.0,1.0684515929425875
25579.0,35569.0,1.0680908974982908
25579.0,40820.0,1.0667379701836293
25579.0,35637.0,1.0673843723323027
25579.0,37524.0,1.0659909655082445
25579.0,37709.0,1.0670927394968512
25579.0,36224.0,1.0669483434419524
25579.0,36251.0,1.06719713325764
25579.0,37276.0,1.067596477891132
25579.0,38749.0,1.0661862927997559
25579.0,39512.0,1.066602536573179
25579.0,35624.0,1.0664737882514348
25579.0,37757.0,1.0671199792214114
25579.0,37811.0,1.0674004077413244
25579.0,37916.0,1.0664806747177606
25579.0,38460.0,1.0672510985277286
25579.0,38606.0,1.0654902648482287
25579.0,38283.0,1.0663952583758407
25579.0,37198.0,1.0680813025845268
25579.0,37286.0,1.068134328531193
25579.0,37440.0,1.0683986763070943
25579.0,37603.0,1.0682973460888059
25579.0,37666.0,1.0681637190781155
25579.0,39648.0,1.068313943424211
25579.0,39770.0,1.069082263484539
25579.0,39420.0,1.0670851789697777
25579.0,38775.0,1.0666767880175414
25579.0,38921.0,1.066836594963231
25579.0,39025.0,1.0668203802277987
25579.0,39063.0,1.0629947876262131
25579.0,39075.0,1.066997788169349
25579.0,39429.0,1.0667801021619554
25579.0,37179.0,1.0672363127597728
25579.0,36074.0,1.066793594824785
25579.0,36170.0,1.0672707340946739
25579.0,35968.0,1.0685890866785204
25579.0,35711.0,1.0662762406179365
25579.0,35791.0,1.0669632948628656
25579.0,35800.0,1.0672961737276785
25579.0,35848.0,1.0678577146371757
25579.0,35930.0,1.0667235530432684
25579.0,36282.0,1.0656903369864041
25579.0,36837.0,1.067129278546915
25579.0,36957.0,1.0669562132646058
25579.0,37068.0,1.067996290150724
25579.0,37108.0,1.067528641606173
25579.0,37129.0,1.0662784693036909
25579.0,36327.0,1.0677598354610625
25579.0,36355.0,1.0667704330638272
25579.0,36453.0,1.0666342302778655
25579.0,36513.0,1.0664899304582427
25579.0,36548.0,1.0671780521203202
25579.0,36635.0,1.0679552400979544
25579.0,49875.0,1.0680577443037205
25579.0,50540.0,1.06783439197559
25579.0,48063.0,1.0669130457096339
25579.0,45622.0,1.0674178347126797
25579.0,45834.0,1.0660008180064253
25579.0,45977.0,1.067612771804977
25579.0,47202.0,1.06852174021994
25579.0,47374.0,1.0674823722487736
25579.0,47805.0,1.0668147570969648
25579.0,45317.0,1.0670054506189446
25579.0,42192.0,1.0668715348361826
25579.0,42259.0,1.0683914235866696
25579.0,42352.0,1.0680684112990493
25579.0,42363.0,1.0671739019654893
25579.0,42416.0,1.0690459137201673
25579.0,41832.0,1.065546707722906
25579.0,41763.0,1.0670697934581599
25579.0,40602.0,1.0670295796725429
25579.0,40725.0,1.068512361744192
25579.0,40875.0,1.0668535062632778
25579.0,40881.0,1.069661754153624
25579.0,40925.0,1.0664519120299836
25579.0,41014.0,1.0664042711179957
25579.0,41494.0,1.069833134137555
25579.0,41736.0,1.0675998241971925
25579.0,42440.0,1.067318912513418
25579.0,43672.0,1.0673538299062904
25579.0,44154.0,1.0670177697507495
25579.0,44365.0,1.0668983490779032
25579.0,44901.0,1.0694323825938117
25579.0,45002.0,1.067667669236856
25579.0,42997.0,1.067659989308677
25579.0,43036.0,1.0664951455889915
25579.0,43274.0,1.0677827572538594
25579.0,45363.0,1.0673848607874667
25375.0,41968.0,1.0004369378698603
25394.0,26590.0,1.0010630311130204
25398.0,48525.0,1.0012098101566922
25415.0,4956.0,1.0
25415.0,6923.0,1.0006733338031162
25415.0,36176.0,1.0007280649932808
25415.0,44255.0,1.0
25415.0,44319.0,1.0000537162866348
25415.0,45694.0,1.0
25415.0,45929.0,1.0012220790272746
25415.0,43496.0,1.0
25415.0,37593.0,1.0
25415.0,38250.0,1.0
25415.0,39334.0,1.001887763199063
25415.0,39437.0,1.0000386752187056
25415.0,41842.0,1.0
25120.0,27223.0,1.002955267228386
25153.0,26486.0,1.0
25206.0,40275.0,1.0025076923182938
25220.0,32418.0,1.001321096380562
25281.0,26918.0,1.0
25359.0,28279.0,1.0015424323351056
25425.0,16419.0,1.0031721388149777
22400.0,23681.0,1.0003116229962787
22400.0,23449.0,1.0003950916101032
22504.0,18951.0,1.0
22504.0,32951.0,1.0014709323569975
22504.0,32957.0,1.000908787239626
22504.0,45589.0,1.0
22385.0,43150.0,1.0025028779374898
22385.0,32719.0,1.0027390811493104
22367.0,16234.0,1.0
22367.0,14090.0,1.0
22367.0,50294.0,1.0
22367.0,52191.0,1.0011704005362798
22367.0,48395.0,1.0
22367.0,36029.0,1.0007325859610492
22367.0,36594.0,1.0
22367.0,37266.0,1.0
22367.0,38290.0,1.0017192723112252
22367.0,38491.0,1.0012991264196875
22367.0,39802.0,1.0
22367.0,35783.0,1.0
22367.0,35608.0,1.0014952353094142
22367.0,34236.0,1.0003671572610824
22367.0,34262.0,1.0005477004954997
22367.0,34825.0,1.0
22367.0,34846.0,1.0
22367.0,35153.0,1.0010856080901844
22367.0,35431.0,1.0000787725296623
22367.0,35739.0,1.0
22367.0,46029.0,1.0
22367.0,47186.0,1.000423350801064
22367.0,47821.0,1.0
22367.0,47966.0,1.0
22367.0,44662.0,1.0
22367.0,40494.0,1.0
22367.0,40665.0,1.0
22367.0,40716.0,1.0005330664612935
22367.0,41000.0,1.0012385575290133
22367.0,41250.0,1.0
22367.0,32357.0,1.0
22367.0,32298.0,1.0001412967576346
22367.0,4923.0,1.0
22367.0,27758.0,1.0018171430614087
22367.0,27918.0,1.0003939780225304
22367.0,31319.0,1.001686572063399
22367.0,31414.0,1.0010776737611928
22367.0,31949.0,1.0
22367.0,26535.0,1.00014721636882
22367.0,26366.0,1.0
22367.0,7626.0,1.0008707228692932
22367.0,16122.0,1.000147992938587
22367.0,20420.0,1.003150036648808
22682.0,40820.0,1.0007401244538625
22682.0,44051.0,1.0013899074874486
22733.0,23743.0,1.001990760771878
22733.0,24099.0,1.002896453468611
22784.0,12476.0,1.0009170239890461
22806.0,26460.0,1.0
22522.0,36926.0,1.000197286038923
22522.0,40535.0,1.001738601239154
22522.0,40900.0,1.0008477039497015
22545.0,26370.0,1.0022384523105696
22624.0,23619.0,1.0
22879.0,44245.0,1.0011752842039097
23274.0,25262.0,1.003126750436011
23293.0,8520.0,1.0010985437322224
23481.0,47350.0,1.000608689970263
23506.0,44100.0,1.0
23506.0,45993.0,1.0006834966286489
23506.0,51944.0,1.0003064812393796
23149.0,52155.0,1.0018751599302629
23149.0,45017.0,1.0
23149.0,32459.0,1.0
23149.0,44175.0,1.0012672563609597
23188.0,1333.0,1.0
23188.0,44935.0,1.0
23188.0,47933.0,1.0
23203.0,36204.0,1.0011105378297878
23254.0,20860.0,1.0030098009279107
24765.0,26416.0,1.0
24937.0,25181.0,1.0019318855426107
24966.0,23943.0,1.002562146535878
24987.0,26671.0,1.0015857538927142
24991.0,26664.0,1.003736309218704
23523.0,2080.0,1.0
23554.0,39276.0,1.0014204221072935
23580.0,9701.0,1.0021112514489818
24599.0,35152.0,1.0016701817861628
24645.0,43371.0,1.002431804423172
24698.0,3430.0,1.0017145999103538
23087.0,27572.0,1.0004174301001003
23087.0,28505.0,1.0003297235052948
23087.0,30234.0,1.0014350251334567
23087.0,34481.0,1.0004013056999532
23087.0,14232.0,1.0002319720225237
23087.0,15416.0,1.0
23087.0,44318.0,1.0021807449070534
23087.0,35472.0,1.000316773260351
23087.0,40561.0,1.000570871812871
23087.0,41804.0,1.0
23087.0,41989.0,1.000005739777795
22916.0,7013.0,1.0003499434909446
22922.0,23849.0,1.0019392629564752
22976.0,26494.0,1.0033721372908408
22976.0,27158.0,1.0011610888042681
23035.0,31388.0,1.0
23059.0,25167.0,1.0021566298743385
23067.0,23967.0,1.0007068544037536
26143.0,74.0,1.0038929023763572
26297.0,10490.0,1.0
26120.0,16763.0,1.0015122573842503
26088.0,31385.0,1.0017874836574951
26046.0,23175.0,1.0033830084971846
25619.0,27726.0,1.0002300948009026
25659.0,29994.0,1.0009284934019194
25723.0,27861.0,1.0020598004001864
25847.0,20313.0,1.003588476153072
25868.0,27392.0,1.0025406359657685
26476.0,27940.0,1.003744151917216
26648.0,30929.0,1.0009059968518388
26648.0,31231.0,1.0
26648.0,25326.0,1.0
26648.0,8376.0,1.0011515578970034
26648.0,8886.0,1.0024962799848482
26648.0,9907.0,1.0004015392072336
26648.0,11220.0,1.0
26648.0,8048.0,1.0
26648.0,13945.0,1.0
26648.0,30972.0,1.0
26648.0,31365.0,1.0000615565880422
26648.0,30361.0,1.0
26648.0,30389.0,1.0012646893989703
26648.0,30469.0,1.0
26648.0,30501.0,1.0
26648.0,30507.0,1.0
26648.0,30522.0,1.0
26648.0,30796.0,1.0
26648.0,34463.0,1.0016770621633428
26648.0,34494.0,1.0003524508899966
26648.0,34513.0,1.0
26648.0,35168.0,1.0
26648.0,35178.0,1.0001193852830548
26648.0,35991.0,1.000732588442219
26648.0,36017.0,1.0
26648.0,32706.0,1.0
26648.0,31896.0,1.0
26648.0,32209.0,1.001012798024703
26648.0,32423.0,1.0007466596565944
26648.0,32469.0,1.0
26648.0,19495.0,1.0001769904604247
26648.0,19804.0,1.0025149212752484
26648.0,21937.0,1.0
26648.0,23560.0,1.0013310467719396
26648.0,23799.0,1.002169189758286
26648.0,18586.0,1.0
26648.0,14178.0,1.0003607619767054
26648.0,14556.0,1.0
26648.0,18432.0,1.0
26648.0,28787.0,1.0005215541258263
26648.0,28865.0,1.0
26648.0,28909.0,1.000454612482182
26648.0,29984.0,1.0
26648.0,30093.0,1.0
26648.0,30133.0,1.0005055303768242
26648.0,28749.0,1.0004069700779152
26648.0,27202.0,1.0
26648.0,27814.0,1.0
26648.0,28179.0,1.0
26648.0,28415.0,1.0
26648.0,28601.0,1.0
26648.0,37265.0,1.001695838463863
26648.0,42905.0,1.001425444742595
26536.0,38416.0,1.003439091934569
26587.0,37284.0,1.0009980048863993
25597.0,35889.0,1.0
25597.0,38760.0,1.0
25597.0,39009.0,1.0
25597.0,39049.0,1.000057771515611
25597.0,39456.0,1.000270691441158
25597.0,39512.0,1.0
25597.0,37459.0,1.0007126915425821
25597.0,37557.0,1.0004836221479934
25597.0,37651.0,1.0005883238699005
25597.0,37802.0,1.0
25597.0,38015.0,1.0
25597.0,46171.0,1.0003338586703416
25597.0,47722.0,1.0
25597.0,47752.0,1.0
25597.0,47839.0,1.0001304048331645
25597.0,48450.0,1.0000867884697902
25597.0,45576.0,1.0000597131398015
25597.0,45462.0,1.0
25597.0,40312.0,1.0001430875056552
25597.0,41270.0,1.0012674411837739
25597.0,41908.0,1.0001170423985497
25597.0,42946.0,1.0
25597.0,37385.0,1.0
25597.0,37309.0,1.0
25597.0,36535.0,1.0000460986196316
25597.0,14190.0,1.0
25597.0,31328.0,1.0009003999140669
25597.0,31972.0,1.0003369185234907
25597.0,32149.0,1.0001261149147767
25597.0,34361.0,1.0
25597.0,36288.0,1.0
25597.0,36330.0,1.0
25597.0,36746.0,1.0
25597.0,36797.0,1.0001810844949626
25597.0,37221.0,1.000171405433558
25597.0,32805.0,1.0015147355986866
25597.0,34863.0,1.0010915620464784
25597.0,35336.0,1.0002010068544194
25597.0,35680.0,1.000719242382169
25597.0,37329.0,1.0
16777.0,47243.0,1.0010812058756355
16778.0,1367.0,1.0026692603848975
16852.0,22456.0,1.0028237735466652
16878.0,13910.0,1.0024051625327308
16889.0,7119.0,1.0020968699718817
16894.0,28897.0,1.0046860324382414
16952.0,18943.0,1.002559193331506
16959.0,47449.0,1.0031382517867358
16965.0,6788.0,1.0024543649514086
16965.0,18950.0,1.0012126267452837
16419.0,20473.0,1.0012986899143228
16577.0,10461.0,1.0011379053662988
16672.0,14886.0,1.0
16700.0,19915.0,1.0008439127889939
16700.0,22489.0,1.0038884859063242
16711.0,18628.0,1.0043300929969656
17218.0,19223.0,1.0034407120682949
17355.0,22068.0,1.0035469669832935
17358.0,7087.0,1.000724607566573
17358.0,19477.0,1.0002680464423896
16968.0,13554.0,1.0027316326505218
16968.0,17608.0,1.0017668477167754
17044.0,18635.0,1.0026915865216075
17062.0,19042.0,1.0045858344433776
17062.0,19044.0,1.0044349598460767
17070.0,9089.0,1.0033253381974445
15636.0,15538.0,1.002717309985287
15649.0,8739.0,1.0056494876032884
15936.0,16920.0,1.0036899902964613
15949.0,18173.0,1.0014715287637732
15288.0,45893.0,1.0
15288.0,44879.0,1.0001092944317098
15288.0,34888.0,1.0001457282633452
15288.0,41755.0,1.0020634123546084
15288.0,42400.0,1.0011699792562592
15288.0,4762.0,1.0000743059310744
15288.0,17530.0,1.0013852541025767
15288.0,18573.0,1.0
15288.0,19625.0,1.0
15288.0,19784.0,1.0
15288.0,23504.0,1.0006087904068655
15288.0,44876.0,1.0
15483.0,8420.0,1.002192031580788
15574.0,17695.0,1.0015994174155343
15961.0,35213.0,1.00453828970724
15977.0,28672.0,1.0
15977.0,52027.0,1.0
16282.0,20006.0,1.0022641467191407
16201.0,38383.0,1.0005913816355916
16194.0,14683.0,1.0000877304374012
16003.0,5268.0,1.0013423765323777
16003.0,19813.0,1.0006029194934278
17394.0,19298.0,1.0040162722388277
17494.0,19362.0,1.0
18322.0,5986.0,1.0020970622847192
18331.0,9663.0,1.0014823678722424
18335.0,18420.0,1.0
18335.0,22170.0,1.0
18335.0,34272.0,1.002180087383033
18008.0,25280.0,1.0
18008.0,46071.0,1.0
18008.0,19943.0,1.0
18012.0,26947.0,1.0035547515827477
18381.0,45514.0,1.0
18404.0,15282.0,1.0005501787653928
18414.0,20001.0,1.0007402864358617
18450.0,20092.0,1.0006927476930791
18519.0,6114.0,1.0017109527591448
17572.0,28230.0,1.0
17572.0,415.0,1.0
17572.0,16490.0,1.0000941416468938
17575.0,40278.0,1.0018754178268934
17590.0,19353.0,1.0
17748.0,19974.0,1.0039778932490915
17811.0,44214.0,1.0006162276575734
17526.0,39327.0,1.0028407827634946
17546.0,20003.0,1.0012048498474386
17834.0,40207.0,1.001223317105244
17834.0,43009.0,1.0004490076060484
17948.0,20835.0,1.0023031335920487
17960.0,19776.0,1.0004976576999147
17986.0,47525.0,1.0012532045503784
17914.0,41380.0,1.0015074664492831
13949.0,16313.0,1.0
13967.0,16864.0,1.0
13967.0,27390.0,1.0
13521.0,16198.0,1.0010380088745552
13630.0,4972.0,1.001985594190472
13995.0,34205.0,1.0022527523246902
14160.0,16313.0,1.0
14205.0,15004.0,1.0032379187091263
14436.0,16825.0,1.0024667640405887
14071.0,1959.0,1.0023842658669837
14002.0,8095.0,1.0
14002.0,22241.0,1.0016779177279853
14002.0,22770.0,1.0003570407764668
14008.0,16277.0,1.0027492059983294
14018.0,16479.0,1.000356923820046
14064.0,10864.0,1.0
14114.0,6798.0,1.0017895005422088
11957.0,25249.0,1.0026406631268043
11957.0,15238.0,1.0012431644667206
11993.0,8080.0,1.003069134624132
12033.0,15460.0,1.0041524593859779
12034.0,16096.0,1.0011503273671865
13133.0,1990.0,1.0010968719480335
11905.0,13652.0,1.0
11777.0,1770.0,1.0020247602627428
11795.0,14707.0,1.0028901466327516
11798.0,1367.0,1.0011302531608877
11849.0,13798.0,1.003180897101628
11870.0,15445.0,1.0
13187.0,23513.0,1.0023368912009833
13418.0,18168.0,1.0
13464.0,23964.0,1.0005744342361056
13464.0,26764.0,1.0007081338877224
13190.0,4409.0,1.0018993805122
13333.0,15278.0,1.0032075376572516
13388.0,10674.0,1.0033638612936262
15099.0,17422.0,1.00209584238422
15118.0,8531.0,1.0025445929190868
15184.0,7477.0,1.000179850991864
15184.0,50080.0,1.0
15249.0,14745.0,1.0013205866752273
15272.0,17584.0,1.0030779536166439
15040.0,16414.0,1.0027758100279736
14819.0,23757.0,1.0001052139119007
14911.0,2839.0,1.001074703957928
14912.0,8263.0,1.001070544475835
14912.0,6180.0,1.001018197255946
14765.0,18001.0,1.0013630219431806
14582.0,28446.0,1.0
14582.0,7209.0,1.0
14582.0,23964.0,1.0002214288502072
14582.0,28907.0,1.0001881466520486
14582.0,31055.0,1.0000209396045738
14582.0,32720.0,1.000544440983372
14582.0,34598.0,1.0
14582.0,27965.0,1.0
14582.0,27801.0,1.0009387699231036
14582.0,25123.0,1.0
14467.0,7287.0,1.0003153120385586
14508.0,13720.0,1.000640220472386
14740.0,17921.0,1.0006794424554302
14740.0,19845.0,1.0017862755056162
14749.0,17156.0,1.0011725349854659
14736.0,13976.0,1.002038844887772
14622.0,36099.0,1.0026433026869985
14651.0,19679.0,1.0005810251884228
14696.0,42318.0,1.0025342423369534
18544.0,21969.0,1.003538200575795
18604.0,22073.0,1.0
18604.0,39193.0,1.0
18604.0,26964.0,1.0010340436993428
18604.0,3435.0,1.0003984683230565
18604.0,22452.0,1.0002783798644659
18604.0,22258.0,1.0
18604.0,9193.0,1.0002618474754157
18604.0,21905.0,1.0
18604.0,22086.0,1.0018856535831036
18604.0,22224.0,1.0002191253629342
21289.0,40697.0,1.0
21289.0,47977.0,1.0001241054544596
21289.0,50302.0,1.0005965603069613
21289.0,50324.0,1.0
21289.0,50460.0,1.0
21289.0,50724.0,1.0008631712904323
21289.0,49877.0,1.0022830095405706
21289.0,24055.0,1.0
21289.0,49805.0,1.0008184266791782
21224.0,19668.0,1.0028088852137962
21262.0,22463.0,1.0032834642400916
21297.0,48450.0,1.0001506953127128
21297.0,3348.0,1.0
21297.0,19771.0,1.0012447525882753
21297.0,28424.0,1.0
21297.0,48333.0,1.00001042034827
21433.0,30753.0,1.0009599593361898
21433.0,30264.0,1.0010907088410084
21433.0,30231.0,1.0
21433.0,26913.0,1.0
21441.0,22412.0,1.001126873131078
21463.0,22632.0,1.0053876610282502
21494.0,22684.0,1.002916734702993
21533.0,30983.0,1.0005340061605938
21331.0,22663.0,1.005726570295333
20749.0,26782.0,1.0008461719505872
20749.0,28314.0,1.0013784873050793
20749.0,30659.0,1.0
20749.0,31041.0,1.0
20749.0,31156.0,1.0
20749.0,27612.0,1.0
20749.0,27822.0,1.0
20749.0,27882.0,1.00018833819556
20749.0,27934.0,1.0010517878199154
20749.0,28135.0,1.0003635155968964
20749.0,29951.0,1.0000098263877535
20749.0,27536.0,1.0007260991154188
20749.0,6738.0,1.0006380064584142
20749.0,8135.0,1.0004387081948871
20749.0,27040.0,1.0
20749.0,27123.0,1.0
20749.0,27291.0,1.0
20749.0,27033.0,1.0
20749.0,22345.0,1.0004864534331248
20749.0,27019.0,1.0
20749.0,22525.0,1.0003485329103148
20749.0,22555.0,1.0
20749.0,22630.0,1.0
20749.0,22735.0,1.000081859123221
20749.0,22958.0,1.0012139468470447
20776.0,20389.0,1.0
20816.0,5057.0,1.0
20874.0,22489.0,1.0052187821170715
21537.0,22732.0,1.0024630704488655
21074.0,22020.0,1.0004742572613914
21118.0,22606.0,1.0010619078266463
21135.0,22347.0,1.00146821294295
21196.0,2153.0,1.0
21196.0,26450.0,1.0
21208.0,17409.0,1.0026224569951956
21027.0,22607.0,1.001423545941933
20901.0,22091.0,1.000927976367505
20991.0,22890.0,1.0
20991.0,23072.0,1.0006020688067514
21016.0,22411.0,1.0
21016.0,22464.0,1.0008705041977441
21542.0,26918.0,1.0
21543.0,25222.0,1.0001675506946415
22247.0,8367.0,1.0
22247.0,49811.0,1.0011544424420218
22247.0,44313.0,1.0
22247.0,44354.0,1.0006212362997868
22288.0,5480.0,1.0022540631039394
22324.0,50544.0,1.0001676180992896
22324.0,52234.0,1.0014705252403793
22364.0,22476.0,1.004422479980933
22224.0,15573.0,1.002302316725303
21826.0,37520.0,1.0019834070714582
21862.0,22785.0,1.0005992369939984
21903.0,28667.0,1.0013446203463883
21907.0,38434.0,1.0020549394175002
21916.0,23004.0,1.0023266668629445
21930.0,47251.0,1.0000576765645435
21768.0,23078.0,1.0031181193618595
21570.0,22730.0,1.0
21614.0,40098.0,1.0025357025649093
21714.0,26372.0,1.002171037224964
21963.0,36950.0,1.0
21963.0,49844.0,1.0019435738829106
21963.0,32555.0,1.00207305170884
21963.0,39300.0,1.0011468704967788
21963.0,35729.0,1.0
21963.0,36456.0,1.000348827359511
21963.0,36883.0,1.0
21963.0,38107.0,1.0003221048978668
21976.0,31481.0,1.0001238219473803
22010.0,23095.0,1.0
22031.0,23111.0,1.0032959160440473
22157.0,3257.0,1.0008132858630847
22157.0,4217.0,1.002323333066697
22188.0,32474.0,1.0
19250.0,1304.0,1.0
19250.0,16765.0,1.0010902587285302
19250.0,7942.0,1.0
19250.0,8742.0,1.0010631053086854
19250.0,13535.0,1.0
19250.0,14654.0,1.0
19250.0,16743.0,1.0000869952648144
19250.0,17400.0,1.0000432968387816
19250.0,2970.0,1.0001634207898564
19250.0,22384.0,1.001909272855639
19250.0,20523.0,1.0026377745380435
19250.0,20767.0,1.0
19250.0,22017.0,1.0
19250.0,22029.0,1.0
19114.0,23408.0,1.0016716938610442
19169.0,20459.0,1.0040077256733102
19183.0,31989.0,1.0003107753416893
19183.0,23354.0,1.0
19338.0,20649.0,1.0
19346.0,33135.0,1.0
19346.0,5109.0,1.0014293866554185
19346.0,20831.0,1.0
19346.0,27769.0,1.0013546331704841
19346.0,32174.0,1.000549249898748
19346.0,52063.0,1.0
19085.0,20459.0,1.0020321556316008
19086.0,36704.0,1.0063160571642722
18646.0,52023.0,1.0028882151623943
18646.0,44652.0,1.0012917254367462
18880.0,20304.0,1.0045237766663815
18882.0,1319.0,1.0
19054.0,20645.0,1.002332841409973
18784.0,20276.0,1.0010511725294682
18755.0,22395.0,1.0037586934625347
18704.0,20124.0,1.0021002484747037
18704.0,14028.0,1.0010369375979853
18708.0,20216.0,1.0033625733279745
20701.0,37557.0,1.0006016301310965
20701.0,35451.0,1.0
20701.0,37381.0,1.0007648236192872
20701.0,40117.0,1.0
20701.0,43736.0,1.0003116225562556
20701.0,14147.0,1.0004863781801001
19631.0,45130.0,1.0036062847858058
20688.0,39998.0,1.0025140919524456
20688.0,40585.0,1.0025880519580386
20695.0,27723.0,1.0
20695.0,35028.0,1.0
20695.0,38031.0,1.0
19407.0,20767.0,1.0
19407.0,22394.0,1.0
19407.0,26656.0,1.0
19441.0,19762.0,1.0015855980692794
19393.0,14556.0,1.0017613026124335
19504.0,20716.0,1.0018583314459313
19552.0,19744.0,1.0000651530190485
19552.0,9268.0,1.0000582719508488
19552.0,22145.0,1.0010249983541322
19552.0,20885.0,1.000270079957422
19552.0,22034.0,1.0003816999305555
19552.0,22303.0,1.0
19552.0,22557.0,1.0
19552.0,20588.0,1.0021577654772613
19552.0,19169.0,1.0
19552.0,20632.0,1.0017463861660505
19548.0,16784.0,1.0002504205580056
11771.0,16022.0,1.0026477927638164
41728.0,47917.0,1.0
41728.0,41773.0,1.000392513970934
41728.0,19044.0,1.000714638457083
41728.0,45380.0,1.0
41728.0,51916.0,1.0
41728.0,40677.0,1.0
41728.0,45463.0,1.000131328485732
41728.0,45808.0,1.0
41728.0,46097.0,1.0006220250504727
41728.0,46098.0,1.0
41728.0,47184.0,1.0
41728.0,47282.0,1.0
41728.0,47453.0,1.0023071491223838
41728.0,44039.0,1.0008986341420893
41728.0,44267.0,1.0
41728.0,47716.0,1.0004052135338704
41728.0,48530.0,1.0011612075449428
41728.0,48586.0,1.0011747105900053
41728.0,50025.0,1.0
41728.0,50044.0,1.0003192994888943
41728.0,50047.0,1.0010917258496732
41728.0,35082.0,1.0026402940419388
41728.0,35132.0,1.0
41728.0,40346.0,1.0
41728.0,13551.0,1.0
41728.0,17718.0,1.0
41728.0,40444.0,1.0007542286000635
41728.0,42255.0,1.000621456676245
41728.0,42705.0,1.0010653816681843
41728.0,43018.0,1.0
41728.0,40629.0,1.0
41728.0,41372.0,1.0008483883471357
41728.0,45479.0,1.0
41812.0,39398.0,1.0023116534651597
41815.0,5611.0,1.0
41815.0,14581.0,1.0
41815.0,47505.0,1.0
41455.0,45298.0,1.0016644812710416
41486.0,19836.0,1.004259171725303
41577.0,47854.0,1.0007046239969064
41577.0,44230.0,1.0015733575613655
41587.0,39235.0,1.0012451798961697
43527.0,45264.0,1.1796068014210686
43563.0,41562.0,1.0005883737551104
43563.0,47560.0,1.0
43603.0,47305.0,1.0
43603.0,42268.0,1.0
43603.0,40881.0,1.0022787068109837
43603.0,43779.0,1.0
43603.0,40898.0,1.0
43603.0,40983.0,1.0
43603.0,41066.0,1.0008645400577523
43603.0,41214.0,1.0
43603.0,41401.0,1.0
43603.0,41422.0,1.0
43603.0,44977.0,1.0
43512.0,40431.0,1.0062815164685965
43509.0,3486.0,1.0031756216678565
43242.0,35190.0,1.001351007355943
43242.0,38629.0,1.0008738209031363
43268.0,42600.0,1.0029051827301247
43293.0,40270.0,1.0024447981315103
43852.0,42132.0,1.0030629493349539
43898.0,20347.0,1.0019756964112478
41916.0,49969.0,1.0003572620740484
41916.0,50591.0,1.0
41916.0,15609.0,1.0
41916.0,40107.0,1.0014614761485459
41965.0,39437.0,1.0025509484093929
41985.0,39495.0,1.002139067485642
42326.0,39630.0,1.0019731622702448
42348.0,765.0,1.0013711973956265
42448.0,39752.0,1.0022628534605134
41882.0,52234.0,1.0041990469163529
43058.0,40096.0,1.0
43133.0,38529.0,1.0
43182.0,35883.0,1.0003439762767588
42661.0,27662.0,1.0009292301969288
42706.0,42515.0,1.0011207652209297
42780.0,39016.0,1.001569736212934
39204.0,37566.0,1.0037763080787505
39225.0,37613.0,1.0026203506890627
39309.0,40397.0,1.0002559298145046
39185.0,30147.0,1.0032674609657117
39375.0,39138.0,1.0
39402.0,36038.0,1.0018497653756495
39100.0,43057.0,1.0013708106914836
38979.0,41870.0,1.0005762070502926
38979.0,26988.0,1.001524175655233
39009.0,46016.0,1.0
39408.0,38088.0,1.002675312201605
39592.0,52229.0,1.0001145944942516
39663.0,39149.0,1.0
38970.0,37388.0,1.0032724235473012
39459.0,42515.0,1.0
39459.0,42169.0,1.0
39479.0,37796.0,1.0021319679774945
38429.0,34370.0,1.0
38429.0,40672.0,1.0015864244130401
38429.0,39288.0,1.0002635320396194
38429.0,39822.0,1.0010394520434587
38429.0,40947.0,1.0005018673641142
38429.0,38871.0,1.0
38429.0,40970.0,1.0005346425016879
38429.0,25207.0,1.0
38429.0,38008.0,1.0
38429.0,38196.0,1.0026091361138714
38429.0,38425.0,1.0
38429.0,38501.0,1.0
38429.0,38670.0,1.0016382019098506
38429.0,41512.0,1.001833893119805
38429.0,42354.0,1.0009321700063043
38429.0,43587.0,1.0
38429.0,43688.0,1.0
38403.0,50364.0,1.0
39683.0,43198.0,1.003498917711431
38771.0,35977.0,1.001986875105221
38786.0,37269.0,1.0030164127136874
38511.0,19022.0,1.006137260338685
40542.0,38520.0,1.0045032576611415
40775.0,38645.0,1.0016796670593384
40806.0,38951.0,1.0012989929442773
40287.0,3246.0,1.0005995913600503
40121.0,38191.0,1.0049375391162345
40122.0,47821.0,1.0007666176523744
40122.0,47176.0,1.0011355545952871
40122.0,45631.0,1.0010240748462864
40235.0,32926.0,1.0
40846.0,39053.0,1.0018954852709665
40846.0,4146.0,1.0017097324402813
40846.0,41524.0,1.0001258893898664
41053.0,41434.0,1.0003488204856186
41194.0,14255.0,1.0019638325414297
40963.0,38423.0,1.0
40963.0,13896.0,1.0003544123124903
40916.0,42653.0,1.0
40916.0,48031.0,1.0
40916.0,44941.0,1.0
39975.0,38088.0,1.00207266939782
39774.0,42495.0,1.0
39774.0,47395.0,1.0
39774.0,47405.0,1.000020482490682
39774.0,37989.0,1.000101793730638
39774.0,38080.0,1.0001029970954307
39774.0,41285.0,1.0
39774.0,48399.0,1.0
39774.0,47487.0,1.00108944939774
39774.0,47640.0,1.0
39774.0,48245.0,1.0007258929155463
39844.0,39028.0,1.0
39853.0,38716.0,1.0012050821367757
39853.0,47605.0,1.0011561400597737
52399.0,48378.0,1.0000497676810367
52399.0,45838.0,1.0
52410.0,45249.0,1.0030319981861282
52413.0,50364.0,1.0017780017548892
52482.0,45329.0,1.001022600887182
52503.0,45353.0,1.0027761985676344
52183.0,47927.0,1.1011063412422653
52183.0,45603.0,1.1042694316756168
53272.0,52134.0,1.002199840020932
53415.0,28010.0,1.0001271161512824
52703.0,45668.0,1.0018882881507516
53054.0,50728.0,1.0045961422317489
53054.0,51852.0,1.001382415498398
53054.0,51864.0,1.00261419100144
52086.0,47505.0,1.0007740754366214
50189.0,1851.0,1.001916476463713
50277.0,44684.0,1.000342015339936
50315.0,44245.0,1.0011360587532299
50315.0,44551.0,1.0
50566.0,39189.0,1.0024667914319991
48453.0,40084.0,1.0001760108642839
48566.0,43742.0,1.0025915829834762
48703.0,43805.0,1.0021069929748303
48813.0,22970.0,1.002584034567901
49874.0,45993.0,1.0017784817402786
50602.0,45426.0,1.00067380745949
50794.0,43910.0,1.0
50830.0,231.0,1.001172090856667
50875.0,9144.0,1.003498232090066
50615.0,44525.0,1.0
50680.0,14134.0,1.0020486382846985
50765.0,44687.0,1.0028351439550476
58219.0,45878.0,1.004023252345114
58664.0,51998.0,1.0
58675.0,15253.0,1.0008007180310043
58675.0,50551.0,1.0011084981459208
58675.0,35185.0,1.0021367015280183
58675.0,50500.0,1.0006405931056386
57213.0,48517.0,1.0019523693835959
57213.0,28770.0,1.0025174813105433
57250.0,48530.0,1.005710666221068
57538.0,50385.0,1.0011899067272347
57647.0,49782.0,1.0
59737.0,52232.0,1.0031023147810825
59921.0,51973.0,1.0018031742719973
60062.0,4996.0,1.0016390317947523
60082.0,35204.0,1.002513770479329
60322.0,52177.0,1.0
59625.0,3571.0,1.0009692933739613
59559.0,45808.0,1.0012123013551741
58856.0,12494.0,1.0006500116535408
59026.0,42638.0,1.0019451223893354
59131.0,42641.0,1.0050930837199752
59550.0,52058.0,1.0024457599731393
57202.0,51934.0,1.0
57202.0,52036.0,1.0054521173287023
57202.0,51910.0,1.0031099630687141
57202.0,49823.0,1.001606264554619
57202.0,50070.0,1.003201945152013
55457.0,48409.0,1.002472581342102
55495.0,47475.0,1.0
55499.0,46056.0,1.001503622261744
55499.0,46129.0,1.001585581842042
55598.0,48409.0,1.0020966170096508
55806.0,47453.0,1.0039852111525387
55839.0,47627.0,1.0004673666648782
55215.0,47294.0,1.0008484211870505
53506.0,38915.0,1.0026427929558859
53771.0,10625.0,1.0023975739371516
53859.0,46083.0,1.0012907032854488
56765.0,48204.0,1.0024102686289158
56809.0,44719.0,1.0018797311125853
56885.0,10875.0,1.004275597263674
56936.0,40347.0,1.0041811301506816
57017.0,48397.0,1.001494987269354
57055.0,50445.0,1.002422557346183
56104.0,47809.0,1.001394140522496
56156.0,50713.0,1.0011656217178106
56297.0,47933.0,1.0
45957.0,41945.0,1.0033529614733296
46077.0,15951.0,1.0
46077.0,7334.0,1.000964815723736
46077.0,42414.0,1.0
46077.0,43399.0,1.0
45501.0,47873.0,1.0009552153257122
45661.0,43482.0,1.0005359145435075
45719.0,44142.0,1.0010588908280176
46142.0,42050.0,1.003241935498059
46152.0,42063.0,1.0
46182.0,42268.0,1.0
46182.0,45833.0,1.0
46223.0,43917.0,1.001480385165156
46288.0,50373.0,1.0042256151377003
46124.0,43878.0,1.0005023306750127
46093.0,45717.0,1.002740176855169
46093.0,48509.0,1.0009108658926238
44268.0,40950.0,1.0001672993176989
44268.0,42733.0,1.000129688468239
44268.0,36901.0,1.0015789933903887
44274.0,40943.0,1.0020035027106675
44609.0,41040.0,1.0029140138247066
44705.0,41093.0,1.0054450762689955
44206.0,42627.0,1.0035749314810738
43981.0,40716.0,1.0018328828156102
43981.0,41833.0,1.002565965854148
44152.0,51852.0,1.0
44152.0,42077.0,1.0013721705573795
44152.0,48348.0,1.0001677742047292
44155.0,40790.0,1.0027902053214597
45112.0,41361.0,1.0
45121.0,46023.0,1.0017798612287308
45173.0,41361.0,1.0007866969126673
45178.0,41245.0,1.0
45281.0,44376.0,1.0016733078978366
45049.0,7494.0,1.0012788706231253
44762.0,41824.0,1.0
44787.0,18080.0,1.0015613599347368
44999.0,41271.0,1.0053702577980097
45037.0,41292.0,1.0016395175756565
46320.0,40681.0,1.0021595753281158
48036.0,50732.0,1.0003608457650939
48234.0,43482.0,1.0017460432015608
48266.0,43993.0,1.0226189747139027
48266.0,52003.0,1.023547523771113
48266.0,8407.0,1.0237597966652348
48266.0,28210.0,1.0244129338836463
48266.0,34773.0,1.0238178367206499
48266.0,41559.0,1.0239211241591855
48266.0,44071.0,1.024364533193298
47435.0,51876.0,1.0029776406866557
47445.0,50629.0,1.0025227597505755
47189.0,6010.0,1.0011906039549308
46498.0,42436.0,1.0022597752966687
46498.0,42588.0,1.00106156823625
46756.0,38290.0,1.003669983481675
46385.0,41234.0,1.0024896613833174
46389.0,28696.0,1.003418945046391
46433.0,9081.0,1.0024732754008807
46433.0,48559.0,1.000091991175477
46435.0,19914.0,1.0
47045.0,42749.0,1.0011803106867778
47069.0,45738.0,1.0
47018.0,37352.0,1.0022827754652672
46917.0,50364.0,1.0014100539889101
46796.0,44903.0,1.0
46796.0,42630.0,1.000002957877223
46796.0,43955.0,1.0
46856.0,5537.0,1.0024240342512787
46867.0,10707.0,1.0001440665916648
46916.0,42660.0,1.002730434705732
30536.0,31333.0,1.0
30596.0,43914.0,1.0
30596.0,39276.0,1.0
30596.0,36710.0,1.0
30596.0,40687.0,1.0
30596.0,44499.0,1.0
30596.0,38696.0,1.0
30596.0,15344.0,1.0
30596.0,34403.0,1.0
30596.0,34516.0,1.0
30596.0,35234.0,1.0
30596.0,43550.0,1.0
30596.0,40936.0,1.0
30596.0,40481.0,1.0
30596.0,36658.0,1.0
30596.0,37428.0,1.0
30307.0,23395.0,1.005143972745402
30307.0,42662.0,1.003443820376376
30307.0,40438.0,1.0020881160445043
30350.0,50105.0,1.0
29579.0,48557.0,1.0005195580142103
29579.0,7340.0,1.0
29579.0,45770.0,1.0
29579.0,41065.0,1.0000468215832001
29579.0,47227.0,1.0
29579.0,41089.0,1.0008943342464858
29579.0,40156.0,1.0
29579.0,45715.0,1.0006017978670576
29579.0,46056.0,1.0
29579.0,43592.0,1.0
29579.0,50023.0,1.0009128738663964
29579.0,27590.0,1.000067632940208
29579.0,43736.0,1.0
29579.0,14181.0,1.0
29579.0,47238.0,1.0005751297513021
29579.0,39752.0,1.0
29579.0,31822.0,1.0
29579.0,47220.0,1.0
29579.0,50092.0,1.0002943134903097
29579.0,40079.0,1.0
29579.0,40113.0,1.0001198379742373
29579.0,47758.0,1.0
29579.0,51973.0,1.0
29579.0,43910.0,1.0
29579.0,46023.0,1.0
29579.0,45759.0,1.0014672424277848
29579.0,47355.0,1.0
29579.0,43973.0,1.0
29579.0,52168.0,1.0
29579.0,50231.0,1.0
29579.0,50326.0,1.0
29579.0,50380.0,1.0
29579.0,51830.0,1.0023727368385118
29579.0,41595.0,1.0
29579.0,41959.0,1.0
29579.0,8790.0,1.0
29579.0,39711.0,1.0
29579.0,46112.0,1.0
29579.0,47201.0,1.0
29579.0,45343.0,1.0
29579.0,48611.0,1.0
29579.0,49655.0,1.0
29579.0,47632.0,1.0
29579.0,47681.0,1.0008120777639138
29579.0,50112.0,1.0
29579.0,41080.0,1.0003240508351545
29579.0,40460.0,1.0
29579.0,39922.0,1.0
29579.0,40146.0,1.001035773887306
29579.0,40152.0,1.0016458082150532
29579.0,40168.0,1.0011550138947358
29579.0,40367.0,1.0019269306060452
29579.0,40443.0,1.0
29579.0,43747.0,1.0
29579.0,44681.0,1.0
29579.0,41659.0,1.0
29579.0,41741.0,1.0001484826067555
29579.0,41860.0,1.0
29921.0,16568.0,1.0
30066.0,32092.0,1.0
30092.0,30953.0,1.0004294201418236
30705.0,31349.0,1.0005652519074195
31941.0,32283.0,1.0048288689676104
31982.0,26907.0,1.003371450799189
31988.0,38533.0,1.0001460711490897
31988.0,48521.0,1.0002632471444228
31988.0,37230.0,1.0
31988.0,43525.0,1.0
31721.0,35390.0,1.0031196564044853
31316.0,32250.0,1.0037557020497778
31416.0,31831.0,1.0024014823788039
31570.0,19373.0,1.0011384934626113
32040.0,32358.0,1.001154570550059
32064.0,39600.0,1.0118096711043156
32064.0,38126.0,1.0103515041580606
32064.0,38386.0,1.0123217080722586
32064.0,44703.0,1.0116310689872614
32064.0,45162.0,1.0113193603719748
32064.0,47815.0,1.0127169168697003
32064.0,47951.0,1.0116234878336576
32064.0,51866.0,1.0097622127082562
32064.0,45321.0,1.0117580959333925
32007.0,28422.0,1.0016862226692056
31229.0,51936.0,1.1585863070606188
30819.0,42662.0,1.0000277157767683
30819.0,32326.0,1.0000104366318838
30819.0,35764.0,1.000644026841834
30819.0,42192.0,1.0
30819.0,20003.0,1.0008066016294974
30819.0,31534.0,1.0004221609930226
30819.0,41640.0,1.0019701222562696
30819.0,10707.0,1.0
30819.0,32247.0,1.000271638779418
30819.0,34714.0,1.0
30819.0,39397.0,1.000537390866932
30819.0,2330.0,1.0005991460109274
30819.0,49752.0,1.0
30819.0,44933.0,1.0
30819.0,45290.0,1.0001762305810082
30819.0,48219.0,1.0
30736.0,4309.0,1.0012863455898466
30759.0,36837.0,1.001040945826837
30759.0,35955.0,1.0012083532246558
31004.0,33110.0,1.0
31004.0,34982.0,1.0011268260805706
31029.0,39258.0,1.0021861218776584
31124.0,31602.0,1.0016961866871652
31155.0,31665.0,1.0
31186.0,27536.0,1.0027874639536336
30909.0,31521.0,1.0005102071839602
29059.0,35576.0,1.0
28929.0,44609.0,1.0009886908050647
28929.0,26784.0,1.0
28929.0,30013.0,1.0
29073.0,50518.0,1.0014247686195663
28618.0,18161.0,1.0020195006990347
28658.0,28850.0,1.0005837677308773
28658.0,40844.0,1.0011750579916445
28602.0,30400.0,1.0022493841548596
29536.0,30788.0,1.0
29536.0,30925.0,1.0002173466888558
29536.0,30759.0,1.0016091094861581
29276.0,30339.0,1.0032939335567097
29398.0,37132.0,1.001208663286946
26721.0,3093.0,1.0031007029930412
26789.0,38421.0,1.0007488452445437
26875.0,36557.0,1.000967258636287
26662.0,28153.0,1.0022579264394826
27284.0,40900.0,1.0013723206997058
27366.0,28596.0,1.004783433399953
28495.0,39800.0,1.0011365631342266
28497.0,37198.0,1.003716564001319
28555.0,33127.0,1.0007895494014452
26931.0,24044.0,1.0002917877676325
26944.0,42268.0,1.0009166480767944
27004.0,28406.0,1.0024632232641437
36893.0,35977.0,1.0004900680437148
37186.0,36196.0,1.0017635243895497
37236.0,50772.0,1.0
37236.0,39295.0,1.0
37236.0,44039.0,1.0006267917394394
37236.0,44117.0,1.0
37236.0,43588.0,1.0
37236.0,42248.0,1.0
37236.0,42053.0,1.0012596276555952
37236.0,42343.0,1.0001526385383661
37236.0,40837.0,1.0005464252208198
37236.0,35054.0,1.0
37236.0,36683.0,1.000095981320227
37236.0,42640.0,1.0
37236.0,42783.0,1.0
37236.0,50201.0,1.0
37236.0,51821.0,1.0
37236.0,43171.0,1.0
37236.0,47867.0,1.0
36637.0,37632.0,1.0
36637.0,40808.0,1.0007973370868186
36637.0,45448.0,1.0001812249861646
36637.0,51980.0,1.0
36637.0,42940.0,1.0014611050581175
36637.0,9418.0,1.0
36637.0,10092.0,1.0008416856641347
36823.0,38227.0,1.0029066851047805
36840.0,35912.0,1.0046416488034697
36211.0,35466.0,1.001630253239163
36257.0,40712.0,1.0025483985320223
36308.0,37503.0,1.0
36308.0,39429.0,1.0
36308.0,40098.0,1.0
36308.0,40256.0,1.0013932707738915
36308.0,40383.0,1.0001407455322404
36308.0,36907.0,1.0003175569886684
36308.0,37069.0,1.0003097543076083
36308.0,38818.0,1.0012041906101592
36308.0,39459.0,1.0
36308.0,39967.0,1.0
36129.0,22722.0,1.0
36129.0,35482.0,1.0013016006501898
35925.0,36178.0,1.0
35987.0,35288.0,1.002007289027337
36411.0,38346.0,1.001465671677439
36415.0,40567.0,1.0033532083377146
36485.0,35464.0,1.0026952807209486
37937.0,38024.0,1.001183503867775
37939.0,43742.0,1.0008431467518055
37939.0,47272.0,1.0022753897755454
37939.0,40168.0,1.001623457416891
37939.0,8761.0,1.0008835165871577
37939.0,20180.0,1.0001196990011614
37939.0,38300.0,1.0004008039571173
37939.0,39039.0,1.0016528003936276
37766.0,38921.0,1.0004813393873029
37766.0,39216.0,1.0
37766.0,47347.0,1.000087999896763
38256.0,10022.0,1.0000514146092914
38335.0,36965.0,1.0014407343597396
38337.0,48409.0,1.0018584755156867
38338.0,23618.0,1.0
38251.0,40624.0,1.0024683429745882
38044.0,37198.0,1.0020302575174231
38044.0,38750.0,1.0030104567387557
38063.0,36812.0,1.0029066234639348
38150.0,36836.0,1.0004346814393603
37591.0,37780.0,1.0012003250924846
37277.0,35096.0,1.0013991045873303
37295.0,50518.0,1.0039238003254536
37325.0,40191.0,1.0003319711394472
37325.0,45000.0,1.0007335870130951
37325.0,44056.0,1.0007331324580913
37325.0,42389.0,1.0001482450374253
37325.0,39707.0,1.0014202746624525
37325.0,40737.0,1.0
37405.0,141.0,1.0002158819066282
37447.0,2094.0,1.0
37541.0,36461.0,1.0016192954394338
37582.0,46145.0,1.000113431658912
37582.0,49772.0,1.0013415470467375
35826.0,35171.0,1.0035754942641208
32459.0,39042.0,1.0
32459.0,30860.0,1.0
32459.0,35502.0,1.0
32459.0,35506.0,1.0002662615115878
32459.0,36697.0,1.0
32299.0,40925.0,1.0
32299.0,50166.0,1.0
32299.0,42086.0,1.0
32299.0,43111.0,1.0000727297603664
32299.0,43130.0,1.000844245013243
32299.0,41987.0,1.0
32299.0,5205.0,1.0
32299.0,7449.0,1.0003360307173235
32299.0,17324.0,1.0
32299.0,18871.0,1.0
32306.0,43039.0,1.0031554546160002
32630.0,41945.0,1.0006740702103094
32670.0,10327.0,1.0016146540050128
32731.0,32836.0,1.0044452627913496
32789.0,48440.0,1.0008539333532818
32491.0,37566.0,1.0002519525016451
32497.0,43427.0,1.0019850340034357
32214.0,32929.0,1.0015204432089335
32262.0,34433.0,1.0014199810755846
32262.0,36312.0,1.002026531689488
32201.0,15609.0,1.0
32172.0,32509.0,1.002198508178341
32126.0,32474.0,1.0
32132.0,32384.0,1.001608249767532
35397.0,39352.0,1.0005798449844259
35633.0,36652.0,1.001195917825654
35123.0,23682.0,1.0
35144.0,18434.0,1.0
35319.0,16223.0,1.002434862351303
35386.0,38227.0,1.0020657676434865
35731.0,42084.0,1.0003566397832182
35731.0,37663.0,1.0010102069812579
35731.0,35317.0,1.001602403661635
35731.0,36317.0,1.000678452556178
35017.0,44150.0,1.001442619218802
34385.0,35596.0,1.000757573494161
34385.0,35060.0,1.0024118618973357
34424.0,50182.0,1.0011312022664816
34476.0,2904.0,1.0018593307492567
34550.0,38191.0,1.0025891262295383
33169.0,40348.0,1.0008472206118688
34588.0,52258.0,1.0007704841487757
34705.0,38764.0,1.0
34600.0,20660.0,1.0017143665924115
34611.0,44098.0,1.0035994593582258
11702.0,15165.0,1.0016824027446491
11686.0,38976.0,1.0
11686.0,39032.0,1.0000360029020652
11686.0,42169.0,1.000325221461859
11686.0,38228.0,1.0016191158166483
454.0,1319.0,1.0
454.0,1059.0,1.0
454.0,1118.0,1.0
454.0,1920.0,1.0
454.0,2439.0,1.0
454.0,4580.0,1.0
454.0,5256.0,1.0003089366464135
454.0,5701.0,1.0009393409451228
454.0,6466.0,1.001022781558064
454.0,6474.0,1.0014351705019968
454.0,6479.0,1.0019164347080103
454.0,6595.0,1.0002917508451603
454.0,2982.0,1.0
454.0,3253.0,1.0001115580209319
454.0,10801.0,1.001062889433819
454.0,13898.0,1.0011613439817602
454.0,10366.0,1.0006322553792424
454.0,7885.0,1.0000311807240714
454.0,7912.0,1.001840283757249
454.0,8001.0,1.0
454.0,8380.0,1.0017494607970314
454.0,8881.0,1.0005385325695815
454.0,9220.0,1.0013212276150794
454.0,9973.0,1.0006568374467752
454.0,1653.0,1.0007318626755626
454.0,1805.0,1.0015972199720722
454.0,2314.0,1.0001256408414319
454.0,2342.0,1.0
454.0,2485.0,1.0000661680770906
454.0,2495.0,1.0
454.0,1652.0,1.0005281676982294
454.0,1566.0,1.0001505180237245
466.0,1744.0,1.0005249432241556
482.0,6389.0,1.0018929299337729
396.0,447.0,1.0009861316394926
412.0,733.0,1.0
417.0,2938.0,1.001094554960545
427.0,5385.0,1.0012733524944655
427.0,11035.0,1.0
432.0,598.0,1.0
432.0,57.0,1.0
386.0,2968.0,1.0
386.0,13606.0,1.000859265534176
386.0,1669.0,1.0
386.0,377.0,1.0
386.0,10702.0,1.000199701690335
386.0,9621.0,1.0
386.0,6187.0,1.0003377295114473
386.0,9266.0,1.0
386.0,9004.0,1.0033397454772968
386.0,2799.0,1.0008139984520852
386.0,717.0,1.0
386.0,743.0,1.0
386.0,796.0,1.000039612704738
386.0,979.0,1.0
386.0,4271.0,1.0
386.0,6555.0,1.0
386.0,6562.0,1.0
386.0,7589.0,1.0
386.0,7722.0,1.0005417522401234
386.0,7998.0,1.0
386.0,6139.0,1.0
386.0,5881.0,1.0
386.0,617.0,1.0
486.0,569.0,1.0
486.0,3451.0,1.0
486.0,1374.0,1.0
486.0,1438.0,1.0005086118948454
486.0,2417.0,1.0007066381329708
619.0,5133.0,1.0
619.0,5321.0,1.0006553842750725
619.0,9030.0,1.0
619.0,10996.0,1.0
619.0,14129.0,1.0001807990914169
619.0,15052.0,1.0013075820256634
619.0,2829.0,1.0
604.0,10974.0,1.0008868240877946
612.0,4135.0,1.0006533345080333
612.0,2314.0,1.0012324097024492
637.0,19521.0,1.0
641.0,2934.0,1.001884868213676
646.0,13777.0,1.001377984649968
657.0,2231.0,1.002709880747278
657.0,2523.0,1.0018005638830776
631.0,598.0,1.0
631.0,1613.0,1.000127317138172
631.0,2334.0,1.0
631.0,7121.0,1.000355574185785
627.0,4681.0,1.0013067580241062
599.0,1246.0,1.0027007382474673
496.0,2578.0,1.0
525.0,34409.0,1.0
525.0,45591.0,1.0002662223825252
525.0,19914.0,1.0
525.0,46107.0,1.0
553.0,40718.0,1.0
553.0,19408.0,1.0011862465929942
553.0,3544.0,1.0008515770453243
530.0,575.0,1.0026938068383988
530.0,1038.0,1.0013813233881335
530.0,1508.0,1.001367022993038
549.0,3748.0,1.0023123265838145
212.0,1499.0,1.0
212.0,944.0,1.0020632428013423
238.0,2667.0,1.0011135363429795
238.0,5993.0,1.0
238.0,6035.0,1.0022176741106368
238.0,9045.0,1.000221043862732
246.0,2150.0,1.0028485682646064
249.0,1311.0,1.0
249.0,4574.0,1.0022269292677999
249.0,6828.0,1.0
263.0,1384.0,1.0002652858327643
263.0,546.0,1.0009111865522984
263.0,51878.0,1.0
263.0,3316.0,1.1480542375642027
263.0,7739.0,1.000155413756871
196.0,10041.0,1.0
196.0,17047.0,1.0
196.0,24100.0,1.0012042954007887
196.0,31338.0,1.0002649805994608
196.0,34902.0,1.0
196.0,51841.0,1.0003372184572268
196.0,136.0,1.0
196.0,23667.0,1.0005265129720804
196.0,6218.0,1.0017526854881644
196.0,6647.0,1.0013427961037848
196.0,9792.0,1.0
196.0,12463.0,1.0
196.0,4265.0,1.0
196.0,504.0,1.0014438858954176
196.0,2322.0,1.0
196.0,2458.0,1.0
273.0,4165.0,1.0
279.0,6386.0,1.0018476326317576
293.0,136.0,1.0008223169346804
294.0,1244.0,1.0015584252920129
300.0,4156.0,1.0008578425443506
188.0,453.0,1.000714040700376
188.0,1039.0,1.0
188.0,88.0,1.0001611245542865
190.0,460.0,1.001102453736904
165.0,27056.0,1.0003810022723982
165.0,32622.0,1.0
165.0,44903.0,1.0
165.0,40602.0,1.0002233131805534
165.0,36609.0,1.0
165.0,8905.0,1.0
165.0,20318.0,1.0
165.0,37554.0,1.0003865044707962
165.0,8017.0,1.0000576749098362
165.0,48523.0,1.0015406081094091
165.0,50037.0,1.0
165.0,50511.0,1.0007548227167746
165.0,4740.0,1.1116632475907524
165.0,10555.0,1.000976221212384
165.0,16194.0,1.0000965246204696
165.0,17684.0,1.0005861891824177
165.0,19693.0,1.0001299361463583
165.0,20621.0,1.0001312564540412
165.0,27877.0,1.0
165.0,37967.0,1.002161874902949
165.0,43189.0,1.002875259356227
165.0,28560.0,1.0018370276627309
165.0,30868.0,1.0007743929733661
165.0,31078.0,1.0008345028121564
165.0,31103.0,1.00199030998693
165.0,32023.0,1.0023522579558244
165.0,32808.0,1.0008903885770484
165.0,4139.0,1.0000312928896578
165.0,8472.0,1.0
165.0,8936.0,1.0001451183503278
165.0,6375.0,1.0
185.0,361.0,1.0016023930501357
187.0,399.0,1.0
342.0,450.0,1.0011810224527729
342.0,1783.0,1.000576762581421
342.0,16104.0,1.0
349.0,570.0,1.0010802589123369
349.0,7060.0,1.001529190578692
349.0,7285.0,1.0013457837481305
349.0,7454.0,1.0015899963692554
373.0,981.0,1.0016460816035224
374.0,4124.0,1.0
374.0,5575.0,1.0007720694937403
374.0,8902.0,1.0014997012310878
374.0,10619.0,1.000231463962025
374.0,5519.0,1.0011373659984748
374.0,3411.0,1.0
374.0,3798.0,1.0019941158959138
374.0,4081.0,1.0
374.0,4133.0,1.0013433904326035
334.0,1852.0,1.0000774064439144
328.0,1624.0,1.1353769706593027
328.0,1384.0,1.000953346039607
328.0,1255.0,1.0
328.0,3364.0,1.0
661.0,2644.0,1.0001391496358036
661.0,2203.0,1.0010215502115498
1081.0,1569.0,1.0007532017100569
1094.0,4561.0,1.0013859257037496
1110.0,1444.0,1.0013052497160655
1110.0,1338.0,1.0009945105258402
1110.0,1417.0,1.0011432479008338
1111.0,38770.0,1.0015587389598615
1073.0,8329.0,1.0019607547564748
1063.0,5415.0,1.0008126298242075
1063.0,4890.0,1.0004327374716966
1063.0,2047.0,1.0001369829204898
1132.0,16414.0,1.0018226083989266
1183.0,3049.0,1.0
1183.0,6271.0,1.0
1183.0,3082.0,1.001221616882641
1183.0,2021.0,1.0012733858289173
1183.0,2167.0,1.0001103747915387
1205.0,1829.0,1.0003979401692675
1134.0,7648.0,1.0028779698558066
1150.0,34687.0,1.000690676785093
1044.0,36304.0,1.001855861093877
1044.0,38907.0,1.0
1044.0,25217.0,1.0
1044.0,36158.0,1.0
1044.0,42364.0,1.0002958600361014
1044.0,38802.0,1.0
1044.0,36457.0,1.0
1044.0,5514.0,1.0
1044.0,1499.0,1.0
1044.0,3364.0,1.0
1044.0,1392.0,1.0
1044.0,30874.0,1.0
1044.0,36482.0,1.0032476540661708
1044.0,14533.0,1.0
1044.0,14569.0,1.001990951894429
1044.0,14832.0,1.0
1044.0,22864.0,1.0003024064495751
1044.0,23374.0,1.002304506796079
1044.0,2802.0,1.000102077254023
1044.0,3327.0,1.0
1044.0,5499.0,1.0001722288674886
1044.0,6438.0,1.0008438088965932
1044.0,6633.0,1.0
1044.0,7055.0,1.000179711103509
1044.0,3691.0,1.0
1061.0,2199.0,1.0008877810188226
1061.0,2241.0,1.0
1061.0,4639.0,1.0
1049.0,1449.0,1.0
1049.0,43894.0,1.0002447767712668
1208.0,2311.0,1.0
1580.0,4724.0,1.0
1580.0,23537.0,1.0004837493638572
1618.0,1976.0,1.0016465728426434
1624.0,1059.0,1.0032920963607905
1626.0,4508.0,1.000385435411647
1626.0,2867.0,1.0
1403.0,7188.0,1.0
1408.0,15005.0,1.002744460359269
1409.0,301.0,1.002170558533679
1409.0,1670.0,1.0039041658438153
1398.0,3506.0,1.000314415375116
1398.0,2117.0,1.0011558300071917
1398.0,2175.0,1.0023543850119496
1398.0,2910.0,1.0019199676359516
1690.0,5849.0,1.0
1690.0,4203.0,1.000432577313752
1690.0,4692.0,1.0005114359259752
1703.0,2211.0,1.00197467031616
1708.0,2167.0,1.0006304061151314
1735.0,2064.0,1.0
1735.0,4098.0,1.0
1735.0,6381.0,1.0
1679.0,1896.0,1.0030175233604748
1337.0,2938.0,1.000232543729664
1337.0,22534.0,1.0002910132227842
1337.0,2330.0,1.0010778830441753
1337.0,1825.0,1.0
1337.0,4607.0,1.001556616319693
1305.0,8370.0,1.0
1305.0,7407.0,1.0015540754748613
1283.0,6921.0,1.0016919776919135
1299.0,23317.0,1.002112095930554
1299.0,40922.0,1.0022474964267498
1300.0,5141.0,1.0041660357184732
1343.0,2039.0,1.000650574694638
1343.0,2350.0,1.0
1343.0,2104.0,1.0013756164695218
1343.0,2236.0,1.0
1343.0,1745.0,1.0001085043961955
914.0,2001.0,1.0
914.0,18812.0,1.0
878.0,3433.0,1.0018819669785521
880.0,890.0,1.0003917772188198
949.0,45631.0,1.0000594888933458
949.0,9727.0,1.0010336616212332
949.0,35751.0,1.0006202824399637
949.0,2150.0,1.001194902966384
949.0,5459.0,1.0007900138835877
949.0,1895.0,1.0018953852510866
949.0,2304.0,1.0005250435507014
949.0,3188.0,1.0
949.0,8920.0,1.0006065872107044
949.0,9420.0,1.0
949.0,10710.0,1.0
949.0,10932.0,1.0
949.0,12472.0,1.0
949.0,18767.0,1.0017180711538551
949.0,6489.0,1.00061118960402
949.0,7239.0,1.0006420560066833
949.0,7327.0,1.0
949.0,20251.0,1.0006642849148977
949.0,47914.0,1.0
949.0,43132.0,1.0
949.0,22825.0,1.0
949.0,34756.0,1.0
949.0,39180.0,1.0003556202672983
949.0,39845.0,1.0015739755011923
919.0,4549.0,1.0010952430809748
919.0,5300.0,1.001411010080981
922.0,1266.0,1.0
929.0,1164.0,1.0000823401132097
932.0,9604.0,1.0019899878597078
867.0,4873.0,1.0001841951909793
867.0,2103.0,1.000238958500788
867.0,5026.0,1.0
867.0,5155.0,1.0
867.0,5159.0,1.0007468815506255
710.0,1169.0,1.0
742.0,2458.0,1.0
782.0,5537.0,1.0028845377091504
782.0,7896.0,1.0016757186179994
782.0,9409.0,1.0030290291663382
800.0,1508.0,1.0006177547421635
800.0,1074.0,1.0
805.0,40639.0,1.0025716871731098
805.0,44376.0,1.0021084277909225
683.0,141.0,1.0026998123756792
669.0,3274.0,1.0
681.0,1243.0,1.0007725306408954
826.0,3515.0,1.0001113504081693
826.0,19662.0,1.0004378334518562
826.0,1800.0,1.0013200850495205
860.0,1118.0,1.0
810.0,1825.0,1.0014996466631296
824.0,14766.0,1.0014229927883926
1039.0,15728.0,1.0020788278972583
1039.0,2621.0,1.0
1039.0,3327.0,1.0
1039.0,3360.0,1.0011901867839543
1039.0,7527.0,1.0
1011.0,4707.0,1.0017351820648064
971.0,2167.0,1.002124542551662
982.0,19786.0,1.002660890047895
1007.0,3665.0,1.002931061677123
23.0,6805.0,1.0
23.0,34322.0,1.0009437529792942
23.0,28589.0,1.0
23.0,41787.0,1.0001077338932958
23.0,14178.0,1.0005144274108393
23.0,35927.0,1.0002105538665023
23.0,36310.0,1.0
23.0,42363.0,1.000258485342831
23.0,4159.0,1.0
23.0,19593.0,1.0006375133197924
23.0,10977.0,1.0
23.0,18700.0,1.0007435634709494
23.0,4873.0,1.0
23.0,43441.0,1.0011836449484794
23.0,3486.0,1.0000079208372024
23.0,39918.0,1.0
23.0,42534.0,1.0000331872516677
23.0,44984.0,1.0006418638704835
23.0,42724.0,1.0
23.0,31526.0,1.0011491074076937
23.0,50401.0,1.001165072133769
23.0,47488.0,1.0010327831626797
23.0,47551.0,1.0006736220694348
23.0,40288.0,1.0
23.0,9661.0,1.0
23.0,475.0,1.0
23.0,2150.0,1.0012064513905106
23.0,7904.0,1.0007896528068474
23.0,19447.0,1.0010440119149913
23.0,7035.0,1.0000591637869847
23.0,5575.0,1.0003732732458985
23.0,4192.0,1.0
23.0,4607.0,1.0011161682085545
23.0,2802.0,1.0000041442200982
23.0,19786.0,1.0015601975354196
23.0,26799.0,1.0
23.0,27442.0,1.0
23.0,27574.0,1.0
23.0,27717.0,1.0
23.0,27675.0,1.0008461418147034
23.0,22234.0,1.0014547496406014
23.0,23142.0,1.0003941937818475
23.0,23848.0,1.0
23.0,23913.0,1.0005241642289955
23.0,35779.0,1.000958936255144
23.0,31862.0,1.0
23.0,28844.0,1.0
23.0,30337.0,1.0011758315911303
23.0,31084.0,1.0006176228406398
23.0,31848.0,1.0003859279947733
23.0,15314.0,1.0005042633570433
23.0,15734.0,1.0012941624488187
23.0,15903.0,1.0001166946022708
23.0,15911.0,1.0002125203171846
23.0,15928.0,1.0007499291086508
23.0,16007.0,1.0004976998036308
23.0,14097.0,1.0
23.0,14107.0,1.0015044583985344
23.0,14280.0,1.00020181187845
23.0,14325.0,1.0
23.0,14367.0,1.0
23.0,14381.0,1.0
23.0,35981.0,1.0003465880668194
23.0,19236.0,1.0
23.0,19924.0,1.000361743115066
23.0,20255.0,1.0007336699752134
23.0,16270.0,1.0
23.0,17932.0,1.0000868297870613
23.0,18489.0,1.0000235452607096
23.0,18543.0,1.0010454588011062
23.0,18916.0,1.0
23.0,47786.0,1.0
23.0,49702.0,1.0
23.0,49771.0,1.0
23.0,50040.0,1.0018310442428566
23.0,4448.0,1.0005128881918348
23.0,47675.0,1.00074814602486
23.0,39717.0,1.0003018493618117
23.0,39980.0,1.0
23.0,42489.0,1.0005448706792783
23.0,44884.0,1.0
23.0,44800.0,1.0
23.0,44592.0,1.0
23.0,42920.0,1.0003905226469574
23.0,43087.0,1.0023456140241926
23.0,2694.0,1.0005211957674378
23.0,3465.0,1.0016450035909523
23.0,3542.0,1.0002786682823528
23.0,2402.0,1.0007586424752428
23.0,4787.0,1.0004244092893269
23.0,4978.0,1.0009568815205951
23.0,5238.0,1.0
23.0,4582.0,1.0
23.0,4566.0,1.0003085187353802
23.0,4502.0,1.0006855756479744
23.0,5343.0,1.0
23.0,9504.0,1.0001301574935217
23.0,9981.0,1.0027858031480048
23.0,8471.0,1.002192671912274
23.0,8493.0,1.0
23.0,8501.0,1.0001885007714082
23.0,8614.0,1.0
23.0,8686.0,1.000647437842793
23.0,10038.0,1.0000808228804965
23.0,10915.0,1.0
23.0,11054.0,1.0000732717893581
23.0,12507.0,1.0
23.0,13900.0,1.0
23.0,13915.0,1.0
23.0,10080.0,1.0007708274692952
23.0,10154.0,1.0017403886273406
23.0,10211.0,1.0
23.0,10435.0,1.0016376442846164
23.0,8217.0,1.0016616448982196
23.0,6493.0,1.0017016930681122
23.0,6553.0,1.0006657787084607
23.0,6561.0,1.00147375094163
23.0,6643.0,1.0
23.0,6648.0,1.0
23.0,6723.0,1.0
23.0,6745.0,1.0
23.0,6769.0,1.003258080205516
23.0,6847.0,1.0017091057654253
23.0,5711.0,1.0002859386724405
23.0,5912.0,1.00096851305155
23.0,6024.0,1.0008508992323129
23.0,6208.0,1.0004540040126118
23.0,6275.0,1.0008105454832348
23.0,7857.0,1.0
23.0,7044.0,1.0001463383095883
23.0,7092.0,1.0004714983530902
23.0,2693.0,1.000884704788416
24.0,18.0,1.0456406959100193
24.0,1678.0,1.0449780249033893
24.0,956.0,1.0444025477565373
24.0,5373.0,1.044765327716528
24.0,643.0,1.043650118977642
34.0,4398.0,1.0
34.0,475.0,1.0
34.0,1255.0,1.0
34.0,32.0,1.0
34.0,950.0,1.0004250049164742
34.0,12.0,1.00162923965584
34.0,210.0,1.0
34.0,297.0,1.0
34.0,514.0,1.0
34.0,1540.0,1.0
35.0,9830.0,1.0
35.0,17313.0,1.0009529082660102
35.0,18392.0,1.0018832477601025
15.0,361.0,1.0010538675384548
11.0,6377.0,1.0020943480888143
5.0,50205.0,1.0005911110477863
5.0,6664.0,1.0007640357527972
5.0,44947.0,1.0017999926460133
5.0,40107.0,1.0017898965422294
5.0,231.0,1.0000032462257349
5.0,2667.0,1.0015838550732776
5.0,256.0,1.0006607543169108
5.0,1700.0,1.0010973926445788
5.0,1355.0,1.000826061764923
5.0,1276.0,1.0004765209118125
5.0,6095.0,1.0015258857034628
5.0,278.0,1.0012770632802002
5.0,2922.0,1.0000870193825693
5.0,434.0,1.0
5.0,218.0,1.001917206970501
5.0,14110.0,1.0010378339318393
5.0,14988.0,1.0006750646683653
5.0,15819.0,1.0021081199629234
5.0,19151.0,1.0015136740155888
10.0,3748.0,1.0005923806950325
10.0,262.0,1.0000938561766073
104.0,2761.0,1.0181851930163401
104.0,30796.0,1.018660226423644
104.0,3506.0,1.017692896854823
104.0,18420.0,1.0175664002200286
104.0,2069.0,1.0195917436692064
104.0,2262.0,1.018883990402216
104.0,23060.0,1.0195284216805194
104.0,40348.0,1.0177532714364117
104.0,30862.0,1.0198689926672353
104.0,30907.0,1.018964617987471
104.0,32028.0,1.0201282234233018
104.0,33114.0,1.0194519955249277
104.0,36421.0,1.0176811962278087
104.0,16213.0,1.0198926506409745
104.0,20698.0,1.017792471012082
104.0,26574.0,1.0077411006344317
104.0,27364.0,1.0197810262170897
104.0,38657.0,1.0197544108629784
104.0,39432.0,1.0208154558960398
104.0,10574.0,1.0175371138274596
104.0,41779.0,1.01940217355821
123.0,487.0,1.0003185460687924
123.0,535.0,1.0008951044446293
123.0,243.0,1.0006205640080297
141.0,227.0,1.0023496731556518
143.0,1801.0,1.0
143.0,2975.0,1.0
143.0,32025.0,1.0
143.0,35263.0,1.0
114.0,260.0,1.0001118974518535
106.0,41274.0,1.0
110.0,100.0,1.0
113.0,1091.0,1.002067223995092
96.0,10606.0,1.0
96.0,34322.0,1.0040012719238607
96.0,154.0,1.0038083044544066
96.0,9193.0,1.0035587702592657
96.0,7450.0,1.0030570390946432
96.0,36064.0,1.003212225720913
96.0,956.0,1.0019534269938009
96.0,2587.0,1.0023993008675605
96.0,2417.0,1.003604496172195
96.0,2540.0,1.0040373872671038
96.0,34756.0,1.0
96.0,262.0,1.0024920246199396
96.0,25173.0,1.0038839909775354
96.0,28536.0,1.0018600264750255
96.0,39742.0,1.0041377281724357
96.0,2466.0,1.0027434832841609
96.0,138.0,1.003034261918228
96.0,8490.0,1.001838317208724
96.0,8807.0,1.0022484554585218
96.0,9149.0,1.0038175079769471
96.0,8286.0,1.0026641367047873
96.0,7315.0,1.0023652811896506
96.0,7413.0,1.0018122761876977
96.0,7489.0,1.003197958461834
96.0,7272.0,1.0026098458394803
96.0,19177.0,1.003403095653602
96.0,19312.0,1.0017625087455133
96.0,19395.0,1.003889000823217
96.0,13772.0,1.0029353746858305
96.0,18415.0,1.0040626876115024
96.0,1782.0,1.0022291382686808
96.0,1960.0,1.0032164925738434
96.0,1994.0,1.0048546029071435
96.0,552.0,1.0037076005740548
96.0,6016.0,1.0034033954327712
96.0,6325.0,1.0029670674987745
96.0,2612.0,1.003587538782654
96.0,2629.0,1.0053109754639566
96.0,2649.0,1.0036059080831259
96.0,5283.0,1.0030953397095803
100.0,250.0,1.0004269832805417
100.0,269.0,1.0010195371889299
100.0,303.0,1.0007262040696276
100.0,3345.0,1.0001343164275553
100.0,225.0,1.0006931802765204
98.0,57.0,1.0
155.0,8067.0,1.001119390479658
80.0,4886.0,1.0
80.0,101.0,1.000403415666828
80.0,5366.0,1.0006381825974118
80.0,2243.0,1.0
80.0,3612.0,1.000155697625866
82.0,41.0,1.000233896093924
82.0,453.0,1.0003014752667185
82.0,3635.0,1.0005179886376951
82.0,2839.0,1.000238379602097
82.0,1101.0,1.0004806985748569
82.0,1604.0,1.0015132517659733
82.0,1746.0,1.0004557178603992
82.0,2178.0,1.0005247947604383
82.0,6355.0,1.0001780402195009
82.0,5323.0,1.0008115380624008
83.0,74.0,1.000428197929455
83.0,377.0,1.0
83.0,100.0,1.0
83.0,275.0,1.0012386695126232
83.0,23896.0,1.0
85.0,68.0,1.0007717284701245
90.0,570.0,1.0026024154436244
79.0,15336.0,1.0
79.0,15886.0,1.0
79.0,162.0,1.0008254984522686
79.0,4630.0,1.0014209352897658
79.0,5021.0,1.0
79.0,8929.0,1.001009052484602
39.0,1238.0,1.0
39.0,1366.0,1.0007777536805502
39.0,6001.0,1.0
43.0,2862.0,1.002029750319832
45.0,369.0,1.0
45.0,297.0,1.0
45.0,4840.0,1.0
45.0,7783.0,1.0005208218068669
45.0,7953.0,1.0014355055488984
78.0,315.0,1.001492129523918
64.0,22529.0,1.0003151865659217
64.0,1976.0,1.0
64.0,156.0,1.0000176846944888
64.0,6888.0,1.001342877688719
48.0,59.0,1.0001449281120003
49.0,976.0,1.0008943533070438
49.0,30094.0,1.0012579498008407
6656.0,18173.0,1.0160176729548658
6656.0,19974.0,1.0172036326308536
6656.0,10625.0,1.0167308301795075
6656.0,9377.0,1.0179175396595312
6656.0,8157.0,1.0152494170812463
6656.0,22002.0,1.0113620085839172
6656.0,8699.0,1.0159343014996034
6656.0,9466.0,1.0167689605270982
6656.0,8377.0,1.01705781372521
6656.0,11071.0,1.0164103488221674
6656.0,19281.0,1.0166293476120214
6656.0,23404.0,1.0178542136607784
6656.0,19027.0,1.016691039529631
6656.0,18732.0,1.0120586575665296
6656.0,16369.0,1.017326587149753
6656.0,16400.0,1.0151190345322814
6629.0,27223.0,1.0
6629.0,9920.0,1.0016564953356466
6629.0,15745.0,1.0024969712873617
6629.0,16829.0,1.0
6629.0,22395.0,1.0012268185050521
6629.0,17519.0,1.0002348512046293
6629.0,21907.0,1.0016266049198232
6629.0,20115.0,1.0005782577044657
6629.0,18338.0,1.0
6629.0,2141.0,1.0006904212639902
6629.0,26730.0,1.0007790300890103
6629.0,30975.0,1.0006106832771924
6629.0,44348.0,1.0
6629.0,17483.0,1.0022560542625172
6629.0,17966.0,1.0007585219216504
6652.0,10469.0,1.0023334641644301
6444.0,20880.0,1.0032246684263277
6507.0,43193.0,1.0006004039035803
6533.0,9029.0,1.0
6933.0,14232.0,1.0015692481050786
6933.0,9099.0,1.0015242251795575
6933.0,2168.0,1.0
6933.0,10566.0,1.000476176196144
6956.0,20073.0,1.0
7000.0,9184.0,1.0013951042513283
7040.0,4771.0,1.0033966851424445
7052.0,6191.0,1.000858103971587
6862.0,9019.0,1.0369312932423973
6862.0,10768.0,1.0374935384035617
6876.0,2600.0,1.0008783023987768
6876.0,9019.0,1.0013635721683152
6876.0,9704.0,1.001528480846084
7188.0,10906.0,1.0
7188.0,19577.0,1.0
7188.0,15768.0,1.0022478642848454
7188.0,10462.0,1.0006703323360744
7189.0,4456.0,1.0026448235629244
7202.0,14028.0,1.0018884610701304
7202.0,14848.0,1.0013817506189433
7211.0,9543.0,1.0034074912336313
7280.0,8731.0,1.0
7280.0,23213.0,1.0
7152.0,44245.0,1.0012698789933094
7164.0,10049.0,1.0007843358629787
6710.0,37081.0,1.0008005993452185
6710.0,20502.0,1.0008897946955622
6710.0,36162.0,1.000431620248973
6710.0,47679.0,1.0005722736875282
6673.0,9220.0,1.0019940262744935
6815.0,9971.0,1.0001242811742797
6844.0,47906.0,1.002058206821221
6844.0,15416.0,1.0025812348799206
6794.0,8933.0,1.0
6397.0,18566.0,1.0003890592425315
5337.0,18329.0,1.000418950546299
5337.0,43742.0,1.0009494489378605
5337.0,38351.0,1.0037206780638372
5337.0,2215.0,1.0005016655297077
5337.0,13612.0,1.0001921650455416
5337.0,19126.0,1.0017529473409925
5337.0,34813.0,1.0000928345623923
5326.0,10410.0,1.0045227817455593
5186.0,28403.0,1.0006971325826215
5186.0,8682.0,1.0006645396899443
5272.0,3420.0,1.0029179602797977
5278.0,25316.0,1.0010914439403378
5510.0,23814.0,1.0030730499748894
5580.0,3371.0,1.0038309268785413
5617.0,7353.0,1.0
5686.0,7486.0,1.00049203741033
5696.0,8049.0,1.0
5487.0,10680.0,1.0011349788610295
5487.0,17547.0,1.0
5487.0,37960.0,1.0002840614980768
5388.0,7093.0,1.0009755141482446
5422.0,7882.0,1.001548235493229
5462.0,7160.0,1.000740746460631
5120.0,8615.0,1.0009171804531
5121.0,6704.0,1.0037053908754978
5125.0,50642.0,1.000811176275108
5125.0,49979.0,1.0005544349427171
5139.0,5268.0,1.000532463842055
5142.0,12276.0,1.0000383381205258
5079.0,16175.0,1.0008072273254844
5079.0,26478.0,1.0
5079.0,34972.0,1.0011230738743888
5167.0,49932.0,1.0
5167.0,35318.0,1.000286959827195
5167.0,35904.0,1.0
5167.0,9884.0,1.0005812220202246
5167.0,27103.0,1.0011907353533458
5167.0,32252.0,1.0
6236.0,17775.0,1.0000912870598009
6254.0,49708.0,1.0
6254.0,18668.0,1.0020037895526377
6256.0,8650.0,1.0019137884520035
6263.0,16665.0,1.0
6268.0,8057.0,1.0012110680072155
6272.0,2112.0,1.0
6272.0,399.0,1.0002449024207984
6308.0,41647.0,1.0009097708848467
6308.0,22709.0,1.0013263560317505
6308.0,48351.0,1.0001175430317577
6308.0,37922.0,1.0
6308.0,38637.0,1.0001708357604295
6308.0,41004.0,1.0026611826293301
6321.0,6839.0,1.000269211942571
6285.0,8146.0,1.0019260718940837
5844.0,36638.0,1.0024880728953474
5850.0,7680.0,1.0028992840560176
5877.0,10204.0,1.0
5885.0,7931.0,1.0017049468140244
5898.0,7668.0,1.0004240759329979
5961.0,14772.0,1.0035183746513292
5961.0,18381.0,1.0009704837217308
5973.0,8056.0,1.0005758591791987
5973.0,9759.0,1.0
5827.0,23136.0,1.0035635025641934
5811.0,7666.0,1.0002910934807496
5730.0,41636.0,1.0012219720304036
5775.0,7267.0,1.0023601127327928
5775.0,9502.0,1.0016231290278272
5775.0,9554.0,1.000074388818187
5775.0,13801.0,1.0028560221032292
6181.0,8516.0,1.0007047047451612
6185.0,5332.0,1.0030772673713326
6190.0,8055.0,1.0037494737029278
6228.0,17481.0,1.0006940504409458
6042.0,7589.0,1.0
5027.0,20700.0,1.0017683011101612
5027.0,23145.0,1.0015332692202548
9094.0,51914.0,1.0013324681022977
9113.0,12472.0,1.0028223259295657
10208.0,13581.0,1.0
10232.0,548.0,1.0030858948126098
10240.0,13578.0,1.0028823908772568
8980.0,8757.0,1.0
8980.0,13814.0,1.0
9039.0,37119.0,1.002701203981633
9085.0,12469.0,1.004799094805775
10622.0,14524.0,1.0001158057915438
10630.0,9938.0,1.0008480103949229
10611.0,18727.0,1.0019371270944506
10516.0,11249.0,1.0031522790943792
10570.0,13907.0,1.000290357598507
8755.0,12438.0,1.0001325867612543
8755.0,22815.0,1.0005311578874727
8755.0,14263.0,1.0
8755.0,28122.0,1.0
8755.0,15483.0,1.0001180933601062
8755.0,14280.0,1.0
8755.0,7353.0,1.0
8755.0,16228.0,1.0
8755.0,14680.0,1.0005456169875173
8755.0,32613.0,1.0
8755.0,20211.0,1.0
8755.0,23304.0,1.0
8755.0,26841.0,1.0
8755.0,13874.0,1.0
8755.0,14343.0,1.001362586195013
8755.0,14454.0,1.0
8755.0,11207.0,1.0
8755.0,13785.0,1.0001563419328445
8755.0,13807.0,1.0004774722137264
8755.0,14026.0,1.0
8755.0,17189.0,1.0001347569582877
8755.0,17392.0,1.000409355192245
8755.0,18660.0,1.0015606623133044
8755.0,11075.0,1.0007009123138888
8858.0,11187.0,1.0028901076257457
8865.0,40096.0,1.0
8865.0,46056.0,1.0001158063225584
8865.0,39295.0,1.0
8865.0,18338.0,1.0
8865.0,39830.0,1.0
8883.0,49721.0,1.0
8930.0,19994.0,1.0011781857570228
11387.0,19092.0,1.0015787943216325
11387.0,28376.0,1.0
11400.0,11187.0,1.0006501184709453
11430.0,15086.0,1.0006099098432355
11430.0,16265.0,1.0
11374.0,14881.0,1.0007812096728141
11209.0,30469.0,1.0
11209.0,641.0,1.0
11209.0,22544.0,1.000553604742371
11209.0,38909.0,1.000073456284537
11209.0,15167.0,1.0007044910080598
11209.0,16010.0,1.0
11209.0,18246.0,1.000159564567229
11209.0,14639.0,1.0
11209.0,6577.0,1.0
11313.0,14837.0,1.0024437938087858
11384.0,3737.0,1.0
11643.0,1059.0,1.0
11643.0,40967.0,1.0004453345820132
11643.0,31908.0,1.0
11657.0,7341.0,1.0032844237455667
11515.0,1586.0,1.0016850883612252
11551.0,14983.0,1.0019262409332037
11577.0,15055.0,1.0009500544909935
11591.0,41240.0,1.0007272839828751
11616.0,50551.0,1.0022489916991153
10784.0,9228.0,1.0024773047919617
10966.0,23750.0,1.0001480776251852
10996.0,9316.0,1.0013453259559817
10996.0,17229.0,1.0042582866464644
11077.0,14562.0,1.0023103638105044
11084.0,907.0,1.001880850717886
11089.0,14301.0,1.002628152872598
11136.0,10540.0,1.003182949574085
11147.0,14645.0,1.003907139914509
11169.0,6686.0,1.002509540541338
8163.0,10909.0,1.0
8163.0,2282.0,1.0021984530010442
8163.0,10737.0,1.0025701992921139
8163.0,3465.0,1.0033893002822956
8188.0,17446.0,1.000789425939266
8188.0,34220.0,1.000625012898905
8188.0,15235.0,1.000103289138388
8188.0,14983.0,1.0
8188.0,19212.0,1.0004103754967537
8188.0,23877.0,1.0
8081.0,22173.0,1.003359644097459
8076.0,7531.0,1.001056315630532
7922.0,8630.0,1.0006702177167268
7927.0,8630.0,1.0005325753094052
7992.0,10274.0,1.0026039309104466
7998.0,14958.0,1.0009218510346474
7998.0,15838.0,1.0
7998.0,18012.0,1.0026484054295444
8014.0,2.0,1.0021444538226303
8040.0,10302.0,1.002953317236298
8256.0,48201.0,1.001764954687822
8380.0,15034.0,1.0010153197895446
8380.0,7011.0,1.0005262674704183
8380.0,10692.0,1.0
8211.0,10408.0,1.0026968835700083
8192.0,36965.0,1.0007249243478311
8192.0,36480.0,1.003210474069189
7450.0,10159.0,1.002565985583754
7450.0,6166.0,1.0037400053069339
7496.0,9849.0,1.0
7505.0,4290.0,1.0035945838855944
7550.0,9832.0,1.002837326295661
7569.0,9981.0,1.0042506192184355
7569.0,10425.0,1.0
7569.0,12491.0,1.0021038701976266
7569.0,16416.0,1.0013402432259377
7395.0,9788.0,1.0
7395.0,10003.0,1.0
7302.0,9585.0,1.0025526079069305
7329.0,9139.0,1.002083156509421
7336.0,805.0,1.0028451634616438
7336.0,8373.0,1.0043430631035035
7336.0,9609.0,1.003542882802025
7387.0,18950.0,1.0012236554479703
7387.0,9422.0,1.002374797722249
7387.0,19211.0,1.002181551035332
7772.0,9956.0,1.0004036707629314
7646.0,15351.0,1.001424158284575
7654.0,402.0,1.0
7654.0,23479.0,1.0
8436.0,50094.0,1.0009623411663366
8436.0,11255.0,1.0006626256528148
8436.0,17655.0,1.0004371310295577
8497.0,11024.0,1.002847416069284
8385.0,7083.0,1.003098839682451
8691.0,19830.0,1.0016658180667963
8691.0,13652.0,1.0
8691.0,14247.0,1.000549276074154
8691.0,13972.0,1.002266834954174
8725.0,8420.0,1.0
8532.0,17057.0,1.0014291666340813
8532.0,2215.0,1.0010813844445838
8532.0,15361.0,1.0009691572768924
8690.0,11034.0,1.0019680285046861
8690.0,14540.0,1.002329765273344
5005.0,8771.0,1.0029475064179088
2703.0,1456.0,1.0097500382077844
2703.0,17811.0,1.0166964450443916
2703.0,36178.0,1.0161911299042592
2703.0,16742.0,1.0157554194602552
2703.0,16920.0,1.017493944018542
2703.0,6572.0,1.0161979545723712
2703.0,16414.0,1.0172935140734929
2703.0,17451.0,1.0166932921772356
2703.0,10301.0,1.017302378422028
2703.0,22809.0,1.0182977380862492
2703.0,26627.0,1.0164057180684214
2703.0,41562.0,1.0160475140025584
2703.0,38520.0,1.0186673496117675
2703.0,27329.0,1.0164407331906147
2703.0,4320.0,1.0184769354776582
2703.0,3616.0,1.0161155651909142
2703.0,17723.0,1.015166557251474
2703.0,4421.0,1.017501320822812
2703.0,4796.0,1.015986918070543
2703.0,23877.0,1.016932929988748
2703.0,14984.0,1.0165737194593087
2703.0,18708.0,1.0149543092375133
2703.0,18824.0,1.0174133389116988
2703.0,18833.0,1.0155441650166013
2703.0,22015.0,1.0164378743727691
2703.0,18280.0,1.0190235513204209
2703.0,17572.0,1.017553756331296
2703.0,17610.0,1.0167538254417563
2703.0,18004.0,1.0175856815078843
2703.0,18199.0,1.0180341439556564
2703.0,23731.0,1.0161210192830106
2703.0,24005.0,1.0168373061912401
2703.0,24050.0,1.017884035814455
2703.0,22862.0,1.0175048414231211
2703.0,23083.0,1.0183809998530746
2703.0,23108.0,1.016649952423536
2703.0,23216.0,1.017328417142734
2703.0,23326.0,1.0179069312630389
2703.0,23358.0,1.0183929878723486
2703.0,17501.0,1.0167424860765302
2703.0,17461.0,1.0172361768637457
2703.0,3201.0,1.0162741995916569
2703.0,12513.0,1.0196884322266702
2703.0,14626.0,1.0183539588018424
2703.0,15252.0,1.0165601814270102
2703.0,4434.0,1.017203089993622
2703.0,8306.0,1.0167587974315937
2703.0,35364.0,1.015541633225256
2703.0,26724.0,1.017644721049225
2703.0,26968.0,1.017408090571753
2703.0,17881.0,1.0182321913983312
2603.0,7188.0,1.0
2603.0,9609.0,1.0
2603.0,17054.0,1.0
2603.0,9273.0,1.0
2603.0,10985.0,1.0
2637.0,5719.0,1.001474645265184
2697.0,3821.0,1.0018266630787074
2995.0,3433.0,1.0007223218677896
3068.0,5691.0,1.0001243214772915
3068.0,3550.0,1.001835108651266
2974.0,4221.0,1.0024072478451618
2857.0,3348.0,1.000881153014695
2867.0,3371.0,1.0016736532666197
2893.0,3383.0,1.0028104247661456
2944.0,3433.0,1.0018156180227986
2954.0,3433.0,1.0009522637732873
2958.0,3000.0,1.0026157541154304
3126.0,8146.0,1.0004336373911165
3126.0,10579.0,1.0000029596736635
3126.0,7765.0,1.0020227493440994
3126.0,8154.0,1.0001433679367893
3126.0,5337.0,1.000508366964782
3126.0,10183.0,1.0
3126.0,3058.0,1.001048269987602
3114.0,4845.0,1.0009314252529873
3114.0,4597.0,1.0
3114.0,3070.0,1.0005076694751285
2722.0,3150.0,1.050387847451858
2722.0,1570.0,1.0507583159237284
2722.0,3235.0,1.0506104266310146
2722.0,4087.0,1.0526958207708719
2828.0,35536.0,1.0
2828.0,48450.0,1.0
2828.0,27634.0,1.0
2828.0,34403.0,1.0
2033.0,19298.0,1.0
2033.0,27394.0,1.0
2033.0,8771.0,1.0
2033.0,8467.0,1.0
2033.0,9937.0,1.0
2033.0,14299.0,1.0
2033.0,23358.0,1.0
2033.0,10224.0,1.0
2033.0,23306.0,1.0
2033.0,14504.0,1.0
2027.0,5264.0,1.0018358865466241
2027.0,4816.0,1.001469534517565
2027.0,19665.0,1.0
2067.0,1056.0,1.0007209875615168
2080.0,42662.0,1.0018505948298013
2087.0,3049.0,1.0
2111.0,2507.0,1.0016365304556107
2114.0,8560.0,1.0008461234884212
2011.0,2314.0,1.0029111420328267
1993.0,16414.0,1.0006077075537478
1791.0,1507.0,1.0014157921290123
1792.0,598.0,1.0
1792.0,3117.0,1.000456004073979
1762.0,2361.0,1.002471899347626
1781.0,4828.0,1.0010380638808203
1781.0,6134.0,1.002720705831423
1898.0,2074.0,1.0023860700138858
1941.0,1823.0,1.0004883472363217
1941.0,2456.0,1.000604375415535
1808.0,2024.0,1.0011829241108772
1835.0,2561.0,1.001178035487426
1835.0,15809.0,1.0004824401144392
2158.0,10696.0,1.0
2158.0,3111.0,1.0008806793818106
2158.0,5421.0,1.0014854513627103
2158.0,9470.0,1.0006632757628962
2158.0,10132.0,1.0000254407612972
2433.0,4709.0,1.0016230888031115
2440.0,2929.0,1.0
2459.0,4381.0,1.0
2459.0,4551.0,1.0
2459.0,5199.0,1.0
2459.0,2482.0,1.0
2459.0,4484.0,1.0
2417.0,16071.0,1.0023775953314966
2382.0,5210.0,1.0001931017822763
2382.0,4989.0,1.0036196896187448
2383.0,8242.0,1.0000132774252326
2408.0,4245.0,1.0035062969684323
2411.0,39573.0,1.000467451052406
2411.0,40107.0,1.0035134592083175
2465.0,1915.0,1.000694973777276
2464.0,5431.0,1.0006496789558403
2209.0,5998.0,1.0001878878875066
2224.0,6080.0,1.000653531733577
2280.0,8067.0,1.0
2280.0,3058.0,1.0009203060174445
2280.0,2796.0,1.00213652846939
2280.0,2886.0,1.0
2280.0,3016.0,1.000222965684225
2280.0,20654.0,1.0013321418379617
2280.0,25330.0,1.0003797980994236
2280.0,10618.0,1.0010640886846514
2280.0,3603.0,1.0026768923301275
2280.0,9984.0,1.0019637750479504
2192.0,9044.0,1.0
2177.0,3498.0,1.0010445455095889
2287.0,2799.0,1.002118557978455
2356.0,2779.0,1.0015348894992913
3943.0,14123.0,1.0
3943.0,10041.0,1.0
3943.0,6574.0,1.0005804986252325
3943.0,42163.0,1.0
3943.0,7556.0,1.0002165071199067
3943.0,32400.0,1.0000169019799143
3943.0,2241.0,1.0
3943.0,3665.0,1.0007758365258133
3943.0,7782.0,1.0
3943.0,8197.0,1.0
3943.0,8440.0,1.0013929167518716
3943.0,6996.0,1.0
3943.0,6620.0,1.0009299522810817
3943.0,20159.0,1.0
3943.0,20703.0,1.0013192626170546
3943.0,10112.0,1.0
3943.0,12327.0,1.0009895342302155
3943.0,8107.0,1.0
3943.0,6673.0,1.0
3943.0,4838.0,1.0002116603553166
3943.0,5951.0,1.0008544258429886
3943.0,6434.0,1.0
4020.0,20180.0,1.0004733856374068
4020.0,6828.0,1.0
4020.0,20753.0,1.0020882060741645
4020.0,34542.0,1.0
4020.0,3487.0,1.0016876414500115
4020.0,9214.0,1.0003412770262878
4020.0,9700.0,1.0000119271553396
4047.0,3429.0,1.0023741908615895
4060.0,8912.0,1.0030808807327398
4082.0,4847.0,1.0019438069865259
3926.0,3389.0,1.001584056731322
3926.0,5523.0,1.0027010369047007
3835.0,41361.0,1.0
3835.0,50771.0,1.0009475783867563
3835.0,15278.0,1.0
3835.0,15386.0,1.001271884335955
3835.0,38520.0,1.0020239963253763
3835.0,805.0,1.0001890303818404
3835.0,27785.0,1.0000097050174346
3835.0,31751.0,1.0
3835.0,44387.0,1.0007630550118318
3838.0,4886.0,1.0
3840.0,4845.0,1.0022300124266261
4092.0,510.0,1.0
4092.0,5722.0,1.0
4092.0,7247.0,1.0
4092.0,12450.0,1.0
4092.0,13604.0,1.0
4092.0,5756.0,1.0
4092.0,4120.0,1.0010600101547413
4092.0,10919.0,1.0015004986545366
4092.0,23721.0,1.0010116322001117
4670.0,10664.0,1.0001170066448948
4795.0,18423.0,1.000075581830507
4795.0,31325.0,1.0011471772508744
4795.0,5916.0,1.0
4795.0,16093.0,1.0004988817961278
4795.0,17497.0,1.0
4795.0,18137.0,1.0
4566.0,14886.0,1.0
4566.0,15402.0,1.0011703770723364
4566.0,5871.0,1.0
4573.0,5865.0,1.0023215125560987
4616.0,6029.0,1.0016917227767974
4859.0,6264.0,1.0001067559712202
4873.0,6272.0,1.0041047855885132
4887.0,16672.0,1.0034569465458594
4889.0,6297.0,1.0060956531237044
4903.0,4765.0,1.001247235608696
4910.0,8535.0,1.0001184510517305
4910.0,8442.0,1.0010582049849597
4930.0,6363.0,1.0009252544606235
4855.0,8380.0,1.0041357632558459
4527.0,5465.0,1.000561734421116
4146.0,17209.0,1.001378822563239
4146.0,22329.0,1.000940176382066
4199.0,5426.0,1.003050983490669
4226.0,5461.0,1.0009598255807706
4263.0,5499.0,1.0
4278.0,5861.0,1.0002220298890572
4278.0,5504.0,1.0
4129.0,5413.0,1.0018908053031286
4301.0,23889.0,1.0
3451.0,37851.0,1.0
3451.0,5920.0,1.001107792419961
3451.0,16401.0,1.0
3451.0,8437.0,1.0
3458.0,35888.0,1.0
3458.0,34482.0,1.0018643892132584
3337.0,4263.0,1.0010091011352766
3343.0,13584.0,1.0027135681054382
3398.0,52110.0,1.0018752616952094
3575.0,41685.0,1.0005152109545357
3575.0,42787.0,1.0001335217528202
3606.0,3122.0,1.0023454369182878
3606.0,9267.0,1.0
3480.0,8316.0,1.0006528580249965
3499.0,4105.0,1.0029511973091656
3508.0,5300.0,1.002357852029909
3178.0,44883.0,1.0
3178.0,49844.0,1.0015438441933382
3178.0,40562.0,1.0
3178.0,50647.0,1.0
3178.0,41191.0,1.0004475235847423
3178.0,43096.0,1.0
3178.0,44331.0,1.0
3178.0,44925.0,1.0000697222014614
3181.0,3637.0,1.0
3194.0,4265.0,1.0
3194.0,3235.0,1.0011765347318295
3194.0,3831.0,1.0
3206.0,3777.0,1.0046666080663185
3211.0,6905.0,1.0027336222726924
3312.0,2560.0,1.002285573530171
3312.0,1091.0,1.00212470358326
3312.0,4037.0,1.0016791170593933
3252.0,1955.0,1.0
3288.0,3074.0,1.0
3790.0,15791.0,1.0
3790.0,4501.0,1.0
3790.0,22002.0,1.0
3790.0,9971.0,1.0
3790.0,30094.0,1.0
3790.0,8635.0,1.0
3790.0,7680.0,1.0003257646029664
3790.0,17572.0,1.0
3790.0,9278.0,1.0
3790.0,5226.0,1.0
3790.0,10183.0,1.0
3790.0,5622.0,1.0
3790.0,14856.0,1.0
3790.0,10587.0,1.0
3790.0,22579.0,1.0
3790.0,26876.0,1.0004529697518907
3790.0,4753.0,1.0
3790.0,5274.0,1.0
3790.0,7797.0,1.0
3790.0,6353.0,1.0007558578908051
3668.0,20304.0,1.0042017262156158
3789.0,4740.0,1.1140852545386013
3677.0,45431.0,1.0012400680159788
3704.0,7670.0,1.0025227813335547
3727.0,4681.0,1.0007412260029342
3768.0,3360.0,1.003586817158143
3776.0,965.0,1.00288770371221
10939.0,1244.0,1.0031234592147993
26157.0,27352.0,1.0
