4.0,96.0,1.002134474741204
4.0,2560.0,1.0015127775135653
25579.0,5003.0,1.0665925759608155
25579.0,7652.0,1.0684173658698208
25579.0,8841.0,1.0677567051874521
25579.0,8904.0,1.0665578350823302
25579.0,9158.0,1.067140536345691
25579.0,4398.0,1.0667276619004498
25579.0,773.0,1.0658349764807205
25579.0,1367.0,1.0670628288163115
25579.0,2093.0,1.0659414573920898
25579.0,2274.0,1.0674956536926596
25579.0,2968.0,1.0691753163025064
25579.0,3803.0,1.066955285809639
25579.0,9964.0,1.0680601503480964
25579.0,12342.0,1.0677674561854114
25579.0,12373.0,1.067017415325409
25579.0,13822.0,1.0669916143858393
25579.0,14841.0,1.0668483174165222
25579.0,32076.0,1.0668328159500624
25579.0,32323.0,1.0675737990660807
25579.0,31567.0,1.0666738755976752
25579.0,31608.0,1.065573415067847
25579.0,31708.0,1.0659755566233033
25579.0,31967.0,1.0667246373656796
25579.0,32015.0,1.0673136211130538
25579.0,31485.0,1.0684577920363278
25579.0,32694.0,1.06741290999212
25579.0,34693.0,1.0676178375567555
25579.0,34704.0,1.0682033945687284
25579.0,34743.0,1.0682412667858072
25579.0,34749.0,1.0663014231802614
25579.0,35190.0,1.0676014192481655
25579.0,35334.0,1.0672735101511452
25579.0,35365.0,1.0665438191247216
25579.0,35424.0,1.0684370613690588
25579.0,34644.0,1.0663754387736684
25579.0,34322.0,1.0664525243776863
25579.0,27530.0,1.0668708387242483
25579.0,27779.0,1.0661008298780896
25579.0,27794.0,1.0670600809699091
25579.0,27982.0,1.0670035900346317
25579.0,27082.0,1.0672915811718902
25579.0,22208.0,1.0666321503631786
25579.0,23395.0,1.0686999624531615
25579.0,23757.0,1.0655682905939154
25579.0,23868.0,1.0666124031208641
25579.0,26712.0,1.0656921427724553
25579.0,31402.0,1.0679856642234902
25579.0,30816.0,1.0662985664606055
25579.0,30873.0,1.0670744463324167
25579.0,30929.0,1.0652891349872933
25579.0,31026.0,1.0675323197642388
25579.0,31206.0,1.0663330421046724
25579.0,30078.0,1.0677368922742632
25579.0,30031.0,1.0679833436503217
25579.0,28927.0,1.067736827395854
25579.0,28350.0,1.0666661724174857
25579.0,28382.0,1.0671847822439064
25579.0,28710.0,1.0675542864783405
25579.0,28858.0,1.0657356397876692
25579.0,35569.0,1.067279726526774
25579.0,40820.0,1.0665913207711801
25579.0,35637.0,1.06676808849246
25579.0,37524.0,1.0669244945312117
25579.0,37709.0,1.0664850277672704
25579.0,36224.0,1.06734561120359
25579.0,36251.0,1.0675011822823068
25579.0,37276.0,1.0679465811871207
25579.0,38749.0,1.0651570795276009
25579.0,39512.0,1.0680458622377074
25579.0,35624.0,1.066428122539152
25579.0,37757.0,1.0661563357637223
25579.0,37811.0,1.0668331048347282
25579.0,37916.0,1.0666883909169576
25579.0,38460.0,1.06850274722924
25579.0,38606.0,1.0666205909533348
25579.0,38283.0,1.0690563056005824
25579.0,37198.0,1.0674530607150534
25579.0,37286.0,1.0665394047849217
25579.0,37440.0,1.0668724695040188
25579.0,37603.0,1.068643288010498
25579.0,37666.0,1.06652292631999
25579.0,39648.0,1.067267329956469
25579.0,39770.0,1.0654457346302737
25579.0,39420.0,1.0683706263014956
25579.0,38775.0,1.0693351730131142
25579.0,38921.0,1.0672083240794636
25579.0,39025.0,1.0677798118164255
25579.0,39063.0,1.064763010107837
25579.0,39075.0,1.0675137080070107
25579.0,39429.0,1.0663718594786795
25579.0,37179.0,1.0673028569222733
25579.0,36074.0,1.0662306741815866
25579.0,36170.0,1.0669837286365733
25579.0,35968.0,1.0672412616472713
25579.0,35711.0,1.0649138960429856
25579.0,35791.0,1.0668638361977822
25579.0,35800.0,1.0671000245107656
25579.0,35848.0,1.065583930854389
25579.0,35930.0,1.0680611566713494
25579.0,36282.0,1.0675702483965093
25579.0,36837.0,1.0663296734069136
25579.0,36957.0,1.0654422965870725
25579.0,37068.0,1.0674617333435839
25579.0,37108.0,1.06689528789258
25579.0,37129.0,1.0663612754004788
25579.0,36327.0,1.0661779725650002
25579.0,36355.0,1.067180834865439
25579.0,36453.0,1.0672687982884896
25579.0,36513.0,1.067894938587292
25579.0,36548.0,1.0649838800928944
25579.0,36635.0,1.0690404547617829
25579.0,49875.0,1.067948293408966
25579.0,50540.0,1.0667678822511002
25579.0,48063.0,1.0657970488239943
25579.0,45622.0,1.066426212498177
25579.0,45834.0,1.0672965992690602
25579.0,45977.0,1.0661659172121918
25579.0,47202.0,1.0673687049999934
25579.0,47374.0,1.066755347686509
25579.0,47805.0,1.0661403093013988
25579.0,45317.0,1.0651166133669987
25579.0,42192.0,1.0659191589088932
25579.0,42259.0,1.0670964403149823
25579.0,42352.0,1.066706653174185
25579.0,42363.0,1.0651147257397977
25579.0,42416.0,1.0667346109459712
25579.0,41832.0,1.0659311858927476
25579.0,41763.0,1.0663695626709107
25579.0,40602.0,1.0676858715576376
25579.0,40725.0,1.067063195381008
25579.0,40875.0,1.0668881743040055
25579.0,40881.0,1.0659065358317144
25579.0,40925.0,1.065418278043165
25579.0,41014.0,1.0662309880334733
25579.0,41494.0,1.0665952147946416
25579.0,41736.0,1.0686645891204039
25579.0,42440.0,1.067217929677488
25579.0,43672.0,1.0658116922480494
25579.0,44154.0,1.0653080083716029
25579.0,44365.0,1.0678342863631258
25579.0,44901.0,1.0672406779003984
25579.0,45002.0,1.0655073099557077
25579.0,42997.0,1.0653980652779225
25579.0,43036.0,1.0666460093848742
25579.0,43274.0,1.0681522731187472
25579.0,45363.0,1.066185605082397
25375.0,41968.0,1.0028292107558683
25394.0,26590.0,1.0028405889578116
25398.0,48525.0,1.0008219810932777
25415.0,4956.0,1.0
25415.0,6923.0,1.0
25415.0,36176.0,1.0
25415.0,44255.0,1.000042839385924
25415.0,44319.0,1.0019189256069194
25415.0,45694.0,1.0
25415.0,45929.0,1.0016987393781749
25415.0,43496.0,1.0001646853936643
25415.0,37593.0,1.0007273648629191
25415.0,38250.0,1.0003523638069072
25415.0,39334.0,1.0000603622045943
25415.0,39437.0,1.0000492957016989
25415.0,41842.0,1.0
25120.0,27223.0,1.0009532959955476
25153.0,26486.0,1.0
25206.0,40275.0,1.0037477449316476
25220.0,32418.0,1.0015619709758536
25281.0,26918.0,1.0008593152838805
25359.0,28279.0,1.0012182134549175
25425.0,16419.0,1.0025203340216575
22400.0,23681.0,1.002895704026846
22400.0,23449.0,1.0034947764420308
22504.0,18951.0,1.0
22504.0,32951.0,1.0005112458277048
22504.0,32957.0,1.001923131580196
22504.0,45589.0,1.000556725285994
22385.0,43150.0,1.0002665245236724
22385.0,32719.0,1.00025517470613
22367.0,16234.0,1.0
22367.0,14090.0,1.0
22367.0,50294.0,1.0
22367.0,52191.0,1.000223652758381
22367.0,48395.0,1.0
22367.0,36029.0,1.0007134887746902
22367.0,36594.0,1.0
22367.0,37266.0,1.001323552644484
22367.0,38290.0,1.0015771605395685
22367.0,38491.0,1.000305116734663
22367.0,39802.0,1.0
22367.0,35783.0,1.0
22367.0,35608.0,1.0
22367.0,34236.0,1.0
22367.0,34262.0,1.0006404349448281
22367.0,34825.0,1.0
22367.0,34846.0,1.0006614607078672
22367.0,35153.0,1.0001343004549246
22367.0,35431.0,1.0
22367.0,35739.0,1.0
22367.0,46029.0,1.0
22367.0,47186.0,1.0
22367.0,47821.0,1.001009077983181
22367.0,47966.0,1.0
22367.0,44662.0,1.0006681395568149
22367.0,40494.0,1.0
22367.0,40665.0,1.0
22367.0,40716.0,1.0
22367.0,41000.0,1.00074403110352
22367.0,41250.0,1.0
22367.0,32357.0,1.0
22367.0,32298.0,1.0
22367.0,4923.0,1.0
22367.0,27758.0,1.0
22367.0,27918.0,1.0006135824327398
22367.0,31319.0,1.0
22367.0,31414.0,1.0012544304420679
22367.0,31949.0,1.0
22367.0,26535.0,1.0011316410678917
22367.0,26366.0,1.0005381861669336
22367.0,7626.0,1.000522053282932
22367.0,16122.0,1.0002554845701952
22367.0,20420.0,1.000693483524841
22682.0,40820.0,1.0
22682.0,44051.0,1.0
22733.0,23743.0,1.0031879173150846
22733.0,24099.0,1.0028035553398356
22784.0,12476.0,1.0021107309268447
22806.0,26460.0,1.0030614029994043
22522.0,36926.0,1.0
22522.0,40535.0,1.0004566985298937
22522.0,40900.0,1.0006563951301608
22545.0,26370.0,1.0011201175089885
22624.0,23619.0,1.0
22879.0,44245.0,1.001395953929082
23274.0,25262.0,1.0
23293.0,8520.0,1.0017465521848399
23481.0,47350.0,1.0010797494972028
23506.0,44100.0,1.0014659536711237
23506.0,45993.0,1.0
23506.0,51944.0,1.000092139707909
23149.0,52155.0,1.0013642083323309
23149.0,45017.0,1.0
23149.0,32459.0,1.0013034179173204
23149.0,44175.0,1.000942378193104
23188.0,1333.0,1.0018551445284134
23188.0,44935.0,1.0009278478731087
23188.0,47933.0,1.0022584386145486
23203.0,36204.0,1.0034539442250225
23254.0,20860.0,1.0014012281099576
24765.0,26416.0,1.000145918628784
24937.0,25181.0,1.0010291182821023
24966.0,23943.0,1.0004426066818475
24987.0,26671.0,1.0031423009031073
24991.0,26664.0,1.005434520191686
23523.0,2080.0,1.0004074538815844
23554.0,39276.0,1.0048144033656443
23580.0,9701.0,1.001898490821019
24599.0,35152.0,1.0024441015145897
24645.0,43371.0,1.0029623705786108
24698.0,3430.0,1.0018062261858074
23087.0,27572.0,1.0
23087.0,28505.0,1.0002448129218016
23087.0,30234.0,1.0022015033260958
23087.0,34481.0,1.000627011262349
23087.0,14232.0,1.0001426292587743
23087.0,15416.0,1.0
23087.0,44318.0,1.0
23087.0,35472.0,1.0021517899832897
23087.0,40561.0,1.0023068868977987
23087.0,41804.0,1.0001218903243771
23087.0,41989.0,1.001031485217794
22916.0,7013.0,1.003494305325065
22922.0,23849.0,1.0026427234305897
22976.0,26494.0,1.0033184523181111
22976.0,27158.0,1.0030883479529322
23035.0,31388.0,1.0024979970261652
23059.0,25167.0,1.0029377431138082
23067.0,23967.0,1.0032110877174998
26143.0,74.0,1.0022438318368923
26297.0,10490.0,1.0
26120.0,16763.0,1.0013679989076276
26088.0,31385.0,1.00299536538546
26046.0,23175.0,1.0015035336775306
25619.0,27726.0,1.0
25659.0,29994.0,1.0004288638170955
25723.0,27861.0,1.0003268635984972
25847.0,20313.0,1.0045546584777774
25868.0,27392.0,1.0005638967090098
26476.0,27940.0,1.0022508724139303
26648.0,30929.0,1.0
26648.0,31231.0,1.0
26648.0,25326.0,1.0010246388093147
26648.0,8376.0,1.0010867980269231
26648.0,8886.0,1.0015976346180382
26648.0,9907.0,1.0
26648.0,11220.0,1.0004624414183036
26648.0,8048.0,1.0
26648.0,13945.0,1.0014972032720335
26648.0,30972.0,1.0001436135232045
26648.0,31365.0,1.0
26648.0,30361.0,1.0
26648.0,30389.0,1.0
26648.0,30469.0,1.0005840868266394
26648.0,30501.0,1.0
26648.0,30507.0,1.0
26648.0,30522.0,1.0003929824367148
26648.0,30796.0,1.0
26648.0,34463.0,1.0008092192281817
26648.0,34494.0,1.0003776184518702
26648.0,34513.0,1.0008362221678233
26648.0,35168.0,1.001016885748759
26648.0,35178.0,1.0
26648.0,35991.0,1.0
26648.0,36017.0,1.0
26648.0,32706.0,1.0000189632905048
26648.0,31896.0,1.0
26648.0,32209.0,1.0002600606891512
26648.0,32423.0,1.0
26648.0,32469.0,1.0010418351602457
26648.0,19495.0,1.0
26648.0,19804.0,1.0013300111195005
26648.0,21937.0,1.0014504541813252
26648.0,23560.0,1.0
26648.0,23799.0,1.0
26648.0,18586.0,1.0
26648.0,14178.0,1.0
26648.0,14556.0,1.0
26648.0,18432.0,1.0
26648.0,28787.0,1.0
26648.0,28865.0,1.0006337154201956
26648.0,28909.0,1.0013021079285838
26648.0,29984.0,1.0
26648.0,30093.0,1.002000476138884
26648.0,30133.0,1.0006546174320248
26648.0,28749.0,1.0
26648.0,27202.0,1.0003412562302585
26648.0,27814.0,1.0
26648.0,28179.0,1.000130417623324
26648.0,28415.0,1.002224616107259
26648.0,28601.0,1.0019888154625598
26648.0,37265.0,1.0023757091074228
26648.0,42905.0,1.0
26536.0,38416.0,1.0
26587.0,37284.0,1.0006382229639406
25597.0,35889.0,1.0004571677280854
25597.0,38760.0,1.0009730363334413
25597.0,39009.0,1.0003615752615327
25597.0,39049.0,1.0009125654098676
25597.0,39456.0,1.0009306628103924
25597.0,39512.0,1.0011691234884648
25597.0,37459.0,1.0026321225430037
25597.0,37557.0,1.001355542124652
25597.0,37651.0,1.0009466271112866
25597.0,37802.0,1.0
25597.0,38015.0,1.0012114691188714
25597.0,46171.0,1.0
25597.0,47722.0,1.0002058407549508
25597.0,47752.0,1.0007566289484247
25597.0,47839.0,1.0
25597.0,48450.0,1.0
25597.0,45576.0,1.0013308703294719
25597.0,45462.0,1.0
25597.0,40312.0,1.0
25597.0,41270.0,1.0
25597.0,41908.0,1.0011115002188038
25597.0,42946.0,1.0
25597.0,37385.0,1.0007094320315955
25597.0,37309.0,1.0
25597.0,36535.0,1.0
25597.0,14190.0,1.0
25597.0,31328.0,1.0007506542900904
25597.0,31972.0,1.001184011827372
25597.0,32149.0,1.0003968570883968
25597.0,34361.0,1.0
25597.0,36288.0,1.0
25597.0,36330.0,1.0
25597.0,36746.0,1.001375665299223
25597.0,36797.0,1.0
25597.0,37221.0,1.0019895435903072
25597.0,32805.0,1.0
25597.0,34863.0,1.0
25597.0,35336.0,1.0013026117860033
25597.0,35680.0,1.001471876631683
25597.0,37329.0,1.0005880432451706
16777.0,47243.0,1.0012349249423158
16778.0,1367.0,1.0011620409912079
16852.0,22456.0,1.0035375087713354
16878.0,13910.0,1.0004629795955529
16889.0,7119.0,1.0029454618339226
16894.0,28897.0,1.0021159495687126
16952.0,18943.0,1.0009614408490615
16959.0,47449.0,1.000491218071456
16965.0,6788.0,1.0019384518429106
16965.0,18950.0,1.0021236582295308
16419.0,20473.0,1.0017739484542694
16577.0,10461.0,1.000614361585302
16672.0,14886.0,1.0
16700.0,19915.0,1.0007332135527613
16700.0,22489.0,1.0
16711.0,18628.0,1.0033845355157005
17218.0,19223.0,1.003103813764143
17355.0,22068.0,1.0022434592129352
17358.0,7087.0,1.0
17358.0,19477.0,1.0
16968.0,13554.0,1.0014072975367878
16968.0,17608.0,1.001261304277533
17044.0,18635.0,1.0000394044611547
17062.0,19042.0,1.0038127721349266
17062.0,19044.0,1.002574080651463
17070.0,9089.0,1.0026217179781323
15636.0,15538.0,1.0013487365674936
15649.0,8739.0,1.0006678817656136
15936.0,16920.0,1.000066259992364
15949.0,18173.0,1.0016945388633753
15288.0,45893.0,1.0015030527975737
15288.0,44879.0,1.0006507791133328
15288.0,34888.0,1.0
15288.0,41755.0,1.0
15288.0,42400.0,1.0
15288.0,4762.0,1.0003287643019279
15288.0,17530.0,1.0006643117066731
15288.0,18573.0,1.0002125752377622
15288.0,19625.0,1.0
15288.0,19784.0,1.0
15288.0,23504.0,1.0
15288.0,44876.0,1.0002334937404553
15483.0,8420.0,1.0021272098289475
15574.0,17695.0,1.0022518563253544
15961.0,35213.0,1.0017847405161793
15977.0,28672.0,1.0
15977.0,52027.0,1.0
16282.0,20006.0,1.0011626205555637
16201.0,38383.0,1.0014961173594998
16194.0,14683.0,1.0014316068106641
16003.0,5268.0,1.0031450700207454
16003.0,19813.0,1.0040644332785207
17394.0,19298.0,1.0004920381994817
17494.0,19362.0,1.0
18322.0,5986.0,1.0007020141527598
18331.0,9663.0,1.0023455911799821
18335.0,18420.0,1.0032191816270999
18335.0,22170.0,1.0010691506818017
18335.0,34272.0,1.0
18008.0,25280.0,1.0
18008.0,46071.0,1.0
18008.0,19943.0,1.00008737397525
18012.0,26947.0,1.0003166190792396
18381.0,45514.0,1.0005468473398365
18404.0,15282.0,1.0047663093551236
18414.0,20001.0,1.0000998913097934
18450.0,20092.0,1.0049004934696155
18519.0,6114.0,1.0010571777618453
17572.0,28230.0,1.0
17572.0,415.0,1.0
17572.0,16490.0,1.000035829826181
17575.0,40278.0,1.001424567968685
17590.0,19353.0,1.0
17748.0,19974.0,1.002773376009217
17811.0,44214.0,1.0022900311589775
17526.0,39327.0,1.0020826174113528
17546.0,20003.0,1.001625092154764
17834.0,40207.0,1.0
17834.0,43009.0,1.000509992705249
17948.0,20835.0,1.0021699096716612
17960.0,19776.0,1.0
17986.0,47525.0,1.002443048522783
17914.0,41380.0,1.004215495891794
13949.0,16313.0,1.0
13967.0,16864.0,1.0017476861018366
13967.0,27390.0,1.0005501989836885
13521.0,16198.0,1.0016644698702344
13630.0,4972.0,1.0024953410067772
13995.0,34205.0,1.0033988979088542
14160.0,16313.0,1.0
14205.0,15004.0,1.0021321092604047
14436.0,16825.0,1.0017324252673296
14071.0,1959.0,1.001298723841354
14002.0,8095.0,1.000444677488341
14002.0,22241.0,1.0011677919809114
14002.0,22770.0,1.001566379446459
14008.0,16277.0,1.0017311183005813
14018.0,16479.0,1.0020841321114866
14064.0,10864.0,1.0
14114.0,6798.0,1.0028266368576921
11957.0,25249.0,1.0012132826818518
11957.0,15238.0,1.0012638832399263
11993.0,8080.0,1.0029171443140648
12033.0,15460.0,1.0020806438103849
12034.0,16096.0,1.0011973078523948
13133.0,1990.0,1.0009361129718621
11905.0,13652.0,1.0
11777.0,1770.0,1.0016473386206468
11795.0,14707.0,1.0055191686940586
11798.0,1367.0,1.0039664020346089
11849.0,13798.0,1.002876544281001
11870.0,15445.0,1.0
13187.0,23513.0,1.002731161351062
13418.0,18168.0,1.0
13464.0,23964.0,1.0012320948272004
13464.0,26764.0,1.000931986840186
13190.0,4409.0,1.0006554718855376
13333.0,15278.0,1.0025939541303854
13388.0,10674.0,1.0011959462465172
15099.0,17422.0,1.0010400758516254
15118.0,8531.0,1.0035252365083225
15184.0,7477.0,1.0006584146620772
15184.0,50080.0,1.0004858924442364
15249.0,14745.0,1.0031921819857577
15272.0,17584.0,1.0030666178803975
15040.0,16414.0,1.0024339301315017
14819.0,23757.0,1.0
14911.0,2839.0,1.0028280463611405
14912.0,8263.0,1.00101146624565
14912.0,6180.0,1.000874682538066
14765.0,18001.0,1.0035175939547922
14582.0,28446.0,1.0
14582.0,7209.0,1.0004261880649263
14582.0,23964.0,1.0011843872850787
14582.0,28907.0,1.000543164860448
14582.0,31055.0,1.0
14582.0,32720.0,1.0
14582.0,34598.0,1.0
14582.0,27965.0,1.0
14582.0,27801.0,1.0019404862355428
14582.0,25123.0,1.0006414876919123
14467.0,7287.0,1.0
14508.0,13720.0,1.0008051132235571
14740.0,17921.0,1.0008688756638555
14740.0,19845.0,1.0020139936090167
14749.0,17156.0,1.0017785146256537
14736.0,13976.0,1.0006759321280885
14622.0,36099.0,1.0010078510217468
14651.0,19679.0,1.0
14696.0,42318.0,1.0
18544.0,21969.0,1.0025863355140634
18604.0,22073.0,1.0
18604.0,39193.0,1.0
18604.0,26964.0,1.0
18604.0,3435.0,1.0
18604.0,22452.0,1.0006214422919895
18604.0,22258.0,1.0003950374035735
18604.0,9193.0,1.0
18604.0,21905.0,1.0008554228558382
18604.0,22086.0,1.0002741108422648
18604.0,22224.0,1.0
21289.0,40697.0,1.0000689302765713
21289.0,47977.0,1.0
21289.0,50302.0,1.000116248575737
21289.0,50324.0,1.0000616741553106
21289.0,50460.0,1.0001885481165427
21289.0,50724.0,1.0006268023418243
21289.0,49877.0,1.0
21289.0,24055.0,1.0
21289.0,49805.0,1.000310397295262
21224.0,19668.0,1.003606430336006
21262.0,22463.0,1.0038592071489743
21297.0,48450.0,1.0
21297.0,3348.0,1.0
21297.0,19771.0,1.0021316182053168
21297.0,28424.0,1.0
21297.0,48333.0,1.0006444239885612
21433.0,30753.0,1.0
21433.0,30264.0,1.0004209041468604
21433.0,30231.0,1.0005818538139997
21433.0,26913.0,1.0
21441.0,22412.0,1.002657507923502
21463.0,22632.0,1.0
21494.0,22684.0,1.0038142857014822
21533.0,30983.0,1.000947163571968
21331.0,22663.0,1.0002325957263856
20749.0,26782.0,1.0
20749.0,28314.0,1.0
20749.0,30659.0,1.0005759679819837
20749.0,31041.0,1.0
20749.0,31156.0,1.0
20749.0,27612.0,1.0
20749.0,27822.0,1.0010987074966886
20749.0,27882.0,1.0
20749.0,27934.0,1.0
20749.0,28135.0,1.0
20749.0,29951.0,1.0
20749.0,27536.0,1.0022595720055936
20749.0,6738.0,1.0014242177239414
20749.0,8135.0,1.0
20749.0,27040.0,1.0006470802512966
20749.0,27123.0,1.0006832771108372
20749.0,27291.0,1.0008680535115801
20749.0,27033.0,1.0
20749.0,22345.0,1.0014539056783867
20749.0,27019.0,1.0
20749.0,22525.0,1.0010458927752515
20749.0,22555.0,1.0
20749.0,22630.0,1.0
20749.0,22735.0,1.0003342152785766
20749.0,22958.0,1.0
20776.0,20389.0,1.0
20816.0,5057.0,1.0026161387424506
20874.0,22489.0,1.0
21537.0,22732.0,1.0029465352460227
21074.0,22020.0,1.0019532915582563
21118.0,22606.0,1.001906933588029
21135.0,22347.0,1.0020665125062727
21196.0,2153.0,1.0
21196.0,26450.0,1.0015241929676206
21208.0,17409.0,1.0012393485420454
21027.0,22607.0,1.0022759822226448
20901.0,22091.0,1.0017525129750635
20991.0,22890.0,1.0015774400956339
20991.0,23072.0,1.0015006160440136
21016.0,22411.0,1.0
21016.0,22464.0,1.0038170690179637
21542.0,26918.0,1.0
21543.0,25222.0,1.000955638272635
22247.0,8367.0,1.0
22247.0,49811.0,1.0010931651936381
22247.0,44313.0,1.0
22247.0,44354.0,1.0005809457288741
22288.0,5480.0,1.0023683120841846
22324.0,50544.0,1.0005399565227107
22324.0,52234.0,1.0015472585455214
22364.0,22476.0,1.0019303047564825
22224.0,15573.0,1.0
21826.0,37520.0,1.0026918438215517
21862.0,22785.0,1.0026810948214788
21903.0,28667.0,1.0021948229617061
21907.0,38434.0,1.002796427902292
21916.0,23004.0,1.0020175713961514
21930.0,47251.0,1.0014379539417546
21768.0,23078.0,1.0020677138708933
21570.0,22730.0,1.0013367952555934
21614.0,40098.0,1.0013067395206277
21714.0,26372.0,1.0
21963.0,36950.0,1.001337593647463
21963.0,49844.0,1.0
21963.0,32555.0,1.000038931175133
21963.0,39300.0,1.000770601190955
21963.0,35729.0,1.0
21963.0,36456.0,1.0
21963.0,36883.0,1.0
21963.0,38107.0,1.0000130885933023
21976.0,31481.0,1.0023067821125846
22010.0,23095.0,1.0000245943596866
22031.0,23111.0,1.0000052199075875
22157.0,3257.0,1.0031440579192747
22157.0,4217.0,1.0041953508353711
22188.0,32474.0,1.0
19250.0,1304.0,1.0
19250.0,16765.0,1.0006636169628293
19250.0,7942.0,1.000361266797895
19250.0,8742.0,1.0
19250.0,13535.0,1.0
19250.0,14654.0,1.0005452900372178
19250.0,16743.0,1.0
19250.0,17400.0,1.0025660649192647
19250.0,2970.0,1.0
19250.0,22384.0,1.0
19250.0,20523.0,1.0
19250.0,20767.0,1.0
19250.0,22017.0,1.0011148167821133
19250.0,22029.0,1.0
19114.0,23408.0,1.0013359353788367
19169.0,20459.0,1.0016488124386367
19183.0,31989.0,1.0002610579189382
19183.0,23354.0,1.0020708354971786
19338.0,20649.0,1.0000365486212337
19346.0,33135.0,1.0
19346.0,5109.0,1.0015106326660514
19346.0,20831.0,1.0006505651839026
19346.0,27769.0,1.0001600198177047
19346.0,32174.0,1.001639650511158
19346.0,52063.0,1.0
19085.0,20459.0,1.0012626127628421
19086.0,36704.0,1.0011799618374286
18646.0,52023.0,1.00331578659554
18646.0,44652.0,1.0013863647155754
18880.0,20304.0,1.0033754133507236
18882.0,1319.0,1.0018178667617956
19054.0,20645.0,1.0006288069017255
18784.0,20276.0,1.0033806276726098
18755.0,22395.0,1.0048506161584363
18704.0,20124.0,1.000332528312409
18704.0,14028.0,1.0001057570185479
18708.0,20216.0,1.0019679326527755
20701.0,37557.0,1.0014594576495202
20701.0,35451.0,1.0006941761420283
20701.0,37381.0,1.001182375593758
20701.0,40117.0,1.0
20701.0,43736.0,1.0009983826517488
20701.0,14147.0,1.0007393548955454
19631.0,45130.0,1.0035330124679336
20688.0,39998.0,1.0024544799475172
20688.0,40585.0,1.001117925083186
20695.0,27723.0,1.0005111085544123
20695.0,35028.0,1.00141056395347
20695.0,38031.0,1.0001727032612568
19407.0,20767.0,1.0
19407.0,22394.0,1.0
19407.0,26656.0,1.0
19441.0,19762.0,1.0002149500506745
19393.0,14556.0,1.0
19504.0,20716.0,1.0038087972503489
19552.0,19744.0,1.0003638443942813
19552.0,9268.0,1.0
19552.0,22145.0,1.0
19552.0,20885.0,1.0007693516097727
19552.0,22034.0,1.000497449090021
19552.0,22303.0,1.0004282950297019
19552.0,22557.0,1.0034312630512345
19552.0,20588.0,1.0
19552.0,19169.0,1.0000538139649182
19552.0,20632.0,1.0004016570056096
19548.0,16784.0,1.0016054066061153
11771.0,16022.0,1.0027739701828977
41728.0,47917.0,1.0
41728.0,41773.0,1.0008202075602526
41728.0,19044.0,1.0005536995545017
41728.0,45380.0,1.0008811685297694
41728.0,51916.0,1.0
41728.0,40677.0,1.0
41728.0,45463.0,1.0
41728.0,45808.0,1.0
41728.0,46097.0,1.0
41728.0,46098.0,1.0
41728.0,47184.0,1.0017351729836332
41728.0,47282.0,1.0001868807197487
41728.0,47453.0,1.0006143028884837
41728.0,44039.0,1.0
41728.0,44267.0,1.001462592433349
41728.0,47716.0,1.0
41728.0,48530.0,1.000826965274261
41728.0,48586.0,1.001348890475275
41728.0,50025.0,1.000843924338793
41728.0,50044.0,1.0002600245157063
41728.0,50047.0,1.0019971222493014
41728.0,35082.0,1.0
41728.0,35132.0,1.0
41728.0,40346.0,1.0000928825714748
41728.0,13551.0,1.000321476009041
41728.0,17718.0,1.0
41728.0,40444.0,1.0010943153570186
41728.0,42255.0,1.0010044674752634
41728.0,42705.0,1.0
41728.0,43018.0,1.0
41728.0,40629.0,1.0
41728.0,41372.0,1.0
41728.0,45479.0,1.0
41812.0,39398.0,1.0013374206790706
41815.0,5611.0,1.0
41815.0,14581.0,1.0014998964922226
41815.0,47505.0,1.0015802746848927
41455.0,45298.0,1.0
41486.0,19836.0,1.0029994050226694
41577.0,47854.0,1.0037370581133958
41577.0,44230.0,1.0025980575252906
41587.0,39235.0,1.0031459883456666
43527.0,45264.0,1.1798359699222853
43563.0,41562.0,1.0000423166659196
43563.0,47560.0,1.0009669925512839
43603.0,47305.0,1.0
43603.0,42268.0,1.0
43603.0,40881.0,1.0
43603.0,43779.0,1.0
43603.0,40898.0,1.0009790199080892
43603.0,40983.0,1.0
43603.0,41066.0,1.0003245265305674
43603.0,41214.0,1.0017851198753993
43603.0,41401.0,1.0007788346077362
43603.0,41422.0,1.000642385169697
43603.0,44977.0,1.0
43512.0,40431.0,1.0020112242419033
43509.0,3486.0,1.0034908886442426
43242.0,35190.0,1.0010666406431008
43242.0,38629.0,1.0017457376157173
43268.0,42600.0,1.0039949616918986
43293.0,40270.0,1.0000887808296737
43852.0,42132.0,1.0
43898.0,20347.0,1.0025603421954898
41916.0,49969.0,1.0004040627989879
41916.0,50591.0,1.0
41916.0,15609.0,1.0
41916.0,40107.0,1.0
41965.0,39437.0,1.0015155857475573
41985.0,39495.0,1.0023029131788737
42326.0,39630.0,1.0013130126423726
42348.0,765.0,1.0023952199813055
42448.0,39752.0,1.003071996561739
41882.0,52234.0,1.0019789895163307
43058.0,40096.0,1.0009138553445607
43133.0,38529.0,1.0
43182.0,35883.0,1.0
42661.0,27662.0,1.0011969635430737
42706.0,42515.0,1.0
42780.0,39016.0,1.0
39204.0,37566.0,1.0002862099743017
39225.0,37613.0,1.0026064037825548
39309.0,40397.0,1.000289906841754
39185.0,30147.0,1.0012415452581152
39375.0,39138.0,1.0010621300089697
39402.0,36038.0,1.0
39100.0,43057.0,1.002069447850647
38979.0,41870.0,1.0017855490069252
38979.0,26988.0,1.0027464771588939
39009.0,46016.0,1.0025868694276676
39408.0,38088.0,1.0026795036445262
39592.0,52229.0,1.0034916467693644
39663.0,39149.0,1.000526584355924
38970.0,37388.0,1.0009998021087774
39459.0,42515.0,1.0
39459.0,42169.0,1.0015655951089821
39479.0,37796.0,1.0030255782006383
38429.0,34370.0,1.0
38429.0,40672.0,1.0
38429.0,39288.0,1.0007327730633082
38429.0,39822.0,1.0
38429.0,40947.0,1.0010307553417943
38429.0,38871.0,1.0
38429.0,40970.0,1.0009928653699338
38429.0,25207.0,1.0001027384866392
38429.0,38008.0,1.000612966580183
38429.0,38196.0,1.0
38429.0,38425.0,1.0
38429.0,38501.0,1.0
38429.0,38670.0,1.0005633693514642
38429.0,41512.0,1.0
38429.0,42354.0,1.0
38429.0,43587.0,1.0007968998389762
38429.0,43688.0,1.0
38403.0,50364.0,1.0005532629006728
39683.0,43198.0,1.0012337821341988
38771.0,35977.0,1.0013403461720094
38786.0,37269.0,1.0022590441004002
38511.0,19022.0,1.0022539793467364
40542.0,38520.0,1.000507400860988
40775.0,38645.0,1.0008040122461657
40806.0,38951.0,1.0006234412474386
40287.0,3246.0,1.0
40121.0,38191.0,1.00036734145629
40122.0,47821.0,1.002023368553431
40122.0,47176.0,1.0
40122.0,45631.0,1.0010366957943322
40235.0,32926.0,1.0001845661329154
40846.0,39053.0,1.001308921862172
40846.0,4146.0,1.0018795373084561
40846.0,41524.0,1.0
41053.0,41434.0,1.0008044192202505
41194.0,14255.0,1.000655059133257
40963.0,38423.0,1.003182071661575
40963.0,13896.0,1.0014322964846696
40916.0,42653.0,1.0
40916.0,48031.0,1.0
40916.0,44941.0,1.0
39975.0,38088.0,1.000862130327537
39774.0,42495.0,1.0004016225347556
39774.0,47395.0,1.0
39774.0,47405.0,1.0
39774.0,37989.0,1.001106077595398
39774.0,38080.0,1.0000612954342887
39774.0,41285.0,1.0007166657287814
39774.0,48399.0,1.0005545136893128
39774.0,47487.0,1.0
39774.0,47640.0,1.0
39774.0,48245.0,1.0002825670306557
39844.0,39028.0,1.0
39853.0,38716.0,1.0
39853.0,47605.0,1.0021241719605618
52399.0,48378.0,1.0023254487455346
52399.0,45838.0,1.0018270183586369
52410.0,45249.0,1.0020848023050977
52413.0,50364.0,1.002481635557092
52482.0,45329.0,1.0034689944009023
52503.0,45353.0,1.0024271330947483
52183.0,47927.0,1.1008653848301067
52183.0,45603.0,1.101739582659064
53272.0,52134.0,1.001892137580639
53415.0,28010.0,1.0061192603777178
52703.0,45668.0,1.004963915620729
53054.0,50728.0,1.0013155139521954
53054.0,51852.0,1.0006925173990135
53054.0,51864.0,1.000609946871795
52086.0,47505.0,1.0020682638201532
50189.0,1851.0,1.0023731552584965
50277.0,44684.0,1.0009978864640827
50315.0,44245.0,1.0
50315.0,44551.0,1.0001871168841556
50566.0,39189.0,1.0026597054448283
48453.0,40084.0,1.0037958220513659
48566.0,43742.0,1.002880714704522
48703.0,43805.0,1.005102540534429
48813.0,22970.0,1.001300917030549
49874.0,45993.0,1.002261156973488
50602.0,45426.0,1.0007427108775566
50794.0,43910.0,1.0005987950978914
50830.0,231.0,1.0044183203848491
50875.0,9144.0,1.0010329731195988
50615.0,44525.0,1.0030837883400836
50680.0,14134.0,1.0027604623477657
50765.0,44687.0,1.0030034647221433
58219.0,45878.0,1.002941708409851
58664.0,51998.0,1.0
58675.0,15253.0,1.0
58675.0,50551.0,1.0000909648935545
58675.0,35185.0,1.0
58675.0,50500.0,1.0009686440333352
57213.0,48517.0,1.0029650511286798
57213.0,28770.0,1.00205243818172
57250.0,48530.0,1.003318986406721
57538.0,50385.0,1.0004864032847485
57647.0,49782.0,1.0001863730539116
59737.0,52232.0,1.0034299661725952
59921.0,51973.0,1.004498457476594
60062.0,4996.0,1.003003806070668
60082.0,35204.0,1.0015084487008623
60322.0,52177.0,1.0037591750731358
59625.0,3571.0,1.0028875496060499
59559.0,45808.0,1.0016786740408747
58856.0,12494.0,1.0022581856442843
59026.0,42638.0,1.0015291223321987
59131.0,42641.0,1.0016199839184303
59550.0,52058.0,1.0006940204838022
57202.0,51934.0,1.0
57202.0,52036.0,1.0024995706066062
57202.0,51910.0,1.0
57202.0,49823.0,1.0
57202.0,50070.0,1.0004175203692258
55457.0,48409.0,1.0006893014183111
55495.0,47475.0,1.0
55499.0,46056.0,1.0014572724497792
55499.0,46129.0,1.0006099648716824
55598.0,48409.0,1.0008454045151365
55806.0,47453.0,1.0028993150319203
55839.0,47627.0,1.0
55215.0,47294.0,1.0027385852946078
53506.0,38915.0,1.0033838393014092
53771.0,10625.0,1.0025796810903644
53859.0,46083.0,1.0011168422688759
56765.0,48204.0,1.002856002633364
56809.0,44719.0,1.0
56885.0,10875.0,1.001813002132981
56936.0,40347.0,1.0027241198327481
57017.0,48397.0,1.0006146426648845
57055.0,50445.0,1.0011725891196617
56104.0,47809.0,1.003213247402869
56156.0,50713.0,1.0021603242612909
56297.0,47933.0,1.0019286715694677
45957.0,41945.0,1.002817356720979
46077.0,15951.0,1.0005357374880561
46077.0,7334.0,1.0001909494461778
46077.0,42414.0,1.0003889080996458
46077.0,43399.0,1.0003829704626508
45501.0,47873.0,1.0023205895398466
45661.0,43482.0,1.0007472814952338
45719.0,44142.0,1.0037716023288816
46142.0,42050.0,1.001595025646501
46152.0,42063.0,1.0
46182.0,42268.0,1.000139999674124
46182.0,45833.0,1.0014819930394918
46223.0,43917.0,1.0025090081414492
46288.0,50373.0,1.0026740100767015
46124.0,43878.0,1.0027925750397195
46093.0,45717.0,1.0
46093.0,48509.0,1.0
44268.0,40950.0,1.0002109731004276
44268.0,42733.0,1.0014532067176545
44268.0,36901.0,1.0013326976454924
44274.0,40943.0,1.0018337095497867
44609.0,41040.0,1.00065180696001
44705.0,41093.0,1.0015153520948032
44206.0,42627.0,1.0000910325926138
43981.0,40716.0,1.0
43981.0,41833.0,1.0
44152.0,51852.0,1.0001586890598666
44152.0,42077.0,1.0
44152.0,48348.0,1.0
44155.0,40790.0,1.0015671174356688
45112.0,41361.0,1.002605765524693
45121.0,46023.0,1.0003576904962679
45173.0,41361.0,1.0023101938529717
45178.0,41245.0,1.0
45281.0,44376.0,1.0001968799148229
45049.0,7494.0,1.0015972006323088
44762.0,41824.0,1.0027903472215396
44787.0,18080.0,1.0028924920015303
44999.0,41271.0,1.000333238782145
45037.0,41292.0,1.00292730762569
46320.0,40681.0,1.002903700897068
48036.0,50732.0,1.0016937571845665
48234.0,43482.0,1.000704620213523
48266.0,43993.0,1.0235158876273815
48266.0,52003.0,1.0243975903339417
48266.0,8407.0,1.0249646785752642
48266.0,28210.0,1.024836404066136
48266.0,34773.0,1.0231788162727549
48266.0,41559.0,1.0214258831970109
48266.0,44071.0,1.0244825697022542
47435.0,51876.0,1.000081249231405
47445.0,50629.0,1.0014444496999197
47189.0,6010.0,1.0013653334697052
46498.0,42436.0,1.0015418710086275
46498.0,42588.0,1.0
46756.0,38290.0,1.003756136414607
46385.0,41234.0,1.002665866339735
46389.0,28696.0,1.0028599447730322
46433.0,9081.0,1.0006370867600154
46433.0,48559.0,1.0021763608336913
46435.0,19914.0,1.000840695801564
47045.0,42749.0,1.000703412855444
47069.0,45738.0,1.0
47018.0,37352.0,1.0035376396833555
46917.0,50364.0,1.0017284598502902
46796.0,44903.0,1.0
46796.0,42630.0,1.0
46796.0,43955.0,1.0020297699713254
46856.0,5537.0,1.0024149125300896
46867.0,10707.0,1.0020081473953455
46916.0,42660.0,1.003110450479739
30536.0,31333.0,1.0023077797295548
30596.0,43914.0,1.0
30596.0,39276.0,1.0
30596.0,36710.0,1.0
30596.0,40687.0,1.0
30596.0,44499.0,1.0
30596.0,38696.0,1.0
30596.0,15344.0,1.0
30596.0,34403.0,1.0
30596.0,34516.0,1.0
30596.0,35234.0,1.0
30596.0,43550.0,1.0
30596.0,40936.0,1.0
30596.0,40481.0,1.0
30596.0,36658.0,1.0
30596.0,37428.0,1.0
30307.0,23395.0,1.002140769872546
30307.0,42662.0,1.0008398925226498
30307.0,40438.0,1.0
30350.0,50105.0,1.0000287259215936
29579.0,48557.0,1.0
29579.0,7340.0,1.0000070113174369
29579.0,45770.0,1.0
29579.0,41065.0,1.0001065802234708
29579.0,47227.0,1.0000437643028897
29579.0,41089.0,1.0
29579.0,40156.0,1.0
29579.0,45715.0,1.0
29579.0,46056.0,1.0
29579.0,43592.0,1.00024974416938
29579.0,50023.0,1.0
29579.0,27590.0,1.0001392579967217
29579.0,43736.0,1.000329334369293
29579.0,14181.0,1.0
29579.0,47238.0,1.0
29579.0,39752.0,1.0003663677721477
29579.0,31822.0,1.0
29579.0,47220.0,1.0
29579.0,50092.0,1.00066517934759
29579.0,40079.0,1.0
29579.0,40113.0,1.0
29579.0,47758.0,1.0
29579.0,51973.0,1.000639798248033
29579.0,43910.0,1.0
29579.0,46023.0,1.0
29579.0,45759.0,1.0
29579.0,47355.0,1.0
29579.0,43973.0,1.0
29579.0,52168.0,1.0
29579.0,50231.0,1.0016112680966118
29579.0,50326.0,1.0
29579.0,50380.0,1.0
29579.0,51830.0,1.0000440881376509
29579.0,41595.0,1.0005207978835127
29579.0,41959.0,1.0008730133557258
29579.0,8790.0,1.0
29579.0,39711.0,1.0
29579.0,46112.0,1.0
29579.0,47201.0,1.000326390973048
29579.0,45343.0,1.0
29579.0,48611.0,1.0
29579.0,49655.0,1.0
29579.0,47632.0,1.0
29579.0,47681.0,1.0
29579.0,50112.0,1.0
29579.0,41080.0,1.002674128621852
29579.0,40460.0,1.0
29579.0,39922.0,1.0
29579.0,40146.0,1.0003061162138913
29579.0,40152.0,1.0
29579.0,40168.0,1.0
29579.0,40367.0,1.0
29579.0,40443.0,1.0
29579.0,43747.0,1.000269095446731
29579.0,44681.0,1.0
29579.0,41659.0,1.0010747062005083
29579.0,41741.0,1.0006443498558883
29579.0,41860.0,1.0
29921.0,16568.0,1.004044949061119
30066.0,32092.0,1.0
30092.0,30953.0,1.0
30705.0,31349.0,1.0032266531003087
31941.0,32283.0,1.0030575915861344
31982.0,26907.0,1.0
31988.0,38533.0,1.000115822228865
31988.0,48521.0,1.0
31988.0,37230.0,1.0007883797374535
31988.0,43525.0,1.0004437414172085
31721.0,35390.0,1.0012364885184972
31316.0,32250.0,1.0021357541508717
31416.0,31831.0,1.0027443714310174
31570.0,19373.0,1.0044275747471423
32040.0,32358.0,1.001534536708386
32064.0,39600.0,1.0116945869533647
32064.0,38126.0,1.0114051771596932
32064.0,38386.0,1.0121085032656338
32064.0,44703.0,1.0113909101323002
32064.0,45162.0,1.0116575484795358
32064.0,47815.0,1.011560324991276
32064.0,47951.0,1.0135188709354865
32064.0,51866.0,1.0117196640628896
32064.0,45321.0,1.009812158243196
32007.0,28422.0,1.0013051996487463
31229.0,51936.0,1.1588106828824438
30819.0,42662.0,1.000462982142506
30819.0,32326.0,1.000825502618507
30819.0,35764.0,1.0
30819.0,42192.0,1.0
30819.0,20003.0,1.0010903763707113
30819.0,31534.0,1.000783274394092
30819.0,41640.0,1.000694319706355
30819.0,10707.0,1.0
30819.0,32247.0,1.0
30819.0,34714.0,1.0000492591840384
30819.0,39397.0,1.0011884386589225
30819.0,2330.0,1.0002962578952883
30819.0,49752.0,1.0014243734181694
30819.0,44933.0,1.0
30819.0,45290.0,1.0008989445674354
30819.0,48219.0,1.0002880017712046
30736.0,4309.0,1.001602101183204
30759.0,36837.0,1.00041760328251
30759.0,35955.0,1.0007517999936755
31004.0,33110.0,1.0005224051237211
31004.0,34982.0,1.0007343704639655
31029.0,39258.0,1.0006185345608865
31124.0,31602.0,1.0028772863824464
31155.0,31665.0,1.0
31186.0,27536.0,1.0058910954970806
30909.0,31521.0,1.002329733068227
29059.0,35576.0,1.0
28929.0,44609.0,1.0012715747228011
28929.0,26784.0,1.002699504989838
28929.0,30013.0,1.0019201863098546
29073.0,50518.0,1.0015550337292867
28618.0,18161.0,1.0033782291974882
28658.0,28850.0,1.0016004993038266
28658.0,40844.0,1.0037027625891408
28602.0,30400.0,1.0022265154691883
29536.0,30788.0,1.0
29536.0,30925.0,1.001267335154957
29536.0,30759.0,1.0009913407461812
29276.0,30339.0,1.0014888610147041
29398.0,37132.0,1.0041580263272472
26721.0,3093.0,1.0008372012956162
26789.0,38421.0,1.0045998085443997
26875.0,36557.0,1.0006816911419556
26662.0,28153.0,1.0015709856896364
27284.0,40900.0,1.001299164705877
27366.0,28596.0,1.0031844762136994
28495.0,39800.0,1.0024369282981267
28497.0,37198.0,1.0028016088809326
28555.0,33127.0,1.0
26931.0,24044.0,1.0
26944.0,42268.0,1.002538617506369
27004.0,28406.0,1.0021130937689882
36893.0,35977.0,1.0008859113327289
37186.0,36196.0,1.0013322671208549
37236.0,50772.0,1.0
37236.0,39295.0,1.000376116254985
37236.0,44039.0,1.0
37236.0,44117.0,1.0
37236.0,43588.0,1.0
37236.0,42248.0,1.0002671976128144
37236.0,42053.0,1.0004167904140862
37236.0,42343.0,1.0007623417928302
37236.0,40837.0,1.0
37236.0,35054.0,1.0
37236.0,36683.0,1.001104044547172
37236.0,42640.0,1.0007183518273823
37236.0,42783.0,1.000121538228711
37236.0,50201.0,1.0010732128433615
37236.0,51821.0,1.0011787807554469
37236.0,43171.0,1.0
37236.0,47867.0,1.0002414378228561
36637.0,37632.0,1.0
36637.0,40808.0,1.0
36637.0,45448.0,1.0
36637.0,51980.0,1.0
36637.0,42940.0,1.0002678858230591
36637.0,9418.0,1.0010228159266716
36637.0,10092.0,1.0006673056218387
36823.0,38227.0,1.0010880094330827
36840.0,35912.0,1.000935382607086
36211.0,35466.0,1.001729415869347
36257.0,40712.0,1.002881670997717
36308.0,37503.0,1.0
36308.0,39429.0,1.0
36308.0,40098.0,1.0
36308.0,40256.0,1.001745587733265
36308.0,40383.0,1.0010466755523215
36308.0,36907.0,1.0007342988676904
36308.0,37069.0,1.0
36308.0,38818.0,1.00053608633754
36308.0,39459.0,1.0013894071250549
36308.0,39967.0,1.000809964962921
36129.0,22722.0,1.0010652613673627
36129.0,35482.0,1.0013520794799013
35925.0,36178.0,1.0012705900011458
35987.0,35288.0,1.003020556848722
36411.0,38346.0,1.0006508850507827
36415.0,40567.0,1.0
36485.0,35464.0,1.002558378277016
37937.0,38024.0,1.0002611797408665
37939.0,43742.0,1.000919238476874
37939.0,47272.0,1.0025971903971587
37939.0,40168.0,1.0003110481125952
37939.0,8761.0,1.0002409486454222
37939.0,20180.0,1.0020279198080249
37939.0,38300.0,1.0034161915390458
37939.0,39039.0,1.0002980245919184
37766.0,38921.0,1.0004360121981624
37766.0,39216.0,1.0
37766.0,47347.0,1.0
38256.0,10022.0,1.0
38335.0,36965.0,1.0023815106172873
38337.0,48409.0,1.0015189505488786
38338.0,23618.0,1.0016906581593827
38251.0,40624.0,1.001045519970477
38044.0,37198.0,1.0025327057115676
38044.0,38750.0,1.002133483805368
38063.0,36812.0,1.0028201496028564
38150.0,36836.0,1.000082005580643
37591.0,37780.0,1.0016080865483414
37277.0,35096.0,1.0017386274967868
37295.0,50518.0,1.0021781339526372
37325.0,40191.0,1.0
37325.0,45000.0,1.0
37325.0,44056.0,1.0005748320799015
37325.0,42389.0,1.0
37325.0,39707.0,1.0004220376655235
37325.0,40737.0,1.00099328720821
37405.0,141.0,1.000743995764204
37447.0,2094.0,1.0
37541.0,36461.0,1.0026463866901996
37582.0,46145.0,1.0025279059790013
37582.0,49772.0,1.000398659860079
35826.0,35171.0,1.0015943350443994
32459.0,39042.0,1.0
32459.0,30860.0,1.0
32459.0,35502.0,1.0
32459.0,35506.0,1.0
32459.0,36697.0,1.0
32299.0,40925.0,1.0
32299.0,50166.0,1.0
32299.0,42086.0,1.0
32299.0,43111.0,1.00220236695707
32299.0,43130.0,1.0004186368013948
32299.0,41987.0,1.0005832342106675
32299.0,5205.0,1.0010243747646494
32299.0,7449.0,1.0021491332699508
32299.0,17324.0,1.0010583877771446
32299.0,18871.0,1.0
32306.0,43039.0,1.0006902040658228
32630.0,41945.0,1.003561254254606
32670.0,10327.0,1.0018285934626638
32731.0,32836.0,1.0030272432325318
32789.0,48440.0,1.0027996164730888
32491.0,37566.0,1.0
32497.0,43427.0,1.0034395505838352
32214.0,32929.0,1.0048850459082803
32262.0,34433.0,1.0035134315234604
32262.0,36312.0,1.002607128369681
32201.0,15609.0,1.0
32172.0,32509.0,1.0017609367416183
32126.0,32474.0,1.0
32132.0,32384.0,1.0026737003851478
35397.0,39352.0,1.000974352613463
35633.0,36652.0,1.000364439959694
35123.0,23682.0,1.0012486999556822
35144.0,18434.0,1.0
35319.0,16223.0,1.0012682660790382
35386.0,38227.0,1.0
35731.0,42084.0,1.0007623585228744
35731.0,37663.0,1.0
35731.0,35317.0,1.0016155263168791
35731.0,36317.0,1.0021484581573135
35017.0,44150.0,1.0009090970290309
34385.0,35596.0,1.000960791642329
34385.0,35060.0,1.0005209085634819
34424.0,50182.0,1.0010417997264962
34476.0,2904.0,1.0013821308466044
34550.0,38191.0,1.0010567333710316
33169.0,40348.0,1.0016085059632678
34588.0,52258.0,1.0
34705.0,38764.0,1.0013920880004032
34600.0,20660.0,1.0027237216554639
34611.0,44098.0,1.0025940593314773
11702.0,15165.0,1.003155843159737
11686.0,38976.0,1.0
11686.0,39032.0,1.001668077270505
11686.0,42169.0,1.0029407726988915
11686.0,38228.0,1.0016553470426126
454.0,1319.0,1.0
454.0,1059.0,1.0
454.0,1118.0,1.0
454.0,1920.0,1.0006685142504494
454.0,2439.0,1.0
454.0,4580.0,1.0000431699552679
454.0,5256.0,1.0
454.0,5701.0,1.0
454.0,6466.0,1.0
454.0,6474.0,1.0
454.0,6479.0,1.0016376359150099
454.0,6595.0,1.0
454.0,2982.0,1.0022156627548167
454.0,3253.0,1.0009779340982308
454.0,10801.0,1.0
454.0,13898.0,1.0007600893557411
454.0,10366.0,1.0007648886759708
454.0,7885.0,1.0
454.0,7912.0,1.0
454.0,8001.0,1.0011323069163713
454.0,8380.0,1.0010722525632945
454.0,8881.0,1.000434864701096
454.0,9220.0,1.001130619232832
454.0,9973.0,1.00049938560567
454.0,1653.0,1.0
454.0,1805.0,1.0
454.0,2314.0,1.0
454.0,2342.0,1.0003264978793587
454.0,2485.0,1.0
454.0,2495.0,1.0
454.0,1652.0,1.0009613383441778
454.0,1566.0,1.0
466.0,1744.0,1.0010126474644456
482.0,6389.0,1.0021114469901946
396.0,447.0,1.0036421838339087
412.0,733.0,1.0016526268672785
417.0,2938.0,1.0001994393109488
427.0,5385.0,1.0030108326280902
427.0,11035.0,1.00003899289879
432.0,598.0,1.0010208457704806
432.0,57.0,1.0
386.0,2968.0,1.0025480184292337
386.0,13606.0,1.0004354804797206
386.0,1669.0,1.0
386.0,377.0,1.0
386.0,10702.0,1.001380021257383
386.0,9621.0,1.0
386.0,6187.0,1.001725264035387
386.0,9266.0,1.0
386.0,9004.0,1.0012021088509337
386.0,2799.0,1.0
386.0,717.0,1.0002237997582466
386.0,743.0,1.0
386.0,796.0,1.0002903081387815
386.0,979.0,1.0010787401329366
386.0,4271.0,1.001062013007446
386.0,6555.0,1.0
386.0,6562.0,1.0
386.0,7589.0,1.0
386.0,7722.0,1.0
386.0,7998.0,1.0007487150412624
386.0,6139.0,1.001098161850322
386.0,5881.0,1.0003949414572149
386.0,617.0,1.0006333101994198
486.0,569.0,1.0
486.0,3451.0,1.000711653481365
486.0,1374.0,1.0
486.0,1438.0,1.0
486.0,2417.0,1.0
619.0,5133.0,1.0007638296021897
619.0,5321.0,1.0
619.0,9030.0,1.0
619.0,10996.0,1.0004454767872748
619.0,14129.0,1.0016172589569354
619.0,15052.0,1.000155964094306
619.0,2829.0,1.0006741926275324
604.0,10974.0,1.0
612.0,4135.0,1.0
612.0,2314.0,1.0
637.0,19521.0,1.0011617373757593
641.0,2934.0,1.0
646.0,13777.0,1.0026868446141002
657.0,2231.0,1.0019241965061805
657.0,2523.0,1.0020078739006721
631.0,598.0,1.0007449103994948
631.0,1613.0,1.0014761152909335
631.0,2334.0,1.0
631.0,7121.0,1.0009102659143527
627.0,4681.0,1.0022151229604639
599.0,1246.0,1.0029012329744968
496.0,2578.0,1.0
525.0,34409.0,1.0012180812166553
525.0,45591.0,1.000916303323604
525.0,19914.0,1.0007231075520806
525.0,46107.0,1.003308662050548
553.0,40718.0,1.0
553.0,19408.0,1.00097379587632
553.0,3544.0,1.0019021841541786
530.0,575.0,1.0
530.0,1038.0,1.0006765259967274
530.0,1508.0,1.000250491435757
549.0,3748.0,1.0022970223015695
212.0,1499.0,1.0002939176659469
212.0,944.0,1.000892263096405
238.0,2667.0,1.0005214686829695
238.0,5993.0,1.0007219751311547
238.0,6035.0,1.001093556866683
238.0,9045.0,1.0000679399046297
246.0,2150.0,1.0022993217006475
249.0,1311.0,1.0
249.0,4574.0,1.0020713732715159
249.0,6828.0,1.0
263.0,1384.0,1.0013758685284633
263.0,546.0,1.0002838406244017
263.0,51878.0,1.00163180791203
263.0,3316.0,1.1499961602964692
263.0,7739.0,1.0
196.0,10041.0,1.0007836764810416
196.0,17047.0,1.0003391054180677
196.0,24100.0,1.0
196.0,31338.0,1.0
196.0,34902.0,1.0
196.0,51841.0,1.002270683348785
196.0,136.0,1.0
196.0,23667.0,1.0013436062698566
196.0,6218.0,1.0
196.0,6647.0,1.0
196.0,9792.0,1.0008371891014616
196.0,12463.0,1.000885838066419
196.0,4265.0,1.0005201679765534
196.0,504.0,1.0
196.0,2322.0,1.0
196.0,2458.0,1.0
273.0,4165.0,1.0
279.0,6386.0,1.0
293.0,136.0,1.000842351449998
294.0,1244.0,1.0001568272729853
300.0,4156.0,1.0008529590527846
188.0,453.0,1.0003645682502267
188.0,1039.0,1.0
188.0,88.0,1.0001109748364845
190.0,460.0,1.0001602675394607
165.0,27056.0,1.0003067897910347
165.0,32622.0,1.0015514563895507
165.0,44903.0,1.0
165.0,40602.0,1.000949133741717
165.0,36609.0,1.0
165.0,8905.0,1.0
165.0,20318.0,1.000069522275158
165.0,37554.0,1.0
165.0,8017.0,1.0004452299404027
165.0,48523.0,1.000484308982442
165.0,50037.0,1.0
165.0,50511.0,1.0
165.0,4740.0,1.1117368177839402
165.0,10555.0,1.0
165.0,16194.0,1.001143639436137
165.0,17684.0,1.0
165.0,19693.0,1.0
165.0,20621.0,1.0001414375158955
165.0,27877.0,1.0024642593337592
165.0,37967.0,1.0
165.0,43189.0,1.0019608029558922
165.0,28560.0,1.0003579854555176
165.0,30868.0,1.001433664229176
165.0,31078.0,1.0016151586364745
165.0,31103.0,1.001692861468391
165.0,32023.0,1.0
165.0,32808.0,1.0012329418806427
165.0,4139.0,1.0010109660584843
165.0,8472.0,1.0001956430126795
165.0,8936.0,1.0
165.0,6375.0,1.0007541196440946
185.0,361.0,1.0015441505559695
187.0,399.0,1.0001896029697213
342.0,450.0,1.0000655167172243
342.0,1783.0,1.0019441437311118
342.0,16104.0,1.0004269360033753
349.0,570.0,1.0
349.0,7060.0,1.0018076597903
349.0,7285.0,1.0021635343943331
349.0,7454.0,1.0004777970834158
373.0,981.0,1.001305980727662
374.0,4124.0,1.0
374.0,5575.0,1.0013276052966134
374.0,8902.0,1.0014276872340242
374.0,10619.0,1.0
374.0,5519.0,1.002306453633628
374.0,3411.0,1.0
374.0,3798.0,1.0012649897574817
374.0,4081.0,1.000440248706243
374.0,4133.0,1.0005741555236372
334.0,1852.0,1.000855665465684
328.0,1624.0,1.1351915615822916
328.0,1384.0,1.001798921084223
328.0,1255.0,1.0004230062545838
328.0,3364.0,1.0
661.0,2644.0,1.0019945424451466
661.0,2203.0,1.001940734737079
1081.0,1569.0,1.0012263008468087
1094.0,4561.0,1.0020477921454225
1110.0,1444.0,1.0024194674108484
1110.0,1338.0,1.001322443962794
1110.0,1417.0,1.002382759871743
1111.0,38770.0,1.0021477748240832
1073.0,8329.0,1.0020768862666503
1063.0,5415.0,1.0010843063776478
1063.0,4890.0,1.0003549058299799
1063.0,2047.0,1.001197000959419
1132.0,16414.0,1.0013331166642416
1183.0,3049.0,1.0009626795921462
1183.0,6271.0,1.0002468441205317
1183.0,3082.0,1.00093202605271
1183.0,2021.0,1.0
1183.0,2167.0,1.0
1205.0,1829.0,1.0020945570441209
1134.0,7648.0,1.0
1150.0,34687.0,1.0005991083747954
1044.0,36304.0,1.0
1044.0,38907.0,1.0004544609042065
1044.0,25217.0,1.0
1044.0,36158.0,1.0
1044.0,42364.0,1.00032842396505
1044.0,38802.0,1.000114781994657
1044.0,36457.0,1.0
1044.0,5514.0,1.0
1044.0,1499.0,1.0
1044.0,3364.0,1.0
1044.0,1392.0,1.0
1044.0,30874.0,1.0018338482594413
1044.0,36482.0,1.0
1044.0,14533.0,1.0002537036441395
1044.0,14569.0,1.0001758782455556
1044.0,14832.0,1.0
1044.0,22864.0,1.000488269938747
1044.0,23374.0,1.0006706860538688
1044.0,2802.0,1.0014127905161088
1044.0,3327.0,1.0005138563253695
1044.0,5499.0,1.0021149242038845
1044.0,6438.0,1.0
1044.0,6633.0,1.0010937447726065
1044.0,7055.0,1.0004688136604538
1044.0,3691.0,1.0001380289853408
1061.0,2199.0,1.0
1061.0,2241.0,1.0
1061.0,4639.0,1.0
1049.0,1449.0,1.000024771338658
1049.0,43894.0,1.0006777512273117
1208.0,2311.0,1.0
1580.0,4724.0,1.002473657703969
1580.0,23537.0,1.004992596125084
1618.0,1976.0,1.0015310549976564
1624.0,1059.0,1.0022791735470378
1626.0,4508.0,1.0004195453433795
1626.0,2867.0,1.0
1403.0,7188.0,1.0
1408.0,15005.0,1.0
1409.0,301.0,1.0006122963925723
1409.0,1670.0,1.0023751510958208
1398.0,3506.0,1.0
1398.0,2117.0,1.0
1398.0,2175.0,1.0014322230990844
1398.0,2910.0,1.0014942087923961
1690.0,5849.0,1.0014340055903335
1690.0,4203.0,1.0010880592037972
1690.0,4692.0,1.0
1703.0,2211.0,1.000380216778164
1708.0,2167.0,1.0012097187109614
1735.0,2064.0,1.0
1735.0,4098.0,1.0
1735.0,6381.0,1.0
1679.0,1896.0,1.0010684875255997
1337.0,2938.0,1.0
1337.0,22534.0,1.0
1337.0,2330.0,1.0003677774615172
1337.0,1825.0,1.0
1337.0,4607.0,1.0000322917015694
1305.0,8370.0,1.0024329289953453
1305.0,7407.0,1.003518244059521
1283.0,6921.0,1.0009378542968854
1299.0,23317.0,1.0028173124018038
1299.0,40922.0,1.0021237206374558
1300.0,5141.0,1.0013961301884655
1343.0,2039.0,1.002272486357779
1343.0,2350.0,1.0
1343.0,2104.0,1.0013046709383935
1343.0,2236.0,1.0
1343.0,1745.0,1.0
914.0,2001.0,1.0005650269203268
914.0,18812.0,1.0006716476405144
878.0,3433.0,1.0009275227855636
880.0,890.0,1.0020910531282532
949.0,45631.0,1.0002617690501572
949.0,9727.0,1.000913655712311
949.0,35751.0,1.000807452083405
949.0,2150.0,1.0
949.0,5459.0,1.0
949.0,1895.0,1.0005497712647067
949.0,2304.0,1.0
949.0,3188.0,1.0
949.0,8920.0,1.0
949.0,9420.0,1.0
949.0,10710.0,1.0
949.0,10932.0,1.000382987236167
949.0,12472.0,1.0
949.0,18767.0,1.000041571564723
949.0,6489.0,1.0
949.0,7239.0,1.0
949.0,7327.0,1.0007005089619816
949.0,20251.0,1.0013587344174035
949.0,47914.0,1.0
949.0,43132.0,1.001363427481851
949.0,22825.0,1.0
949.0,34756.0,1.0
949.0,39180.0,1.0
949.0,39845.0,1.0010731876548387
919.0,4549.0,1.002440505909537
919.0,5300.0,1.0027889271476167
922.0,1266.0,1.0
929.0,1164.0,1.0008981820771352
932.0,9604.0,1.004214294655293
867.0,4873.0,1.0017247060587633
867.0,2103.0,1.001256152636646
867.0,5026.0,1.0015367357597975
867.0,5155.0,1.001846870270696
867.0,5159.0,1.0010116931598563
710.0,1169.0,1.0021340759688702
742.0,2458.0,1.0
782.0,5537.0,1.0003032209771239
782.0,7896.0,1.0
782.0,9409.0,1.0020152688529522
800.0,1508.0,1.0012084514228203
800.0,1074.0,1.0001762863973194
805.0,40639.0,1.000312614541445
805.0,44376.0,1.0011254361621973
683.0,141.0,1.002480924584577
669.0,3274.0,1.0034447275764586
681.0,1243.0,1.0
826.0,3515.0,1.0
826.0,19662.0,1.0005363661023503
826.0,1800.0,1.0
860.0,1118.0,1.001412833232122
810.0,1825.0,1.002309770471665
824.0,14766.0,1.002330829710272
1039.0,15728.0,1.0003451198632725
1039.0,2621.0,1.0007350223858191
1039.0,3327.0,1.0005326462762867
1039.0,3360.0,1.0
1039.0,7527.0,1.0008842983530986
1011.0,4707.0,1.000554024629088
971.0,2167.0,1.001380055918239
982.0,19786.0,1.0028930317529146
1007.0,3665.0,1.0019560776870333
23.0,6805.0,1.0
23.0,34322.0,1.0
23.0,28589.0,1.0
23.0,41787.0,1.0
23.0,14178.0,1.0
23.0,35927.0,1.000353031241482
23.0,36310.0,1.0
23.0,42363.0,1.0
23.0,4159.0,1.0
23.0,19593.0,1.0
23.0,10977.0,1.0
23.0,18700.0,1.0
23.0,4873.0,1.0008716339511379
23.0,43441.0,1.0
23.0,3486.0,1.0008342765294094
23.0,39918.0,1.0014642629236283
23.0,42534.0,1.0
23.0,44984.0,1.0
23.0,42724.0,1.0006308045102759
23.0,31526.0,1.0003413903483613
23.0,50401.0,1.0
23.0,47488.0,1.0
23.0,47551.0,1.0006751790919033
23.0,40288.0,1.0
23.0,9661.0,1.0007747790916908
23.0,475.0,1.0001357397163948
23.0,2150.0,1.0
23.0,7904.0,1.0
23.0,19447.0,1.0
23.0,7035.0,1.0004889501238172
23.0,5575.0,1.0007591646851277
23.0,4192.0,1.0
23.0,4607.0,1.0
23.0,2802.0,1.0014142340401744
23.0,19786.0,1.0004350512372806
23.0,26799.0,1.0
23.0,27442.0,1.0010101505292572
23.0,27574.0,1.0
23.0,27717.0,1.0
23.0,27675.0,1.0
23.0,22234.0,1.0000825463152365
23.0,23142.0,1.0
23.0,23848.0,1.0000754050584846
23.0,23913.0,1.0008007658925582
23.0,35779.0,1.0007748338839957
23.0,31862.0,1.0
23.0,28844.0,1.0
23.0,30337.0,1.0007289498051386
23.0,31084.0,1.0
23.0,31848.0,1.0007884223327823
23.0,15314.0,1.001626527868293
23.0,15734.0,1.0007952509691682
23.0,15903.0,1.0014731040571583
23.0,15911.0,1.0
23.0,15928.0,1.0
23.0,16007.0,1.0
23.0,14097.0,1.0014410845737671
23.0,14107.0,1.0005554886687955
23.0,14280.0,1.001022557146384
23.0,14325.0,1.0
23.0,14367.0,1.0
23.0,14381.0,1.0010116057004586
23.0,35981.0,1.0
23.0,19236.0,1.0
23.0,19924.0,1.0007616119728637
23.0,20255.0,1.000499723782504
23.0,16270.0,1.0
23.0,17932.0,1.0
23.0,18489.0,1.0
23.0,18543.0,1.0
23.0,18916.0,1.0
23.0,47786.0,1.000038569806341
23.0,49702.0,1.0013989408182864
23.0,49771.0,1.000637677594959
23.0,50040.0,1.0
23.0,4448.0,1.0
23.0,47675.0,1.0
23.0,39717.0,1.0
23.0,39980.0,1.0
23.0,42489.0,1.0
23.0,44884.0,1.0012799921066144
23.0,44800.0,1.0012933763594303
23.0,44592.0,1.0006329208218019
23.0,42920.0,1.0
23.0,43087.0,1.000518187152065
23.0,2694.0,1.0016677848909725
23.0,3465.0,1.0007683291600074
23.0,3542.0,1.0001897865773213
23.0,2402.0,1.0
23.0,4787.0,1.0
23.0,4978.0,1.0003949534991616
23.0,5238.0,1.0
23.0,4582.0,1.0004740903747287
23.0,4566.0,1.0007012002848565
23.0,4502.0,1.0027083777589554
23.0,5343.0,1.0003037829387396
23.0,9504.0,1.0006296604393603
23.0,9981.0,1.0
23.0,8471.0,1.0006001860267053
23.0,8493.0,1.0
23.0,8501.0,1.0000793483180705
23.0,8614.0,1.00009348233023
23.0,8686.0,1.000013476557685
23.0,10038.0,1.0010102151441547
23.0,10915.0,1.000941056630284
23.0,11054.0,1.0
23.0,12507.0,1.0
23.0,13900.0,1.0
23.0,13915.0,1.0
23.0,10080.0,1.0000269970344
23.0,10154.0,1.0
23.0,10211.0,1.0007875863388551
23.0,10435.0,1.001079635117137
23.0,8217.0,1.0007555650045588
23.0,6493.0,1.0008492308188723
23.0,6553.0,1.0005529303801934
23.0,6561.0,1.000036875094822
23.0,6643.0,1.0
23.0,6648.0,1.0001141320443756
23.0,6723.0,1.0017545659487035
23.0,6745.0,1.0002493440761107
23.0,6769.0,1.0
23.0,6847.0,1.000633759743895
23.0,5711.0,1.0
23.0,5912.0,1.0002390189072254
23.0,6024.0,1.0015339327901105
23.0,6208.0,1.0029881567901884
23.0,6275.0,1.0013548002779764
23.0,7857.0,1.0
23.0,7044.0,1.001190302563486
23.0,7092.0,1.0
23.0,2693.0,1.0
24.0,18.0,1.045664649027694
24.0,1678.0,1.0448551277800564
24.0,956.0,1.0453631951959506
24.0,5373.0,1.0452134226451697
24.0,643.0,1.044093931447655
34.0,4398.0,1.000649324493008
34.0,475.0,1.0010046661542586
34.0,1255.0,1.0006158560545195
34.0,32.0,1.0004492227504818
34.0,950.0,1.0015990820738414
34.0,12.0,1.0
34.0,210.0,1.0
34.0,297.0,1.001796089246504
34.0,514.0,1.0017861972011572
34.0,1540.0,1.0
35.0,9830.0,1.000911030135684
35.0,17313.0,1.0
35.0,18392.0,1.0011410976659512
15.0,361.0,1.0032761906401542
11.0,6377.0,1.0010082353749834
5.0,50205.0,1.000134068364785
5.0,6664.0,1.0003482030612267
5.0,44947.0,1.0
5.0,40107.0,1.0003183340057835
5.0,231.0,1.003066534536443
5.0,2667.0,1.0000242647400739
5.0,256.0,1.0
5.0,1700.0,1.0
5.0,1355.0,1.0011490306632025
5.0,1276.0,1.0007311198362303
5.0,6095.0,1.0013796351957764
5.0,278.0,1.0
5.0,2922.0,1.0009349214546461
5.0,434.0,1.0020429894109635
5.0,218.0,1.0010086859494218
5.0,14110.0,1.0010906679562752
5.0,14988.0,1.000845852338573
5.0,15819.0,1.0020088182427298
5.0,19151.0,1.001379219525314
10.0,3748.0,1.0039431157221699
10.0,262.0,1.0031954580591953
104.0,2761.0,1.0182872558856053
104.0,30796.0,1.0182843399515797
104.0,3506.0,1.016997177940835
104.0,18420.0,1.0215079173280948
104.0,2069.0,1.0196989790039246
104.0,2262.0,1.0188882103041559
104.0,23060.0,1.018732371011821
104.0,40348.0,1.0189152043364043
104.0,30862.0,1.0200332200824476
104.0,30907.0,1.0179684888361504
104.0,32028.0,1.0177809406405762
104.0,33114.0,1.0185777885064
104.0,36421.0,1.0206399932097503
104.0,16213.0,1.0172109242383602
104.0,20698.0,1.0177718604787933
104.0,26574.0,1.006280576769122
104.0,27364.0,1.01978668632306
104.0,38657.0,1.021859360568317
104.0,39432.0,1.0205000034027714
104.0,10574.0,1.018600520625436
104.0,41779.0,1.0187155798984442
123.0,487.0,1.000851652810057
123.0,535.0,1.001087148434818
123.0,243.0,1.001121406556084
141.0,227.0,1.003111494246062
143.0,1801.0,1.0
143.0,2975.0,1.0
143.0,32025.0,1.0
143.0,35263.0,1.0
114.0,260.0,1.00121721038237
106.0,41274.0,1.0004765612794562
110.0,100.0,1.0
113.0,1091.0,1.0000196179446597
96.0,10606.0,1.0
96.0,34322.0,1.002655858645527
96.0,154.0,1.0026991997703647
96.0,9193.0,1.0027956739017936
96.0,7450.0,1.003007950465905
96.0,36064.0,1.0041538868531923
96.0,956.0,1.0029347403514761
96.0,2587.0,1.0032245423662796
96.0,2417.0,1.0023971582341682
96.0,2540.0,1.0041342670815088
96.0,34756.0,1.0
96.0,262.0,1.0027362133807185
96.0,25173.0,1.001474487090996
96.0,28536.0,1.003257729002054
96.0,39742.0,1.0050244547345277
96.0,2466.0,1.0043910238035219
96.0,138.0,1.005398999219784
96.0,8490.0,1.0024394619552033
96.0,8807.0,1.001891573533963
96.0,9149.0,1.0026487640583621
96.0,8286.0,1.002234397326423
96.0,7315.0,1.0042185342839216
96.0,7413.0,1.003315355865236
96.0,7489.0,1.0048210506232056
96.0,7272.0,1.0036571346180627
96.0,19177.0,1.002342439542804
96.0,19312.0,1.0038079589693285
96.0,19395.0,1.0047037937744159
96.0,13772.0,1.0015247969859862
96.0,18415.0,1.0019509204609331
96.0,1782.0,1.0039783010558347
96.0,1960.0,1.0032161746335506
96.0,1994.0,1.0038513146141115
96.0,552.0,1.0041382361748956
96.0,6016.0,1.0040061055504739
96.0,6325.0,1.0019917493006232
96.0,2612.0,1.0031812093657924
96.0,2629.0,1.003010335987666
96.0,2649.0,1.0027089180064417
96.0,5283.0,1.003312923630637
100.0,250.0,1.0
100.0,269.0,1.0007029140080357
100.0,303.0,1.0005641344015845
100.0,3345.0,1.0014076408159829
100.0,225.0,1.0
98.0,57.0,1.0
155.0,8067.0,1.0012810440786033
80.0,4886.0,1.0011281379229893
80.0,101.0,1.0
80.0,5366.0,1.000437963812374
80.0,2243.0,1.0
80.0,3612.0,1.0
82.0,41.0,1.0
82.0,453.0,1.0
82.0,3635.0,1.0017050281802957
82.0,2839.0,1.0
82.0,1101.0,1.0000959991246738
82.0,1604.0,1.0010782694574425
82.0,1746.0,1.0003765163355736
82.0,2178.0,1.0009369872178084
82.0,6355.0,1.0004982724457674
82.0,5323.0,1.0
83.0,74.0,1.0
83.0,377.0,1.0
83.0,100.0,1.0
83.0,275.0,1.0
83.0,23896.0,1.0
85.0,68.0,1.0013780285001104
90.0,570.0,1.0
79.0,15336.0,1.0001534975270052
79.0,15886.0,1.0009114231188179
79.0,162.0,1.0
79.0,4630.0,1.000844870193236
79.0,5021.0,1.0005750904199406
79.0,8929.0,1.0011800416252112
39.0,1238.0,1.0
39.0,1366.0,1.001515607362371
39.0,6001.0,1.000747683360079
43.0,2862.0,1.0009120890154415
45.0,369.0,1.000377359048258
45.0,297.0,1.0011327943821433
45.0,4840.0,1.0
45.0,7783.0,1.0
45.0,7953.0,1.0
78.0,315.0,1.0006810469429843
64.0,22529.0,1.0
64.0,1976.0,1.0
64.0,156.0,1.0006503691187392
64.0,6888.0,1.000406620861035
48.0,59.0,1.0012343214889428
49.0,976.0,1.0024862354865987
49.0,30094.0,1.002687790533486
6656.0,18173.0,1.0159603737612388
6656.0,19974.0,1.0164083136449573
6656.0,10625.0,1.0169720012298167
6656.0,9377.0,1.0164493848202976
6656.0,8157.0,1.0161338133384843
6656.0,22002.0,1.0106268510224574
6656.0,8699.0,1.016885245197461
6656.0,9466.0,1.0161081616261367
6656.0,8377.0,1.0173926388425654
6656.0,11071.0,1.0169439058940266
6656.0,19281.0,1.0168936684513568
6656.0,23404.0,1.0169062788537457
6656.0,19027.0,1.0171362502139765
6656.0,18732.0,1.013043729063681
6656.0,16369.0,1.017071420126083
6656.0,16400.0,1.017367910331297
6629.0,27223.0,1.0003427133012683
6629.0,9920.0,1.000069505053079
6629.0,15745.0,1.0
6629.0,16829.0,1.0
6629.0,22395.0,1.0017708368514755
6629.0,17519.0,1.0
6629.0,21907.0,1.0010558921024058
6629.0,20115.0,1.0
6629.0,18338.0,1.0005770636501712
6629.0,2141.0,1.000557717633226
6629.0,26730.0,1.0003437493131322
6629.0,30975.0,1.00098215544509
6629.0,44348.0,1.001649633266554
6629.0,17483.0,1.0011852033510236
6629.0,17966.0,1.0004314732749857
6652.0,10469.0,1.001306523134364
6444.0,20880.0,1.0021056078258577
6507.0,43193.0,1.0018126826425398
6533.0,9029.0,1.0
6933.0,14232.0,1.0005020634893493
6933.0,9099.0,1.0009039641478503
6933.0,2168.0,1.0021349067706833
6933.0,10566.0,1.000167063287266
6956.0,20073.0,1.001174260618555
7000.0,9184.0,1.0032954470199047
7040.0,4771.0,1.0028304528743266
7052.0,6191.0,1.0025656762774184
6862.0,9019.0,1.0362820680804208
6862.0,10768.0,1.034275083419548
6876.0,2600.0,1.0023774755035957
6876.0,9019.0,1.0012964209540085
6876.0,9704.0,1.0
7188.0,10906.0,1.0
7188.0,19577.0,1.0001325195550044
7188.0,15768.0,1.0016294034442665
7188.0,10462.0,1.0
7189.0,4456.0,1.0028251437272964
7202.0,14028.0,1.000581377793413
7202.0,14848.0,1.0018776238785712
7211.0,9543.0,1.0050240854959245
7280.0,8731.0,1.0
7280.0,23213.0,1.0
7152.0,44245.0,1.0008196563234253
7164.0,10049.0,1.0020890712634896
6710.0,37081.0,1.0
6710.0,20502.0,1.0010319911274894
6710.0,36162.0,1.0
6710.0,47679.0,1.001203126535082
6673.0,9220.0,1.0046761759043554
6815.0,9971.0,1.000889113504623
6844.0,47906.0,1.0
6844.0,15416.0,1.000260842801485
6794.0,8933.0,1.0018194515376138
6397.0,18566.0,1.000197057690794
5337.0,18329.0,1.0
5337.0,43742.0,1.0013031642062153
5337.0,38351.0,1.0019997559939666
5337.0,2215.0,1.001566011616945
5337.0,13612.0,1.0032126395752987
5337.0,19126.0,1.0
5337.0,34813.0,1.0
5326.0,10410.0,1.0016178718861704
5186.0,28403.0,1.0005162273128134
5186.0,8682.0,1.0022990097622217
5272.0,3420.0,1.000777110944553
5278.0,25316.0,1.001720819491367
5510.0,23814.0,1.0028704721162114
5580.0,3371.0,1.003699577981245
5617.0,7353.0,1.0
5686.0,7486.0,1.0020503555506388
5696.0,8049.0,1.0001762601694923
5487.0,10680.0,1.0009314913540182
5487.0,17547.0,1.0017085612406345
5487.0,37960.0,1.0
5388.0,7093.0,1.001624606768585
5422.0,7882.0,1.0038509213644309
5462.0,7160.0,1.0041958791617724
5120.0,8615.0,1.0012559083900687
5121.0,6704.0,1.0032245410551406
5125.0,50642.0,1.0
5125.0,49979.0,1.0009969933347957
5139.0,5268.0,1.0020964524298386
5142.0,12276.0,1.0016823905529015
5079.0,16175.0,1.0
5079.0,26478.0,1.0
5079.0,34972.0,1.0002401534626018
5167.0,49932.0,1.0
5167.0,35318.0,1.0019483213788425
5167.0,35904.0,1.0009057875747795
5167.0,9884.0,1.0
5167.0,27103.0,1.0002435945075232
5167.0,32252.0,1.0013048774288633
6236.0,17775.0,1.0005735333036552
6254.0,49708.0,1.0
6254.0,18668.0,1.000723716645319
6256.0,8650.0,1.002217179275262
6263.0,16665.0,1.0
6268.0,8057.0,1.0042642038338276
6272.0,2112.0,1.0
6272.0,399.0,1.0
6308.0,41647.0,1.0003790019263292
6308.0,22709.0,1.0
6308.0,48351.0,1.0000065460789747
6308.0,37922.0,1.0009056104005623
6308.0,38637.0,1.0
6308.0,41004.0,1.0002003999228937
6321.0,6839.0,1.0
6285.0,8146.0,1.0024777499817275
5844.0,36638.0,1.0019358807784409
5850.0,7680.0,1.0014882436334511
5877.0,10204.0,1.0014639350854333
5885.0,7931.0,1.0
5898.0,7668.0,1.001036887083799
5961.0,14772.0,1.0033169301194402
5961.0,18381.0,1.004251757126046
5973.0,8056.0,1.0003207124062286
5973.0,9759.0,1.0004036160570984
5827.0,23136.0,1.0024345208816854
5811.0,7666.0,1.0015127599544735
5730.0,41636.0,1.0005719971019909
5775.0,7267.0,1.0005238654123594
5775.0,9502.0,1.0
5775.0,9554.0,1.0012474656939712
5775.0,13801.0,1.0013283757898448
6181.0,8516.0,1.002956687225005
6185.0,5332.0,1.0020243328566474
6190.0,8055.0,1.0012642254887922
6228.0,17481.0,1.003631403895556
6042.0,7589.0,1.0001685152418045
5027.0,20700.0,1.0040555214693134
5027.0,23145.0,1.003619503897285
9094.0,51914.0,1.0035413476013664
9113.0,12472.0,1.002071202834732
10208.0,13581.0,1.000746479876775
10232.0,548.0,1.003914720305188
10240.0,13578.0,1.0044236873107109
8980.0,8757.0,1.0
8980.0,13814.0,1.0001342779268008
9039.0,37119.0,1.0034082080343036
9085.0,12469.0,1.0017823931097982
10622.0,14524.0,1.0027353702063262
10630.0,9938.0,1.0
10611.0,18727.0,1.0
10516.0,11249.0,1.003747151708272
10570.0,13907.0,1.0005976724602108
8755.0,12438.0,1.0
8755.0,22815.0,1.000275317052125
8755.0,14263.0,1.0016834625422948
8755.0,28122.0,1.0
8755.0,15483.0,1.0007482674519916
8755.0,14280.0,1.0008745801676513
8755.0,7353.0,1.0
8755.0,16228.0,1.0
8755.0,14680.0,1.0
8755.0,32613.0,1.0013470817026369
8755.0,20211.0,1.0004330730655986
8755.0,23304.0,1.0
8755.0,26841.0,1.0
8755.0,13874.0,1.0008794119549278
8755.0,14343.0,1.0
8755.0,14454.0,1.0008631990650314
8755.0,11207.0,1.0
8755.0,13785.0,1.0
8755.0,13807.0,1.0006178718108072
8755.0,14026.0,1.0
8755.0,17189.0,1.0
8755.0,17392.0,1.000406390524511
8755.0,18660.0,1.0
8755.0,11075.0,1.0
8858.0,11187.0,1.0037203330225057
8865.0,40096.0,1.0
8865.0,46056.0,1.0
8865.0,39295.0,1.00049408485806
8865.0,18338.0,1.000389606737299
8865.0,39830.0,1.0001424400015995
8883.0,49721.0,1.0
8930.0,19994.0,1.0000848176005719
11387.0,19092.0,1.0
11387.0,28376.0,1.0006725144638637
11400.0,11187.0,1.0023874853851782
11430.0,15086.0,1.0008803980424745
11430.0,16265.0,1.001577955857477
11374.0,14881.0,1.0026750977715277
11209.0,30469.0,1.000479353523753
11209.0,641.0,1.0
11209.0,22544.0,1.0012501903354736
11209.0,38909.0,1.0009521163768273
11209.0,15167.0,1.0001240751842835
11209.0,16010.0,1.0008395066233349
11209.0,18246.0,1.0017061372308733
11209.0,14639.0,1.0000630769179615
11209.0,6577.0,1.0
11313.0,14837.0,1.00462384762192
11384.0,3737.0,1.0052292759631847
11643.0,1059.0,1.0006772825456938
11643.0,40967.0,1.0000842701264805
11643.0,31908.0,1.0001499818423103
11657.0,7341.0,1.0024436245214965
11515.0,1586.0,1.000003950166596
11551.0,14983.0,1.0018772193269956
11577.0,15055.0,1.0002513496902075
11591.0,41240.0,1.0044459230922944
11616.0,50551.0,1.0040289547419143
10784.0,9228.0,1.0012371275854273
10966.0,23750.0,1.005453320167947
10996.0,9316.0,1.0006223542870372
10996.0,17229.0,1.0012002769659436
11077.0,14562.0,1.0031873164731806
11084.0,907.0,1.000914030240798
11089.0,14301.0,1.002484835114721
11136.0,10540.0,1.0024205452096873
11147.0,14645.0,1.0049638918155126
11169.0,6686.0,1.0009804194099106
8163.0,10909.0,1.0
8163.0,2282.0,1.0043905850789927
8163.0,10737.0,1.0013358404999053
8163.0,3465.0,1.0027268814422037
8188.0,17446.0,1.000604623036927
8188.0,34220.0,1.0005121496807377
8188.0,15235.0,1.0003725635948606
8188.0,14983.0,1.0005060636973233
8188.0,19212.0,1.0022774696634182
8188.0,23877.0,1.0021166575848346
8081.0,22173.0,1.0020641563050177
8076.0,7531.0,1.0042584683306923
7922.0,8630.0,1.000869271819307
7927.0,8630.0,1.0011064706447605
7992.0,10274.0,1.0001626553047578
7998.0,14958.0,1.0021061181322057
7998.0,15838.0,1.0
7998.0,18012.0,1.000150188339727
8014.0,2.0,1.002633410881487
8040.0,10302.0,1.001110392886372
8256.0,48201.0,1.0033796806200916
8380.0,15034.0,1.0003153416086243
8380.0,7011.0,1.0012213537976564
8380.0,10692.0,1.0
8211.0,10408.0,1.0033362970790713
8192.0,36965.0,1.0021166177707388
8192.0,36480.0,1.0015596732442948
7450.0,10159.0,1.0021585838450677
7450.0,6166.0,1.0021591799220813
7496.0,9849.0,1.0
7505.0,4290.0,1.002628644932447
7550.0,9832.0,1.003748296364344
7569.0,9981.0,1.0007301623442548
7569.0,10425.0,1.0013972807239093
7569.0,12491.0,1.0024887853061126
7569.0,16416.0,1.0018316201626414
7395.0,9788.0,1.0
7395.0,10003.0,1.002005577948526
7302.0,9585.0,1.0011876872539096
7329.0,9139.0,1.0022862106298047
7336.0,805.0,1.0015355083570152
7336.0,8373.0,1.0028207986450954
7336.0,9609.0,1.002972545013145
7387.0,18950.0,1.002717416928276
7387.0,9422.0,1.0011977823796943
7387.0,19211.0,1.0018300844707204
7772.0,9956.0,1.0043568624450192
7646.0,15351.0,1.0017283855640913
7654.0,402.0,1.000327890395133
7654.0,23479.0,1.0014630153580562
8436.0,50094.0,1.0008273576204738
8436.0,11255.0,1.0
8436.0,17655.0,1.000729665668188
8497.0,11024.0,1.0025017504273173
8385.0,7083.0,1.0
8691.0,19830.0,1.000273342475735
8691.0,13652.0,1.0
8691.0,14247.0,1.0007908051367547
8691.0,13972.0,1.0013253846123547
8725.0,8420.0,1.0006181474460123
8532.0,17057.0,1.0000643391362072
8532.0,2215.0,1.0014749576215112
8532.0,15361.0,1.0
8690.0,11034.0,1.0016820022190376
8690.0,14540.0,1.0008185014219944
5005.0,8771.0,1.001516729669851
2703.0,1456.0,1.0080754941182695
2703.0,17811.0,1.0180625523315094
2703.0,36178.0,1.0166196358329922
2703.0,16742.0,1.0170123097455206
2703.0,16920.0,1.0151455178663615
2703.0,6572.0,1.0164354088589098
2703.0,16414.0,1.0171873712072939
2703.0,17451.0,1.0169044818977002
2703.0,10301.0,1.017430333777594
2703.0,22809.0,1.0175061692621306
2703.0,26627.0,1.0170608751466321
2703.0,41562.0,1.0163042503339956
2703.0,38520.0,1.016902241045056
2703.0,27329.0,1.0153665839241302
2703.0,4320.0,1.0176120389701007
2703.0,3616.0,1.0186754650624248
2703.0,17723.0,1.0170083393519076
2703.0,4421.0,1.0171753754415758
2703.0,4796.0,1.0177128668122883
2703.0,23877.0,1.0190371006432941
2703.0,14984.0,1.016956958368745
2703.0,18708.0,1.0157891194484956
2703.0,18824.0,1.0188571928500678
2703.0,18833.0,1.0174294528725043
2703.0,22015.0,1.0183357318114137
2703.0,18280.0,1.0172774653241967
2703.0,17572.0,1.0166312457615168
2703.0,17610.0,1.0167362488627503
2703.0,18004.0,1.017757950417168
2703.0,18199.0,1.0176067933464357
2703.0,23731.0,1.0165909347032336
2703.0,24005.0,1.0173206548030078
2703.0,24050.0,1.0173093855610384
2703.0,22862.0,1.0161661576555838
2703.0,23083.0,1.0184101571354034
2703.0,23108.0,1.0170985683813782
2703.0,23216.0,1.0173335475849257
2703.0,23326.0,1.018933527367577
2703.0,23358.0,1.0178396807388805
2703.0,17501.0,1.016890251094127
2703.0,17461.0,1.0172686301731606
2703.0,3201.0,1.0162640399876945
2703.0,12513.0,1.0163872805068985
2703.0,14626.0,1.0180526087237098
2703.0,15252.0,1.0166520163384627
2703.0,4434.0,1.0160110334919739
2703.0,8306.0,1.0179007197515353
2703.0,35364.0,1.0170387964265852
2703.0,26724.0,1.017374974253836
2703.0,26968.0,1.0162829791972205
2703.0,17881.0,1.016152910342051
2603.0,7188.0,1.0
2603.0,9609.0,1.0
2603.0,17054.0,1.0
2603.0,9273.0,1.0
2603.0,10985.0,1.0
2637.0,5719.0,1.0016658011039112
2697.0,3821.0,1.0043135373481418
2995.0,3433.0,1.0003176215578538
3068.0,5691.0,1.0004812310530042
3068.0,3550.0,1.0016959059779516
2974.0,4221.0,1.0008845471768433
2857.0,3348.0,1.0008656929556594
2867.0,3371.0,1.0020393144123392
2893.0,3383.0,1.0
2944.0,3433.0,1.0
2954.0,3433.0,1.0014224749494425
2958.0,3000.0,1.002734690042957
3126.0,8146.0,1.0006247087479887
3126.0,10579.0,1.0
3126.0,7765.0,1.0002726229641827
3126.0,8154.0,1.0
3126.0,5337.0,1.0
3126.0,10183.0,1.0012009657684553
3126.0,3058.0,1.0002042072484854
3114.0,4845.0,1.0026213497733796
3114.0,4597.0,1.0019102741848438
3114.0,3070.0,1.0012356580829098
2722.0,3150.0,1.050709991337028
2722.0,1570.0,1.0487749629014054
2722.0,3235.0,1.0499053316660762
2722.0,4087.0,1.050410452352178
2828.0,35536.0,1.0
2828.0,48450.0,1.0
2828.0,27634.0,1.0013675309894228
2828.0,34403.0,1.0019652881483772
2033.0,19298.0,1.0
2033.0,27394.0,1.0
2033.0,8771.0,1.0
2033.0,8467.0,1.0
2033.0,9937.0,1.0
2033.0,14299.0,1.0
2033.0,23358.0,1.0
2033.0,10224.0,1.0
2033.0,23306.0,1.0
2033.0,14504.0,1.0
2027.0,5264.0,1.0009075734336492
2027.0,4816.0,1.001132714498613
2027.0,19665.0,1.0
2067.0,1056.0,1.0014960380187028
2080.0,42662.0,1.0021905395424584
2087.0,3049.0,1.0016512454174868
2111.0,2507.0,1.0032448294710914
2114.0,8560.0,1.0035513068961803
2011.0,2314.0,1.0003699078815482
1993.0,16414.0,1.0030885261421536
1791.0,1507.0,1.0
1792.0,598.0,1.0004729048096275
1792.0,3117.0,1.000864896644132
1762.0,2361.0,1.0023325875510114
1781.0,4828.0,1.000265124229853
1781.0,6134.0,1.0029679998868197
1898.0,2074.0,1.0008526161667597
1941.0,1823.0,1.0029433670056207
1941.0,2456.0,1.0016533434920716
1808.0,2024.0,1.0023619544071438
1835.0,2561.0,1.0
1835.0,15809.0,1.0000774185285457
2158.0,10696.0,1.0
2158.0,3111.0,1.0
2158.0,5421.0,1.0000480553676658
2158.0,9470.0,1.0013633289705135
2158.0,10132.0,1.001021693894374
2433.0,4709.0,1.0019905717122326
2440.0,2929.0,1.0023559042895085
2459.0,4381.0,1.0
2459.0,4551.0,1.0
2459.0,5199.0,1.0
2459.0,2482.0,1.0
2459.0,4484.0,1.0
2417.0,16071.0,1.0009606038339922
2382.0,5210.0,1.0
2382.0,4989.0,1.0018200933403707
2383.0,8242.0,1.0020575554740663
2408.0,4245.0,1.0015202374905556
2411.0,39573.0,1.0004540358688316
2411.0,40107.0,1.001376369881085
2465.0,1915.0,1.0
2464.0,5431.0,1.0013142715880965
2209.0,5998.0,1.0014437490531323
2224.0,6080.0,1.0019872569790917
2280.0,8067.0,1.0001234719014982
2280.0,3058.0,1.0
2280.0,2796.0,1.001747713916
2280.0,2886.0,1.0
2280.0,3016.0,1.0
2280.0,20654.0,1.0012700272467419
2280.0,25330.0,1.0000932110108727
2280.0,10618.0,1.0012056644992293
2280.0,3603.0,1.0
2280.0,9984.0,1.0
2192.0,9044.0,1.0
2177.0,3498.0,1.002242071231363
2287.0,2799.0,1.000000732939328
2356.0,2779.0,1.001134252053074
3943.0,14123.0,1.0
3943.0,10041.0,1.0006898402150841
3943.0,6574.0,1.0
3943.0,42163.0,1.0
3943.0,7556.0,1.0002785861469503
3943.0,32400.0,1.0000672580482606
3943.0,2241.0,1.0
3943.0,3665.0,1.000091887002968
3943.0,7782.0,1.0005373964098594
3943.0,8197.0,1.000012450801145
3943.0,8440.0,1.0006573784553514
3943.0,6996.0,1.0
3943.0,6620.0,1.0
3943.0,20159.0,1.0
3943.0,20703.0,1.00018302126129
3943.0,10112.0,1.0008979173350807
3943.0,12327.0,1.0
3943.0,8107.0,1.0000323118161538
3943.0,6673.0,1.0
3943.0,4838.0,1.0003974262048685
3943.0,5951.0,1.0002809015235081
3943.0,6434.0,1.0
4020.0,20180.0,1.003174548388346
4020.0,6828.0,1.000067612268491
4020.0,20753.0,1.0003811558464761
4020.0,34542.0,1.0025365481595172
4020.0,3487.0,1.003034452424698
4020.0,9214.0,1.0015042215595493
4020.0,9700.0,1.002517408074363
4047.0,3429.0,1.0008315775033247
4060.0,8912.0,1.0012740698040885
4082.0,4847.0,1.0040093809662787
3926.0,3389.0,1.0
3926.0,5523.0,1.0003408159711926
3835.0,41361.0,1.0008997526326187
3835.0,50771.0,1.0005731891538927
3835.0,15278.0,1.0
3835.0,15386.0,1.0014273484390002
3835.0,38520.0,1.000052195764276
3835.0,805.0,1.0
3835.0,27785.0,1.0
3835.0,31751.0,1.0010289097515974
3835.0,44387.0,1.000494240675348
3838.0,4886.0,1.0011308837022335
3840.0,4845.0,1.0031325200546641
4092.0,510.0,1.0
4092.0,5722.0,1.000902480533851
4092.0,7247.0,1.0
4092.0,12450.0,1.0
4092.0,13604.0,1.0015034576253787
4092.0,5756.0,1.0
4092.0,4120.0,1.0004722515353826
4092.0,10919.0,1.0
4092.0,23721.0,1.0
4670.0,10664.0,1.0
4795.0,18423.0,1.000458012588173
4795.0,31325.0,1.0002189656918274
4795.0,5916.0,1.0
4795.0,16093.0,1.0
4795.0,17497.0,1.0007085420092863
4795.0,18137.0,1.0006442999717202
4566.0,14886.0,1.0
4566.0,15402.0,1.0017001971674901
4566.0,5871.0,1.0
4573.0,5865.0,1.003885768509724
4616.0,6029.0,1.0027429408829682
4859.0,6264.0,1.0006346274080133
4873.0,6272.0,1.003127712838414
4887.0,16672.0,1.0029874467659752
4889.0,6297.0,1.0025078578854696
4903.0,4765.0,1.0026717789461532
4910.0,8535.0,1.0008641590385254
4910.0,8442.0,1.0015123696207233
4930.0,6363.0,1.0046594565404534
4855.0,8380.0,1.0027848263327643
4527.0,5465.0,1.0
4146.0,17209.0,1.0016269044179271
4146.0,22329.0,1.0007308383787603
4199.0,5426.0,1.002781294096323
4226.0,5461.0,1.0000615682668321
4263.0,5499.0,1.0044292822350178
4278.0,5861.0,1.0024948804761111
4278.0,5504.0,1.0022484578421442
4129.0,5413.0,1.0043501225844835
4301.0,23889.0,1.0020568337227713
3451.0,37851.0,1.0000352773898764
3451.0,5920.0,1.000228931073171
3451.0,16401.0,1.0000275811466457
3451.0,8437.0,1.0014783568560295
3458.0,35888.0,1.0013894358975608
3458.0,34482.0,1.0002906446059279
3337.0,4263.0,1.0000644152022877
3343.0,13584.0,1.00209136030222
3398.0,52110.0,1.0024662243424745
3575.0,41685.0,1.001228545525734
3575.0,42787.0,1.0035036947455958
3606.0,3122.0,1.0011622101728772
3606.0,9267.0,1.0
3480.0,8316.0,1.0006380679938434
3499.0,4105.0,1.0
3508.0,5300.0,1.0013972793356722
3178.0,44883.0,1.0016978707231161
3178.0,49844.0,1.0
3178.0,40562.0,1.0
3178.0,50647.0,1.0
3178.0,41191.0,1.0
3178.0,43096.0,1.0
3178.0,44331.0,1.0
3178.0,44925.0,1.0
3181.0,3637.0,1.0035448264229556
3194.0,4265.0,1.0005590667160755
3194.0,3235.0,1.0
3194.0,3831.0,1.0
3206.0,3777.0,1.0045658757930742
3211.0,6905.0,1.0018311008670502
3312.0,2560.0,1.0024755089094788
3312.0,1091.0,1.001494994403399
3312.0,4037.0,1.002011595895234
3252.0,1955.0,1.0020662343395366
3288.0,3074.0,1.0027913382023357
3790.0,15791.0,1.0
3790.0,4501.0,1.0005249748040081
3790.0,22002.0,1.0
3790.0,9971.0,1.0
3790.0,30094.0,1.0
3790.0,8635.0,1.0
3790.0,7680.0,1.0
3790.0,17572.0,1.0
3790.0,9278.0,1.0
3790.0,5226.0,1.0
3790.0,10183.0,1.0003063344700835
3790.0,5622.0,1.0
3790.0,14856.0,1.00052432455488
3790.0,10587.0,1.0
3790.0,22579.0,1.0001002917005901
3790.0,26876.0,1.0
3790.0,4753.0,1.0
3790.0,5274.0,1.000671524274647
3790.0,7797.0,1.0
3790.0,6353.0,1.0
3668.0,20304.0,1.0041638006048903
3789.0,4740.0,1.1120976367226856
3677.0,45431.0,1.001375806063688
3704.0,7670.0,1.000949528725937
3727.0,4681.0,1.0024337637661602
3768.0,3360.0,1.0003654251136538
3776.0,965.0,1.000222410544108
10939.0,1244.0,1.0016840321853033
26157.0,27352.0,1.0008688591794725
