4.0,96.0,1.001527385615382
4.0,2560.0,1.0020598582629174
25579.0,5003.0,1.065580633368951
25579.0,7652.0,1.066814109450054
25579.0,8841.0,1.0681363298964173
25579.0,8904.0,1.0660763203096084
25579.0,9158.0,1.066502043925969
25579.0,4398.0,1.0684213867639971
25579.0,773.0,1.0675379859528533
25579.0,1367.0,1.0655593654808688
25579.0,2093.0,1.0665716603615674
25579.0,2274.0,1.0681083651871497
25579.0,2968.0,1.0670535698899821
25579.0,3803.0,1.0659535194787892
25579.0,9964.0,1.069129295170507
25579.0,12342.0,1.0679663813010385
25579.0,12373.0,1.0660197918713825
25579.0,13822.0,1.0680402017217372
25579.0,14841.0,1.0671223896823425
25579.0,32076.0,1.0681860090480015
25579.0,32323.0,1.0673404462145013
25579.0,31567.0,1.0681811957083298
25579.0,31608.0,1.0657700037781814
25579.0,31708.0,1.067606257745604
25579.0,31967.0,1.066787817254608
25579.0,32015.0,1.0672555314234087
25579.0,31485.0,1.0681999684333516
25579.0,32694.0,1.0667260098891753
25579.0,34693.0,1.0658554955763295
25579.0,34704.0,1.0666865765696334
25579.0,34743.0,1.067355284309638
25579.0,34749.0,1.0669649434205335
25579.0,35190.0,1.0673219978758255
25579.0,35334.0,1.0668434294906253
25579.0,35365.0,1.0663857926608369
25579.0,35424.0,1.0693868512276201
25579.0,34644.0,1.066446850522249
25579.0,34322.0,1.067432973995813
25579.0,27530.0,1.0655247962779475
25579.0,27779.0,1.067867018449555
25579.0,27794.0,1.0692465724420015
25579.0,27982.0,1.066150026401703
25579.0,27082.0,1.0665189223506397
25579.0,22208.0,1.0658718796264268
25579.0,23395.0,1.066626784054372
25579.0,23757.0,1.0670789284272542
25579.0,23868.0,1.068171316526511
25579.0,26712.0,1.0675262895093875
25579.0,31402.0,1.0663321515873692
25579.0,30816.0,1.068254573207334
25579.0,30873.0,1.0666539202315943
25579.0,30929.0,1.065604531908141
25579.0,31026.0,1.0671427216730316
25579.0,31206.0,1.066073048798314
25579.0,30078.0,1.0663223611307509
25579.0,30031.0,1.0670791877123436
25579.0,28927.0,1.0664253410266822
25579.0,28350.0,1.0681151654426315
25579.0,28382.0,1.068154874213813
25579.0,28710.0,1.066000424195669
25579.0,28858.0,1.0675357239976873
25579.0,35569.0,1.066922840087763
25579.0,40820.0,1.0674763583072038
25579.0,35637.0,1.0669327234659898
25579.0,37524.0,1.0680483193341677
25579.0,37709.0,1.0676227709301762
25579.0,36224.0,1.0668244759781473
25579.0,36251.0,1.0657226950357053
25579.0,37276.0,1.0663700229243323
25579.0,38749.0,1.0664197408352296
25579.0,39512.0,1.066376683207497
25579.0,35624.0,1.067426123766347
25579.0,37757.0,1.0684992182998778
25579.0,37811.0,1.0674735826065092
25579.0,37916.0,1.0672352676648607
25579.0,38460.0,1.0677662887099473
25579.0,38606.0,1.0656362034690434
25579.0,38283.0,1.0674514148718022
25579.0,37198.0,1.066652200341658
25579.0,37286.0,1.0685467796171615
25579.0,37440.0,1.0666819884794212
25579.0,37603.0,1.0673292515026946
25579.0,37666.0,1.0668060742152854
25579.0,39648.0,1.06801988888284
25579.0,39770.0,1.067754762048267
25579.0,39420.0,1.067579465755987
25579.0,38775.0,1.0678291684057943
25579.0,38921.0,1.066294199170395
25579.0,39025.0,1.065520022683352
25579.0,39063.0,1.0645074738038984
25579.0,39075.0,1.067484860955627
25579.0,39429.0,1.067768100401792
25579.0,37179.0,1.0674835721296747
25579.0,36074.0,1.0672428716164073
25579.0,36170.0,1.0652911845812765
25579.0,35968.0,1.067193729189615
25579.0,35711.0,1.0661105779389788
25579.0,35791.0,1.066582809397623
25579.0,35800.0,1.065614817630618
25579.0,35848.0,1.068186049049141
25579.0,35930.0,1.0671637183210816
25579.0,36282.0,1.0667740159678023
25579.0,36837.0,1.066832247887094
25579.0,36957.0,1.0666337102467218
25579.0,37068.0,1.065654086333994
25579.0,37108.0,1.0691331252020855
25579.0,37129.0,1.0682855044487507
25579.0,36327.0,1.0654823485333407
25579.0,36355.0,1.0668531778585453
25579.0,36453.0,1.0681378684579923
25579.0,36513.0,1.0681841620258088
25579.0,36548.0,1.066786096497976
25579.0,36635.0,1.068398806895809
25579.0,49875.0,1.0681209396339804
25579.0,50540.0,1.0661520252835237
25579.0,48063.0,1.0685453238040226
25579.0,45622.0,1.0676109272643506
25579.0,45834.0,1.0661513618366527
25579.0,45977.0,1.067020938918423
25579.0,47202.0,1.0654124247303276
25579.0,47374.0,1.068112473680787
25579.0,47805.0,1.0675900016372848
25579.0,45317.0,1.067402221016536
25579.0,42192.0,1.066826559884898
25579.0,42259.0,1.0675643991451844
25579.0,42352.0,1.0670864915360778
25579.0,42363.0,1.0676910657136003
25579.0,42416.0,1.067066299765855
25579.0,41832.0,1.0661291275694456
25579.0,41763.0,1.0675731032808615
25579.0,40602.0,1.0668700212709596
25579.0,40725.0,1.0674149291933057
25579.0,40875.0,1.066640273265916
25579.0,40881.0,1.066876805436406
25579.0,40925.0,1.0670645264004814
25579.0,41014.0,1.06620190880811
25579.0,41494.0,1.0662868132160783
25579.0,41736.0,1.0665702473744716
25579.0,42440.0,1.0682919009884584
25579.0,43672.0,1.067136519243237
25579.0,44154.0,1.0681876325444206
25579.0,44365.0,1.0680740345252984
25579.0,44901.0,1.0676618809612504
25579.0,45002.0,1.066573420096868
25579.0,42997.0,1.0667951527430093
25579.0,43036.0,1.0664708937310523
25579.0,43274.0,1.0685983366896634
25579.0,45363.0,1.0663041810462353
25375.0,41968.0,1.0008131634469355
25394.0,26590.0,1.0018758939945462
25398.0,48525.0,1.0
25415.0,4956.0,1.0
25415.0,6923.0,1.0006368827132115
25415.0,36176.0,1.000449891876974
25415.0,44255.0,1.0015972072994868
25415.0,44319.0,1.000551876710758
25415.0,45694.0,1.0008998455076814
25415.0,45929.0,1.0018446265491074
25415.0,43496.0,1.0004211758798376
25415.0,37593.0,1.0012492110307145
25415.0,38250.0,1.0004469155472386
25415.0,39334.0,1.0012076858834897
25415.0,39437.0,1.0004168294160571
25415.0,41842.0,1.0
25120.0,27223.0,1.0040827759633484
25153.0,26486.0,1.0007428341493332
25206.0,40275.0,1.0013789696538657
25220.0,32418.0,1.0031523284615316
25281.0,26918.0,1.0
25359.0,28279.0,1.0015510719375074
25425.0,16419.0,1.0
22400.0,23681.0,1.0031215159976152
22400.0,23449.0,1.0023169862480852
22504.0,18951.0,1.001083350486682
22504.0,32951.0,1.0003741349788935
22504.0,32957.0,1.0017005350696002
22504.0,45589.0,1.001187087695133
22385.0,43150.0,1.0018753627460277
22385.0,32719.0,1.0002657343136339
22367.0,16234.0,1.0
22367.0,14090.0,1.0
22367.0,50294.0,1.0
22367.0,52191.0,1.0
22367.0,48395.0,1.0
22367.0,36029.0,1.0
22367.0,36594.0,1.0
22367.0,37266.0,1.0
22367.0,38290.0,1.0
22367.0,38491.0,1.0
22367.0,39802.0,1.0014394224163539
22367.0,35783.0,1.0
22367.0,35608.0,1.0010944570722844
22367.0,34236.0,1.0016450297049198
22367.0,34262.0,1.0025789641955478
22367.0,34825.0,1.0
22367.0,34846.0,1.0005294110112706
22367.0,35153.0,1.000066694912633
22367.0,35431.0,1.0
22367.0,35739.0,1.0
22367.0,46029.0,1.0009424081940803
22367.0,47186.0,1.0005098896225528
22367.0,47821.0,1.0005791543725637
22367.0,47966.0,1.0
22367.0,44662.0,1.000083240049489
22367.0,40494.0,1.0019871262834796
22367.0,40665.0,1.0008854463592278
22367.0,40716.0,1.0
22367.0,41000.0,1.0
22367.0,41250.0,1.0
22367.0,32357.0,1.0014610113933422
22367.0,32298.0,1.0
22367.0,4923.0,1.0003452068749408
22367.0,27758.0,1.00046207585566
22367.0,27918.0,1.001165255924058
22367.0,31319.0,1.0
22367.0,31414.0,1.0034313320918684
22367.0,31949.0,1.0005538724943779
22367.0,26535.0,1.0
22367.0,26366.0,1.0024056116521372
22367.0,7626.0,1.0012948811252524
22367.0,16122.0,1.0008386863677066
22367.0,20420.0,1.001384311182858
22682.0,40820.0,1.0017368470170036
22682.0,44051.0,1.000681943193428
22733.0,23743.0,1.0019371997923423
22733.0,24099.0,1.001434708948296
22784.0,12476.0,1.0023949807179915
22806.0,26460.0,1.0008392239927957
22522.0,36926.0,1.0
22522.0,40535.0,1.000779711012927
22522.0,40900.0,1.0016666007703605
22545.0,26370.0,1.0
22624.0,23619.0,1.0
22879.0,44245.0,1.0005816221320976
23274.0,25262.0,1.0018486737714885
23293.0,8520.0,1.0038961475834847
23481.0,47350.0,1.0015500464014226
23506.0,44100.0,1.0023873098579403
23506.0,45993.0,1.0012451974796557
23506.0,51944.0,1.0013969171894421
23149.0,52155.0,1.0011018111812522
23149.0,45017.0,1.0
23149.0,32459.0,1.0000201586587523
23149.0,44175.0,1.001437077331841
23188.0,1333.0,1.0
23188.0,44935.0,1.0
23188.0,47933.0,1.0020197597363152
23203.0,36204.0,1.0008697771000399
23254.0,20860.0,1.001555074881591
24765.0,26416.0,1.0007450562583924
24937.0,25181.0,1.000597146527199
24966.0,23943.0,1.0010513934499714
24987.0,26671.0,1.0022749806372429
24991.0,26664.0,1.0006277932817809
23523.0,2080.0,1.0019750733228265
23554.0,39276.0,1.0007979109558032
23580.0,9701.0,1.0
24599.0,35152.0,1.0030951577934377
24645.0,43371.0,1.001327615870863
24698.0,3430.0,1.001391979129405
23087.0,27572.0,1.0004999910483108
23087.0,28505.0,1.0012453132837504
23087.0,30234.0,1.0
23087.0,34481.0,1.001559255033126
23087.0,14232.0,1.0
23087.0,15416.0,1.0004682183537243
23087.0,44318.0,1.0007680835357853
23087.0,35472.0,1.0007991446881719
23087.0,40561.0,1.0015401216160642
23087.0,41804.0,1.0
23087.0,41989.0,1.0004929523695754
22916.0,7013.0,1.0025100331909573
22922.0,23849.0,1.003083428030705
22976.0,26494.0,1.0019803066133253
22976.0,27158.0,1.0015617113014543
23035.0,31388.0,1.002203003976819
23059.0,25167.0,1.001967468145196
23067.0,23967.0,1.0024994305019321
26143.0,74.0,1.00058890161364
26297.0,10490.0,1.0
26120.0,16763.0,1.0034477595558915
26088.0,31385.0,1.0014312062362933
26046.0,23175.0,1.0010991396824074
25619.0,27726.0,1.0008820325139507
25659.0,29994.0,1.0024150531620915
25723.0,27861.0,1.0001083010039862
25847.0,20313.0,1.005363870528571
25868.0,27392.0,1.0049211984454738
26476.0,27940.0,1.0006111646409865
26648.0,30929.0,1.0
26648.0,31231.0,1.0
26648.0,25326.0,1.0
26648.0,8376.0,1.0009281779738146
26648.0,8886.0,1.0006914745607567
26648.0,9907.0,1.0004168866057288
26648.0,11220.0,1.0
26648.0,8048.0,1.0023649392631448
26648.0,13945.0,1.0
26648.0,30972.0,1.001833917000733
26648.0,31365.0,1.000652175321362
26648.0,30361.0,1.0000796184122225
26648.0,30389.0,1.0
26648.0,30469.0,1.000533127881022
26648.0,30501.0,1.0
26648.0,30507.0,1.0012835397036064
26648.0,30522.0,1.0008037895229993
26648.0,30796.0,1.0
26648.0,34463.0,1.0018220659326273
26648.0,34494.0,1.0021732277705486
26648.0,34513.0,1.001355432013289
26648.0,35168.0,1.0
26648.0,35178.0,1.0
26648.0,35991.0,1.0000454872942213
26648.0,36017.0,1.0
26648.0,32706.0,1.0003161685302975
26648.0,31896.0,1.0019730289997835
26648.0,32209.0,1.0
26648.0,32423.0,1.0
26648.0,32469.0,1.0012236358870272
26648.0,19495.0,1.0010943575267535
26648.0,19804.0,1.0009906275197722
26648.0,21937.0,1.0001720300714807
26648.0,23560.0,1.0
26648.0,23799.0,1.0014277838823142
26648.0,18586.0,1.0
26648.0,14178.0,1.0008624626583886
26648.0,14556.0,1.0007430126067318
26648.0,18432.0,1.000433213607695
26648.0,28787.0,1.00061642749517
26648.0,28865.0,1.0
26648.0,28909.0,1.0016813969387657
26648.0,29984.0,1.0005156351233448
26648.0,30093.0,1.0002694679517958
26648.0,30133.0,1.0
26648.0,28749.0,1.0
26648.0,27202.0,1.0
26648.0,27814.0,1.0003614637998506
26648.0,28179.0,1.0006494003723168
26648.0,28415.0,1.001775452556814
26648.0,28601.0,1.0
26648.0,37265.0,1.0019736192683182
26648.0,42905.0,1.0025756938765986
26536.0,38416.0,1.003085745954976
26587.0,37284.0,1.001812524288881
25597.0,35889.0,1.0003808621750503
25597.0,38760.0,1.0
25597.0,39009.0,1.0011441126983023
25597.0,39049.0,1.0004412100884517
25597.0,39456.0,1.00065444097227
25597.0,39512.0,1.0
25597.0,37459.0,1.0018715874816866
25597.0,37557.0,1.0001063442581375
25597.0,37651.0,1.000513670119533
25597.0,37802.0,1.0006234956893205
25597.0,38015.0,1.0003425600620586
25597.0,46171.0,1.0021822010236254
25597.0,47722.0,1.0
25597.0,47752.0,1.0012065418546847
25597.0,47839.0,1.001308234912729
25597.0,48450.0,1.0
25597.0,45576.0,1.000365667392261
25597.0,45462.0,1.0000965024838928
25597.0,40312.0,1.000630790925984
25597.0,41270.0,1.000388183526917
25597.0,41908.0,1.0002079111289837
25597.0,42946.0,1.000167418137902
25597.0,37385.0,1.0
25597.0,37309.0,1.0
25597.0,36535.0,1.0
25597.0,14190.0,1.0
25597.0,31328.0,1.0005725857534815
25597.0,31972.0,1.0020589670060207
25597.0,32149.0,1.0005128817979447
25597.0,34361.0,1.0002643208157687
25597.0,36288.0,1.0
25597.0,36330.0,1.0
25597.0,36746.0,1.002421966201478
25597.0,36797.0,1.0017192749989994
25597.0,37221.0,1.001112963978012
25597.0,32805.0,1.0003179642524302
25597.0,34863.0,1.0
25597.0,35336.0,1.0
25597.0,35680.0,1.0003492562132592
25597.0,37329.0,1.0
16777.0,47243.0,1.0016863542053709
16778.0,1367.0,1.00147395107165
16852.0,22456.0,1.0022595947180652
16878.0,13910.0,1.0012569805552656
16889.0,7119.0,1.0011974775327892
16894.0,28897.0,1.0038965268686537
16952.0,18943.0,1.0002865003465569
16959.0,47449.0,1.0
16965.0,6788.0,1.0012492260956687
16965.0,18950.0,1.00203234269243
16419.0,20473.0,1.000504664453179
16577.0,10461.0,1.000554291274217
16672.0,14886.0,1.0
16700.0,19915.0,1.0003620341378139
16700.0,22489.0,1.000016749839783
16711.0,18628.0,1.0039363682809201
17218.0,19223.0,1.0021797412865963
17355.0,22068.0,1.0026131989351428
17358.0,7087.0,1.0021811090563344
17358.0,19477.0,1.0
16968.0,13554.0,1.000268889040846
16968.0,17608.0,1.0015675488737765
17044.0,18635.0,1.002350426291363
17062.0,19042.0,1.0030175965988244
17062.0,19044.0,1.0025191456098974
17070.0,9089.0,1.0021926207494813
15636.0,15538.0,1.001540544580746
15649.0,8739.0,1.0020262214857834
15936.0,16920.0,1.0005206373442015
15949.0,18173.0,1.0021161408810342
15288.0,45893.0,1.00232526289632
15288.0,44879.0,1.0001729517253122
15288.0,34888.0,1.000384335602165
15288.0,41755.0,1.0
15288.0,42400.0,1.0
15288.0,4762.0,1.0
15288.0,17530.0,1.0
15288.0,18573.0,1.0
15288.0,19625.0,1.0009827285697415
15288.0,19784.0,1.0
15288.0,23504.0,1.0019614269012023
15288.0,44876.0,1.000409197369717
15483.0,8420.0,1.0039028876779728
15574.0,17695.0,1.001286649167281
15961.0,35213.0,1.0033135045713195
15977.0,28672.0,1.0
15977.0,52027.0,1.0
16282.0,20006.0,1.0021263218700112
16201.0,38383.0,1.0013272099531778
16194.0,14683.0,1.002821134398591
16003.0,5268.0,1.0005583389017727
16003.0,19813.0,1.0019287568606885
17394.0,19298.0,1.0001612896987748
17494.0,19362.0,1.0
18322.0,5986.0,1.0056439855927417
18331.0,9663.0,1.001062898824741
18335.0,18420.0,1.0
18335.0,22170.0,1.0014407875323847
18335.0,34272.0,1.0005962713239245
18008.0,25280.0,1.0
18008.0,46071.0,1.0
18008.0,19943.0,1.0
18012.0,26947.0,1.0024350777250888
18381.0,45514.0,1.0012274722905241
18404.0,15282.0,1.00118592988299
18414.0,20001.0,1.001605467532736
18450.0,20092.0,1.0
18519.0,6114.0,1.0006531083687573
17572.0,28230.0,1.0
17572.0,415.0,1.0
17572.0,16490.0,1.0
17575.0,40278.0,1.0029792586871105
17590.0,19353.0,1.0029662508459602
17748.0,19974.0,1.002848971649281
17811.0,44214.0,1.0018166258613437
17526.0,39327.0,1.002989479748766
17546.0,20003.0,1.001788446387769
17834.0,40207.0,1.0
17834.0,43009.0,1.0002392465356293
17948.0,20835.0,1.0030161840410126
17960.0,19776.0,1.0
17986.0,47525.0,1.0027462580615525
17914.0,41380.0,1.0013962674834116
13949.0,16313.0,1.0
13967.0,16864.0,1.0
13967.0,27390.0,1.0005196054934025
13521.0,16198.0,1.000936602973596
13630.0,4972.0,1.0021497693874182
13995.0,34205.0,1.0001621382768924
14160.0,16313.0,1.0
14205.0,15004.0,1.002887525249067
14436.0,16825.0,1.001819757022512
14071.0,1959.0,1.0017420923495184
14002.0,8095.0,1.0000794225725906
14002.0,22241.0,1.0001817501704642
14002.0,22770.0,1.0006375289365779
14008.0,16277.0,1.001764934255082
14018.0,16479.0,1.0005326700993373
14064.0,10864.0,1.0
14114.0,6798.0,1.0025413678528263
11957.0,25249.0,1.0021785720953342
11957.0,15238.0,1.002121587976591
11993.0,8080.0,1.0
12033.0,15460.0,1.0017062854477596
12034.0,16096.0,1.0
13133.0,1990.0,1.0030208736238744
11905.0,13652.0,1.0004945288214493
11777.0,1770.0,1.0024833208273671
11795.0,14707.0,1.0035151501814055
11798.0,1367.0,1.000974442389196
11849.0,13798.0,1.002057516964049
11870.0,15445.0,1.0
13187.0,23513.0,1.001598173729906
13418.0,18168.0,1.0
13464.0,23964.0,1.0004282138701013
13464.0,26764.0,1.001809924108494
13190.0,4409.0,1.0
13333.0,15278.0,1.0027521056780397
13388.0,10674.0,1.0002858097212646
15099.0,17422.0,1.002716972462214
15118.0,8531.0,1.0036310718340329
15184.0,7477.0,1.0001391798413213
15184.0,50080.0,1.0000412684766584
15249.0,14745.0,1.0022225179612172
15272.0,17584.0,1.002704476506408
15040.0,16414.0,1.0031021464747876
14819.0,23757.0,1.00173911608302
14911.0,2839.0,1.0015083915618308
14912.0,8263.0,1.0004443580701576
14912.0,6180.0,1.0006793573361144
14765.0,18001.0,1.0024619120967406
14582.0,28446.0,1.0
14582.0,7209.0,1.0014035332789888
14582.0,23964.0,1.0003564382135444
14582.0,28907.0,1.0020307995766062
14582.0,31055.0,1.000661959632449
14582.0,32720.0,1.0
14582.0,34598.0,1.000979114787395
14582.0,27965.0,1.0008699949839206
14582.0,27801.0,1.001397126806026
14582.0,25123.0,1.0004600391601681
14467.0,7287.0,1.0027274780405502
14508.0,13720.0,1.0004114915492341
14740.0,17921.0,1.001641629722794
14740.0,19845.0,1.0016657701298084
14749.0,17156.0,1.0018039430361505
14736.0,13976.0,1.0014940042400375
14622.0,36099.0,1.003003180548091
14651.0,19679.0,1.0005040071757096
14696.0,42318.0,1.0028245631887978
18544.0,21969.0,1.0
18604.0,22073.0,1.0
18604.0,39193.0,1.0012163491459443
18604.0,26964.0,1.0
18604.0,3435.0,1.000455069132291
18604.0,22452.0,1.0
18604.0,22258.0,1.0008083810571227
18604.0,9193.0,1.0004530090121888
18604.0,21905.0,1.0
18604.0,22086.0,1.0004242863979542
18604.0,22224.0,1.0
21289.0,40697.0,1.0002322435185824
21289.0,47977.0,1.0006047667506361
21289.0,50302.0,1.0000909412315553
21289.0,50324.0,1.0
21289.0,50460.0,1.000348321001215
21289.0,50724.0,1.0003430695198154
21289.0,49877.0,1.0
21289.0,24055.0,1.0
21289.0,49805.0,1.0012013180917323
21224.0,19668.0,1.0017745840785865
21262.0,22463.0,1.0023278290316522
21297.0,48450.0,1.0
21297.0,3348.0,1.0
21297.0,19771.0,1.0009805921552188
21297.0,28424.0,1.0002804018502687
21297.0,48333.0,1.0005631683853946
21433.0,30753.0,1.0
21433.0,30264.0,1.0
21433.0,30231.0,1.0
21433.0,26913.0,1.0
21441.0,22412.0,1.0013105450225408
21463.0,22632.0,1.0035974038487487
21494.0,22684.0,1.0032727719720784
21533.0,30983.0,1.004165570989141
21331.0,22663.0,1.0029507942404021
20749.0,26782.0,1.0
20749.0,28314.0,1.0
20749.0,30659.0,1.0007254916916741
20749.0,31041.0,1.0
20749.0,31156.0,1.0005294356676961
20749.0,27612.0,1.0009025857953402
20749.0,27822.0,1.0006177919773787
20749.0,27882.0,1.0007288909509144
20749.0,27934.0,1.0021703083134272
20749.0,28135.0,1.0012953006733185
20749.0,29951.0,1.0
20749.0,27536.0,1.0
20749.0,6738.0,1.0
20749.0,8135.0,1.000950458958556
20749.0,27040.0,1.0
20749.0,27123.0,1.000090858929139
20749.0,27291.0,1.0011399220633905
20749.0,27033.0,1.0004487926462147
20749.0,22345.0,1.00013554522613
20749.0,27019.0,1.0
20749.0,22525.0,1.0011299257516248
20749.0,22555.0,1.0
20749.0,22630.0,1.0
20749.0,22735.0,1.0004322856531407
20749.0,22958.0,1.0
20776.0,20389.0,1.0004992606031895
20816.0,5057.0,1.0021496287092806
20874.0,22489.0,1.0005085094856925
21537.0,22732.0,1.000379628774233
21074.0,22020.0,1.0022194848934243
21118.0,22606.0,1.001449692022498
21135.0,22347.0,1.0005808799769322
21196.0,2153.0,1.0
21196.0,26450.0,1.0009425831719203
21208.0,17409.0,1.0
21027.0,22607.0,1.0031877933933042
20901.0,22091.0,1.0
20991.0,22890.0,1.001612517560492
20991.0,23072.0,1.0012449671392376
21016.0,22411.0,1.0
21016.0,22464.0,1.0019420176955538
21542.0,26918.0,1.0
21543.0,25222.0,1.0003930150382623
22247.0,8367.0,1.0
22247.0,49811.0,1.0013289495685471
22247.0,44313.0,1.0
22247.0,44354.0,1.001004130184773
22288.0,5480.0,1.002551698171398
22324.0,50544.0,1.000158880891886
22324.0,52234.0,1.001603004075675
22364.0,22476.0,1.0021215778643022
22224.0,15573.0,1.0007266359213483
21826.0,37520.0,1.0009085313139932
21862.0,22785.0,1.0036406332292178
21903.0,28667.0,1.0
21907.0,38434.0,1.0023476096593706
21916.0,23004.0,1.0020489643742003
21930.0,47251.0,1.0025148871768446
21768.0,23078.0,1.0038786428092725
21570.0,22730.0,1.0034515827184212
21614.0,40098.0,1.0011444307440203
21714.0,26372.0,1.0013670692860195
21963.0,36950.0,1.0
21963.0,49844.0,1.0012870114902441
21963.0,32555.0,1.0001326001491355
21963.0,39300.0,1.0
21963.0,35729.0,1.0010235846609088
21963.0,36456.0,1.0010179766993976
21963.0,36883.0,1.0003351606758157
21963.0,38107.0,1.000779629636327
21976.0,31481.0,1.0007271703498402
22010.0,23095.0,1.0003073181672304
22031.0,23111.0,1.002289451992789
22157.0,3257.0,1.0011805127023503
22157.0,4217.0,1.0
22188.0,32474.0,1.0
19250.0,1304.0,1.0
19250.0,16765.0,1.0
19250.0,7942.0,1.0
19250.0,8742.0,1.0007017758372796
19250.0,13535.0,1.0
19250.0,14654.0,1.0
19250.0,16743.0,1.0
19250.0,17400.0,1.00080597038795
19250.0,2970.0,1.0000603885064856
19250.0,22384.0,1.0008469446309802
19250.0,20523.0,1.0002124436740794
19250.0,20767.0,1.0
19250.0,22017.0,1.0010958258287364
19250.0,22029.0,1.0
19114.0,23408.0,1.0005102078162589
19169.0,20459.0,1.0019995951096912
19183.0,31989.0,1.0
19183.0,23354.0,1.0014575584138488
19338.0,20649.0,1.0
19346.0,33135.0,1.0
19346.0,5109.0,1.0005910133712754
19346.0,20831.0,1.0014620679417736
19346.0,27769.0,1.001752152937141
19346.0,32174.0,1.0
19346.0,52063.0,1.0018295791521403
19085.0,20459.0,1.0007456708714646
19086.0,36704.0,1.0039772653643724
18646.0,52023.0,1.0008883553451322
18646.0,44652.0,1.0026775387759703
18880.0,20304.0,1.0001084021591917
18882.0,1319.0,1.0032068477181555
19054.0,20645.0,1.0
18784.0,20276.0,1.0032261518594423
18755.0,22395.0,1.0013127643329764
18704.0,20124.0,1.0005564262876703
18704.0,14028.0,1.000686164905902
18708.0,20216.0,1.001953139104728
20701.0,37557.0,1.000238818755654
20701.0,35451.0,1.0
20701.0,37381.0,1.0
20701.0,40117.0,1.0013146218841575
20701.0,43736.0,1.0
20701.0,14147.0,1.0
19631.0,45130.0,1.0
20688.0,39998.0,1.0017689016129214
20688.0,40585.0,1.0026958595270452
20695.0,27723.0,1.0014335210353236
20695.0,35028.0,1.0011023604742153
20695.0,38031.0,1.0
19407.0,20767.0,1.0
19407.0,22394.0,1.0
19407.0,26656.0,1.0024492696969947
19441.0,19762.0,1.0013730717170575
19393.0,14556.0,1.0035345449566841
19504.0,20716.0,1.0012904809099057
19552.0,19744.0,1.0017189376471094
19552.0,9268.0,1.0
19552.0,22145.0,1.0002620446218768
19552.0,20885.0,1.0
19552.0,22034.0,1.0
19552.0,22303.0,1.0013474993792442
19552.0,22557.0,1.0
19552.0,20588.0,1.0000984204680492
19552.0,19169.0,1.0
19552.0,20632.0,1.0
19548.0,16784.0,1.0014236732322321
11771.0,16022.0,1.0029268970804248
41728.0,47917.0,1.0001347178641373
41728.0,41773.0,1.00095276966974
41728.0,19044.0,1.0
41728.0,45380.0,1.0
41728.0,51916.0,1.0
41728.0,40677.0,1.000193360599105
41728.0,45463.0,1.0
41728.0,45808.0,1.0000285313325017
41728.0,46097.0,1.0
41728.0,46098.0,1.00029106801721
41728.0,47184.0,1.0
41728.0,47282.0,1.0
41728.0,47453.0,1.0
41728.0,44039.0,1.0
41728.0,44267.0,1.0
41728.0,47716.0,1.0
41728.0,48530.0,1.0011894291000039
41728.0,48586.0,1.001590304859115
41728.0,50025.0,1.0010908809627832
41728.0,50044.0,1.0
41728.0,50047.0,1.0003470159460548
41728.0,35082.0,1.0
41728.0,35132.0,1.0
41728.0,40346.0,1.0011136395555622
41728.0,13551.0,1.0
41728.0,17718.0,1.0
41728.0,40444.0,1.0
41728.0,42255.0,1.0
41728.0,42705.0,1.0
41728.0,43018.0,1.0
41728.0,40629.0,1.0000228745361648
41728.0,41372.0,1.0008267932764543
41728.0,45479.0,1.0
41812.0,39398.0,1.003779844152609
41815.0,5611.0,1.0
41815.0,14581.0,1.0
41815.0,47505.0,1.0001048469986815
41455.0,45298.0,1.0019834468728928
41486.0,19836.0,1.0005271228385588
41577.0,47854.0,1.0007061113678462
41577.0,44230.0,1.0028548595628215
41587.0,39235.0,1.0023154896858264
43527.0,45264.0,1.1785269032312196
43563.0,41562.0,1.0018818633396132
43563.0,47560.0,1.0024066256131852
43603.0,47305.0,1.0
43603.0,42268.0,1.0
43603.0,40881.0,1.0
43603.0,43779.0,1.0
43603.0,40898.0,1.0007477431229215
43603.0,40983.0,1.000190655213475
43603.0,41066.0,1.0005812503435298
43603.0,41214.0,1.0
43603.0,41401.0,1.0
43603.0,41422.0,1.001428955784509
43603.0,44977.0,1.0
43512.0,40431.0,1.0010721411748176
43509.0,3486.0,1.0053355076658372
43242.0,35190.0,1.0008967202268242
43242.0,38629.0,1.0025184054097454
43268.0,42600.0,1.0021832508299813
43293.0,40270.0,1.0064120015559408
43852.0,42132.0,1.0028124119847324
43898.0,20347.0,1.003225426623731
41916.0,49969.0,1.0
41916.0,50591.0,1.0
41916.0,15609.0,1.0
41916.0,40107.0,1.0
41965.0,39437.0,1.0013107290669236
41985.0,39495.0,1.0000236004077245
42326.0,39630.0,1.0001518362008701
42348.0,765.0,1.0024456040963867
42448.0,39752.0,1.0019029214132131
41882.0,52234.0,1.0042090621028832
43058.0,40096.0,1.00105302178726
43133.0,38529.0,1.0
43182.0,35883.0,1.0015118679954609
42661.0,27662.0,1.0020117432666336
42706.0,42515.0,1.0029886834235702
42780.0,39016.0,1.0001825067325811
39204.0,37566.0,1.0013673011575206
39225.0,37613.0,1.0022013596847756
39309.0,40397.0,1.0005212368127867
39185.0,30147.0,1.0032159353957188
39375.0,39138.0,1.0005997940226983
39402.0,36038.0,1.0018518953635307
39100.0,43057.0,1.0017825561694236
38979.0,41870.0,1.0014861414103104
38979.0,26988.0,1.0018636169571453
39009.0,46016.0,1.0011510640278212
39408.0,38088.0,1.0034650926111042
39592.0,52229.0,1.0
39663.0,39149.0,1.0
38970.0,37388.0,1.0034021387544079
39459.0,42515.0,1.0
39459.0,42169.0,1.0
39479.0,37796.0,1.0008681275809463
38429.0,34370.0,1.0
38429.0,40672.0,1.0
38429.0,39288.0,1.0
38429.0,39822.0,1.0
38429.0,40947.0,1.0
38429.0,38871.0,1.0
38429.0,40970.0,1.00033704714395
38429.0,25207.0,1.000715386408225
38429.0,38008.0,1.0023362554620585
38429.0,38196.0,1.0
38429.0,38425.0,1.0010052515651793
38429.0,38501.0,1.0
38429.0,38670.0,1.000833759245975
38429.0,41512.0,1.0
38429.0,42354.0,1.0014470333664087
38429.0,43587.0,1.0
38429.0,43688.0,1.0005010648447423
38403.0,50364.0,1.0006785704002377
39683.0,43198.0,1.0019560362486766
38771.0,35977.0,1.002311093370696
38786.0,37269.0,1.0024766534088665
38511.0,19022.0,1.002638330174579
40542.0,38520.0,1.0041272162508939
40775.0,38645.0,1.006483383958496
40806.0,38951.0,1.002375304500483
40287.0,3246.0,1.0
40121.0,38191.0,1.000300146103539
40122.0,47821.0,1.0012463117366859
40122.0,47176.0,1.0015238638292494
40122.0,45631.0,1.0013298684038916
40235.0,32926.0,1.0
40846.0,39053.0,1.0
40846.0,4146.0,1.001523417925274
40846.0,41524.0,1.000496123513371
41053.0,41434.0,1.001181518771529
41194.0,14255.0,1.0012793922823533
40963.0,38423.0,1.0015797477826454
40963.0,13896.0,1.0015217612609388
40916.0,42653.0,1.0
40916.0,48031.0,1.0
40916.0,44941.0,1.0
39975.0,38088.0,1.0039552077715204
39774.0,42495.0,1.0012462689276547
39774.0,47395.0,1.0004122841421066
39774.0,47405.0,1.0
39774.0,37989.0,1.000851358356881
39774.0,38080.0,1.001937430259101
39774.0,41285.0,1.0
39774.0,48399.0,1.0003463408806275
39774.0,47487.0,1.0024564754167171
39774.0,47640.0,1.0000521130540303
39774.0,48245.0,1.0006352932971476
39844.0,39028.0,1.0012927887025442
39853.0,38716.0,1.0023808470233393
39853.0,47605.0,1.00025339673033
52399.0,48378.0,1.0
52399.0,45838.0,1.0009309320454665
52410.0,45249.0,1.0018203282214464
52413.0,50364.0,1.0015653093133772
52482.0,45329.0,1.002548513641898
52503.0,45353.0,1.0002428841407227
52183.0,47927.0,1.1022997109466592
52183.0,45603.0,1.101494582164723
53272.0,52134.0,1.0
53415.0,28010.0,1.0018754540236314
52703.0,45668.0,1.0029687631261033
53054.0,50728.0,1.0024814237614097
53054.0,51852.0,1.001073282863034
53054.0,51864.0,1.0014691381172116
52086.0,47505.0,1.0005046695417477
50189.0,1851.0,1.0012930790029457
50277.0,44684.0,1.0008467130066006
50315.0,44245.0,1.002555985289999
50315.0,44551.0,1.0016931498767454
50566.0,39189.0,1.0036535181486779
48453.0,40084.0,1.0011906778113926
48566.0,43742.0,1.0025861848466924
48703.0,43805.0,1.001458264644565
48813.0,22970.0,1.0030546950590362
49874.0,45993.0,1.002490764220055
50602.0,45426.0,1.0014715946755122
50794.0,43910.0,1.0018011244330205
50830.0,231.0,1.0024873253817739
50875.0,9144.0,1.001241671124329
50615.0,44525.0,1.001443901241075
50680.0,14134.0,1.0011173132618683
50765.0,44687.0,1.0028059368087623
58219.0,45878.0,1.0032457780400479
58664.0,51998.0,1.0005459104173395
58675.0,15253.0,1.0
58675.0,50551.0,1.001469721270117
58675.0,35185.0,1.0
58675.0,50500.0,1.0019777055898813
57213.0,48517.0,1.001693814161659
57213.0,28770.0,1.0016769826971261
57250.0,48530.0,1.0040770054510906
57538.0,50385.0,1.0035924876964093
57647.0,49782.0,1.001562791035278
59737.0,52232.0,1.002778863155975
59921.0,51973.0,1.001767284329633
60062.0,4996.0,1.0016043691706722
60082.0,35204.0,1.0017868250547768
60322.0,52177.0,1.0028957379826535
59625.0,3571.0,1.0016370791194888
59559.0,45808.0,1.0039925811174206
58856.0,12494.0,1.0041907168518158
59026.0,42638.0,1.0019075549685499
59131.0,42641.0,1.0023343332007444
59550.0,52058.0,1.0041624579962654
57202.0,51934.0,1.0
57202.0,52036.0,1.0010630395485618
57202.0,51910.0,1.0037779161529934
57202.0,49823.0,1.0008821689473113
57202.0,50070.0,1.0015559770567015
55457.0,48409.0,1.0009363181649298
55495.0,47475.0,1.0
55499.0,46056.0,1.0024175697782283
55499.0,46129.0,1.0018147478111974
55598.0,48409.0,1.0012320700998258
55806.0,47453.0,1.0024285022312434
55839.0,47627.0,1.0050903470645631
55215.0,47294.0,1.002567488865252
53506.0,38915.0,1.0025277596983382
53771.0,10625.0,1.0033863905441085
53859.0,46083.0,1.0005660190238475
56765.0,48204.0,1.003377137263429
56809.0,44719.0,1.0004187097245159
56885.0,10875.0,1.0028483327841227
56936.0,40347.0,1.0016769980959506
57017.0,48397.0,1.0022452528714454
57055.0,50445.0,1.0036753058964443
56104.0,47809.0,1.001717860999937
56156.0,50713.0,1.0034684620148062
56297.0,47933.0,1.003112788820843
45957.0,41945.0,1.0
46077.0,15951.0,1.0
46077.0,7334.0,1.0003055139709636
46077.0,42414.0,1.000865720631279
46077.0,43399.0,1.0007311866173847
45501.0,47873.0,1.000291576133279
45661.0,43482.0,1.0005966201517535
45719.0,44142.0,1.0042659784926
46142.0,42050.0,1.0018217776082017
46152.0,42063.0,1.0
46182.0,42268.0,1.0
46182.0,45833.0,1.000738460087404
46223.0,43917.0,1.0029696469382643
46288.0,50373.0,1.0049146296612945
46124.0,43878.0,1.0018953935002057
46093.0,45717.0,1.002349820444418
46093.0,48509.0,1.0022187255448443
44268.0,40950.0,1.00047458665614
44268.0,42733.0,1.0008930952442923
44268.0,36901.0,1.0021618629265288
44274.0,40943.0,1.0002331476496888
44609.0,41040.0,1.001073234084831
44705.0,41093.0,1.002211058095548
44206.0,42627.0,1.0009750043208985
43981.0,40716.0,1.0004760776564567
43981.0,41833.0,1.0037723432602486
44152.0,51852.0,1.0000220473100714
44152.0,42077.0,1.0
44152.0,48348.0,1.0
44155.0,40790.0,1.002289073595287
45112.0,41361.0,1.0
45121.0,46023.0,1.0023271669641172
45173.0,41361.0,1.0033270179560112
45178.0,41245.0,1.0
45281.0,44376.0,1.001403286129051
45049.0,7494.0,1.0022677830515114
44762.0,41824.0,1.0005483223936529
44787.0,18080.0,1.0025622521449151
44999.0,41271.0,1.002473290028079
45037.0,41292.0,1.0013192323384092
46320.0,40681.0,1.0025982008428767
48036.0,50732.0,1.0031627861020809
48234.0,43482.0,1.0006543444269997
48266.0,43993.0,1.0242117075130266
48266.0,52003.0,1.0239841131481373
48266.0,8407.0,1.0232970633458744
48266.0,28210.0,1.02289867067122
48266.0,34773.0,1.0236411641850276
48266.0,41559.0,1.0225586628615917
48266.0,44071.0,1.023014754416015
47435.0,51876.0,1.0
47445.0,50629.0,1.004558646477067
47189.0,6010.0,1.0004742289808513
46498.0,42436.0,1.0003172524228365
46498.0,42588.0,1.0013595644569626
46756.0,38290.0,1.0023641577259064
46385.0,41234.0,1.0000098032023994
46389.0,28696.0,1.0047367629897868
46433.0,9081.0,1.0033208579429485
46433.0,48559.0,1.0041879530084388
46435.0,19914.0,1.000492082369773
47045.0,42749.0,1.0015719092388207
47069.0,45738.0,1.0004216757367697
47018.0,37352.0,1.001360703422148
46917.0,50364.0,1.0030087195282948
46796.0,44903.0,1.0
46796.0,42630.0,1.0003015929533075
46796.0,43955.0,1.0005555660190153
46856.0,5537.0,1.0037005252705389
46867.0,10707.0,1.0029696989773846
46916.0,42660.0,1.0021474205255065
30536.0,31333.0,1.0019659150698301
30596.0,43914.0,1.0
30596.0,39276.0,1.0
30596.0,36710.0,1.0
30596.0,40687.0,1.0
30596.0,44499.0,1.0
30596.0,38696.0,1.0
30596.0,15344.0,1.0
30596.0,34403.0,1.0
30596.0,34516.0,1.0
30596.0,35234.0,1.0
30596.0,43550.0,1.0
30596.0,40936.0,1.0
30596.0,40481.0,1.0
30596.0,36658.0,1.0
30596.0,37428.0,1.0
30307.0,23395.0,1.0035923750167461
30307.0,42662.0,1.0045760201868947
30307.0,40438.0,1.0008431260517374
30350.0,50105.0,1.0
29579.0,48557.0,1.0
29579.0,7340.0,1.0
29579.0,45770.0,1.0
29579.0,41065.0,1.000666271385995
29579.0,47227.0,1.0
29579.0,41089.0,1.0019809338842873
29579.0,40156.0,1.0
29579.0,45715.0,1.0
29579.0,46056.0,1.0
29579.0,43592.0,1.0001319814597718
29579.0,50023.0,1.0
29579.0,27590.0,1.0
29579.0,43736.0,1.0
29579.0,14181.0,1.0007151144055872
29579.0,47238.0,1.0
29579.0,39752.0,1.0004313347732845
29579.0,31822.0,1.0
29579.0,47220.0,1.0000777947935935
29579.0,50092.0,1.000697367881736
29579.0,40079.0,1.0
29579.0,40113.0,1.0
29579.0,47758.0,1.0006597226608007
29579.0,51973.0,1.0006948700728444
29579.0,43910.0,1.0014265717273845
29579.0,46023.0,1.000754850063534
29579.0,45759.0,1.0
29579.0,47355.0,1.0
29579.0,43973.0,1.0
29579.0,52168.0,1.0
29579.0,50231.0,1.0
29579.0,50326.0,1.000722500973981
29579.0,50380.0,1.0
29579.0,51830.0,1.0016283465256253
29579.0,41595.0,1.0004619183058727
29579.0,41959.0,1.0
29579.0,8790.0,1.0
29579.0,39711.0,1.0
29579.0,46112.0,1.0
29579.0,47201.0,1.000401608074156
29579.0,45343.0,1.0007239515151571
29579.0,48611.0,1.0
29579.0,49655.0,1.001905712196625
29579.0,47632.0,1.0
29579.0,47681.0,1.000261008844872
29579.0,50112.0,1.0001646207094663
29579.0,41080.0,1.0
29579.0,40460.0,1.0
29579.0,39922.0,1.0
29579.0,40146.0,1.0
29579.0,40152.0,1.0
29579.0,40168.0,1.0
29579.0,40367.0,1.0
29579.0,40443.0,1.0
29579.0,43747.0,1.0
29579.0,44681.0,1.0002462998727673
29579.0,41659.0,1.0
29579.0,41741.0,1.0
29579.0,41860.0,1.0
29921.0,16568.0,1.0031404687045515
30066.0,32092.0,1.0
30092.0,30953.0,1.0
30705.0,31349.0,1.0061788548616648
31941.0,32283.0,1.0046598656854326
31982.0,26907.0,1.0011915438149184
31988.0,38533.0,1.0
31988.0,48521.0,1.0
31988.0,37230.0,1.000051085485273
31988.0,43525.0,1.0
31721.0,35390.0,1.0026584162804362
31316.0,32250.0,1.0010217356063755
31416.0,31831.0,1.0047660562891936
31570.0,19373.0,1.0008042681110267
32040.0,32358.0,1.0030170475211742
32064.0,39600.0,1.009754980676863
32064.0,38126.0,1.0115404838974429
32064.0,38386.0,1.010934953815346
32064.0,44703.0,1.0127451532084202
32064.0,45162.0,1.0108508000815104
32064.0,47815.0,1.0113396664049952
32064.0,47951.0,1.010591612003673
32064.0,51866.0,1.0138812365750884
32064.0,45321.0,1.0123418567098805
32007.0,28422.0,1.0000019962515785
31229.0,51936.0,1.1566145374174743
30819.0,42662.0,1.0006884236089015
30819.0,32326.0,1.0
30819.0,35764.0,1.0003866388214484
30819.0,42192.0,1.0
30819.0,20003.0,1.0012084794658536
30819.0,31534.0,1.0005188457793286
30819.0,41640.0,1.000374706092725
30819.0,10707.0,1.000222204429019
30819.0,32247.0,1.0002574440742444
30819.0,34714.0,1.0
30819.0,39397.0,1.0003040608621891
30819.0,2330.0,1.000594964954412
30819.0,49752.0,1.0
30819.0,44933.0,1.0
30819.0,45290.0,1.000649073790185
30819.0,48219.0,1.000158972269731
30736.0,4309.0,1.0031905049535719
30759.0,36837.0,1.000329742581464
30759.0,35955.0,1.0030407016830736
31004.0,33110.0,1.002549270433571
31004.0,34982.0,1.002590137655138
31029.0,39258.0,1.003104020410889
31124.0,31602.0,1.0020744838888436
31155.0,31665.0,1.0
31186.0,27536.0,1.0029941420282744
30909.0,31521.0,1.0037381627497484
29059.0,35576.0,1.0
28929.0,44609.0,1.001317074806916
28929.0,26784.0,1.0007743714332396
28929.0,30013.0,1.0
29073.0,50518.0,1.0
28618.0,18161.0,1.0003236523362378
28658.0,28850.0,1.00008070522792
28658.0,40844.0,1.0018347622076005
28602.0,30400.0,1.0009417137040764
29536.0,30788.0,1.0010495760415128
29536.0,30925.0,1.0020749497888224
29536.0,30759.0,1.0
29276.0,30339.0,1.0016498433364192
29398.0,37132.0,1.001684170343134
26721.0,3093.0,1.0015937938089126
26789.0,38421.0,1.001880768802617
26875.0,36557.0,1.0005086904849732
26662.0,28153.0,1.0017078825972985
27284.0,40900.0,1.0033537427183687
27366.0,28596.0,1.0007146743210715
28495.0,39800.0,1.0005927549857787
28497.0,37198.0,1.0011377645900952
28555.0,33127.0,1.000926934000086
26931.0,24044.0,1.0023757809047933
26944.0,42268.0,1.0007824600097561
27004.0,28406.0,1.0024788460107767
36893.0,35977.0,1.0035111646597443
37186.0,36196.0,1.0018996092032901
37236.0,50772.0,1.0
37236.0,39295.0,1.0
37236.0,44039.0,1.0
37236.0,44117.0,1.0
37236.0,43588.0,1.0001736452098102
37236.0,42248.0,1.0
37236.0,42053.0,1.0000877589600785
37236.0,42343.0,1.0
37236.0,40837.0,1.0002478236104575
37236.0,35054.0,1.0008359203496229
37236.0,36683.0,1.0
37236.0,42640.0,1.0
37236.0,42783.0,1.0014184613738872
37236.0,50201.0,1.0
37236.0,51821.0,1.0
37236.0,43171.0,1.0017504715268863
37236.0,47867.0,1.0004157178169417
36637.0,37632.0,1.0003704253829424
36637.0,40808.0,1.0
36637.0,45448.0,1.0
36637.0,51980.0,1.000782204210089
36637.0,42940.0,1.0015116667833293
36637.0,9418.0,1.0002308317800177
36637.0,10092.0,1.0
36823.0,38227.0,1.002252063776347
36840.0,35912.0,1.0031608186156795
36211.0,35466.0,1.0
36257.0,40712.0,1.0027522482924758
36308.0,37503.0,1.0
36308.0,39429.0,1.0005412614485087
36308.0,40098.0,1.0
36308.0,40256.0,1.001107605766864
36308.0,40383.0,1.000053333313952
36308.0,36907.0,1.0000793293069556
36308.0,37069.0,1.0006276033444201
36308.0,38818.0,1.0
36308.0,39459.0,1.0
36308.0,39967.0,1.0
36129.0,22722.0,1.0016845911600394
36129.0,35482.0,1.0016937324975406
35925.0,36178.0,1.0
35987.0,35288.0,1.0017215557440293
36411.0,38346.0,1.0034067203608596
36415.0,40567.0,1.0022767264006198
36485.0,35464.0,1.0019782052074344
37937.0,38024.0,1.0026749302335132
37939.0,43742.0,1.0
37939.0,47272.0,1.0013080690520202
37939.0,40168.0,1.0
37939.0,8761.0,1.000217282000394
37939.0,20180.0,1.000609708099097
37939.0,38300.0,1.0007138134620255
37939.0,39039.0,1.0
37766.0,38921.0,1.0
37766.0,39216.0,1.0
37766.0,47347.0,1.0
38256.0,10022.0,1.0039536339919028
38335.0,36965.0,1.003468701310952
38337.0,48409.0,1.001228755639638
38338.0,23618.0,1.0006617566323337
38251.0,40624.0,1.0024827152716362
38044.0,37198.0,1.0017681089235717
38044.0,38750.0,1.001378189789246
38063.0,36812.0,1.00244628707534
38150.0,36836.0,1.0
37591.0,37780.0,1.0
37277.0,35096.0,1.0009426067805682
37295.0,50518.0,1.001466883633901
37325.0,40191.0,1.0
37325.0,45000.0,1.00170599160578
37325.0,44056.0,1.0000633108781087
37325.0,42389.0,1.0025505353150022
37325.0,39707.0,1.0004845225734307
37325.0,40737.0,1.0005097540338048
37405.0,141.0,1.0000571431607108
37447.0,2094.0,1.0
37541.0,36461.0,1.0020925416660986
37582.0,46145.0,1.0003141923904577
37582.0,49772.0,1.002099033897793
35826.0,35171.0,1.004166985459274
32459.0,39042.0,1.0
32459.0,30860.0,1.0
32459.0,35502.0,1.0
32459.0,35506.0,1.0
32459.0,36697.0,1.0
32299.0,40925.0,1.0
32299.0,50166.0,1.0
32299.0,42086.0,1.0
32299.0,43111.0,1.0013191370418169
32299.0,43130.0,1.000598604831464
32299.0,41987.0,1.0004282475467772
32299.0,5205.0,1.0
32299.0,7449.0,1.0
32299.0,17324.0,1.001555512353006
32299.0,18871.0,1.0
32306.0,43039.0,1.0033275359563414
32630.0,41945.0,1.0007264853308624
32670.0,10327.0,1.0028727803401993
32731.0,32836.0,1.0008438756864109
32789.0,48440.0,1.000524992423998
32491.0,37566.0,1.0007045167417
32497.0,43427.0,1.0012482552569113
32214.0,32929.0,1.0042980932666905
32262.0,34433.0,1.0011532132464156
32262.0,36312.0,1.0025148217178503
32201.0,15609.0,1.0
32172.0,32509.0,1.000913438854905
32126.0,32474.0,1.0
32132.0,32384.0,1.0016044528859924
35397.0,39352.0,1.0032383759899333
35633.0,36652.0,1.0011531785910879
35123.0,23682.0,1.002501871641938
35144.0,18434.0,1.001210846190895
35319.0,16223.0,1.0
35386.0,38227.0,1.0012598854392096
35731.0,42084.0,1.0007583254272572
35731.0,37663.0,1.0004962511683666
35731.0,35317.0,1.0
35731.0,36317.0,1.0002185188360884
35017.0,44150.0,1.001421293980455
34385.0,35596.0,1.0014281434817907
34385.0,35060.0,1.0
34424.0,50182.0,1.0032569723628675
34476.0,2904.0,1.0020437990189988
34550.0,38191.0,1.0025326103859535
33169.0,40348.0,1.0009781293163136
34588.0,52258.0,1.0000608733351977
34705.0,38764.0,1.0009485488871974
34600.0,20660.0,1.001090358139353
34611.0,44098.0,1.0018669569898684
11702.0,15165.0,1.0001587654484785
11686.0,38976.0,1.000122160356447
11686.0,39032.0,1.0
11686.0,42169.0,1.0004410893915574
11686.0,38228.0,1.001224587608168
454.0,1319.0,1.000375575250981
454.0,1059.0,1.0
454.0,1118.0,1.0
454.0,1920.0,1.0
454.0,2439.0,1.0004156005632834
454.0,4580.0,1.0005503307024737
454.0,5256.0,1.0
454.0,5701.0,1.000293468170121
454.0,6466.0,1.0
454.0,6474.0,1.0014025185766169
454.0,6479.0,1.0020006312171914
454.0,6595.0,1.0008613005924065
454.0,2982.0,1.0010048963675369
454.0,3253.0,1.0
454.0,10801.0,1.0
454.0,13898.0,1.0000102847136951
454.0,10366.0,1.0005141546879266
454.0,7885.0,1.0
454.0,7912.0,1.0000484457448253
454.0,8001.0,1.0004330504565562
454.0,8380.0,1.0001048346446209
454.0,8881.0,1.0006011233187038
454.0,9220.0,1.0
454.0,9973.0,1.00030984563521
454.0,1653.0,1.0002830743988718
454.0,1805.0,1.0
454.0,2314.0,1.000306959063865
454.0,2342.0,1.0
454.0,2485.0,1.0
454.0,2495.0,1.0
454.0,1652.0,1.000377874737936
454.0,1566.0,1.0
466.0,1744.0,1.0026715382592533
482.0,6389.0,1.0
396.0,447.0,1.0010329448075876
412.0,733.0,1.0006137882293196
417.0,2938.0,1.0015102113353604
427.0,5385.0,1.0030782927930924
427.0,11035.0,1.0016854955554662
432.0,598.0,1.0004101807137145
432.0,57.0,1.0
386.0,2968.0,1.000228081877769
386.0,13606.0,1.0
386.0,1669.0,1.0
386.0,377.0,1.0
386.0,10702.0,1.001128187921183
386.0,9621.0,1.0003388799444226
386.0,6187.0,1.0
386.0,9266.0,1.0
386.0,9004.0,1.0004275603980348
386.0,2799.0,1.0
386.0,717.0,1.0
386.0,743.0,1.0008710669738312
386.0,796.0,1.0012111938296244
386.0,979.0,1.0013272598593195
386.0,4271.0,1.0012435258041852
386.0,6555.0,1.0
386.0,6562.0,1.0015730537641012
386.0,7589.0,1.0015410364068906
386.0,7722.0,1.0008391248887414
386.0,7998.0,1.0
386.0,6139.0,1.0
386.0,5881.0,1.0001382335118885
386.0,617.0,1.001206186422784
486.0,569.0,1.0
486.0,3451.0,1.0
486.0,1374.0,1.0
486.0,1438.0,1.0
486.0,2417.0,1.001341496520147
619.0,5133.0,1.0
619.0,5321.0,1.0
619.0,9030.0,1.0
619.0,10996.0,1.0
619.0,14129.0,1.0016287670375519
619.0,15052.0,1.0015945917887503
619.0,2829.0,1.0023056245845767
604.0,10974.0,1.0007874040884377
612.0,4135.0,1.0025236220297864
612.0,2314.0,1.0027625751710987
637.0,19521.0,1.0
641.0,2934.0,1.0007142371882765
646.0,13777.0,1.0023230759273725
657.0,2231.0,1.0013259175444484
657.0,2523.0,1.002458048133607
631.0,598.0,1.0007276174692672
631.0,1613.0,1.0015894924197344
631.0,2334.0,1.0007187767537364
631.0,7121.0,1.0001064302832103
627.0,4681.0,1.0022248976269685
599.0,1246.0,1.0031895620550106
496.0,2578.0,1.0001104113991155
525.0,34409.0,1.0002132377360544
525.0,45591.0,1.0006689591395286
525.0,19914.0,1.0
525.0,46107.0,1.0
553.0,40718.0,1.0
553.0,19408.0,1.001702529400814
553.0,3544.0,1.0013275467592908
530.0,575.0,1.0025588035491493
530.0,1038.0,1.0008915656429442
530.0,1508.0,1.002095744119844
549.0,3748.0,1.0015042289489784
212.0,1499.0,1.0
212.0,944.0,1.0001433716531452
238.0,2667.0,1.0
238.0,5993.0,1.0
238.0,6035.0,1.00018135505022
238.0,9045.0,1.0
246.0,2150.0,1.0026080055867028
249.0,1311.0,1.0
249.0,4574.0,1.0001889307447878
249.0,6828.0,1.0026514631532548
263.0,1384.0,1.001065193960854
263.0,546.0,1.0017783454984395
263.0,51878.0,1.0
263.0,3316.0,1.1491648282310118
263.0,7739.0,1.001444546776276
196.0,10041.0,1.0006054750249835
196.0,17047.0,1.0000664316558554
196.0,24100.0,1.0
196.0,31338.0,1.0005100269470102
196.0,34902.0,1.0
196.0,51841.0,1.0005178162089954
196.0,136.0,1.0017118120216462
196.0,23667.0,1.000605667951519
196.0,6218.0,1.000316546302162
196.0,6647.0,1.0
196.0,9792.0,1.0
196.0,12463.0,1.0007923304015829
196.0,4265.0,1.000780969663988
196.0,504.0,1.0010545910039415
196.0,2322.0,1.0
196.0,2458.0,1.0
273.0,4165.0,1.0
279.0,6386.0,1.0021808015524023
293.0,136.0,1.00452115585803
294.0,1244.0,1.0013683860803189
300.0,4156.0,1.0008725571669266
188.0,453.0,1.0005618015064826
188.0,1039.0,1.0
188.0,88.0,1.0008561003679612
190.0,460.0,1.0001698410732833
165.0,27056.0,1.000833534564414
165.0,32622.0,1.0004241457030354
165.0,44903.0,1.0
165.0,40602.0,1.0
165.0,36609.0,1.0
165.0,8905.0,1.0
165.0,20318.0,1.0000050222018593
165.0,37554.0,1.0001123131154923
165.0,8017.0,1.0012045177132687
165.0,48523.0,1.0002915189491068
165.0,50037.0,1.0
165.0,50511.0,1.0
165.0,4740.0,1.1111407880317925
165.0,10555.0,1.0
165.0,16194.0,1.0000817983266292
165.0,17684.0,1.0
165.0,19693.0,1.0017110527645015
165.0,20621.0,1.0
165.0,27877.0,1.000090042845816
165.0,37967.0,1.0003393502056313
165.0,43189.0,1.0
165.0,28560.0,1.0
165.0,30868.0,1.0
165.0,31078.0,1.0005513596374414
165.0,31103.0,1.0008111957294465
165.0,32023.0,1.0017751442876472
165.0,32808.0,1.001088425234803
165.0,4139.0,1.0
165.0,8472.0,1.0003829923849914
165.0,8936.0,1.0011317652462124
165.0,6375.0,1.001172451258094
185.0,361.0,1.0010409761034746
187.0,399.0,1.0015431657401521
342.0,450.0,1.0027531034461366
342.0,1783.0,1.0018004180853728
342.0,16104.0,1.0
349.0,570.0,1.001703826284016
349.0,7060.0,1.0
349.0,7285.0,1.0034969427132603
349.0,7454.0,1.0025389136216685
373.0,981.0,1.0020386435617332
374.0,4124.0,1.0
374.0,5575.0,1.0002750535788594
374.0,8902.0,1.0
374.0,10619.0,1.0008412372000133
374.0,5519.0,1.0
374.0,3411.0,1.0
374.0,3798.0,1.0003502992828506
374.0,4081.0,1.0004333837956072
374.0,4133.0,1.0
334.0,1852.0,1.0002861520115425
328.0,1624.0,1.1353457893611407
328.0,1384.0,1.0013624696984633
328.0,1255.0,1.0011386333968249
328.0,3364.0,1.0
661.0,2644.0,1.0006409714140307
661.0,2203.0,1.001217222510712
1081.0,1569.0,1.0
1094.0,4561.0,1.0
1110.0,1444.0,1.0032999984919295
1110.0,1338.0,1.0032443309112922
1110.0,1417.0,1.0033827000435611
1111.0,38770.0,1.0011146675777463
1073.0,8329.0,1.0010984313192997
1063.0,5415.0,1.0
1063.0,4890.0,1.0003803738145443
1063.0,2047.0,1.0016182807909084
1132.0,16414.0,1.002079107835735
1183.0,3049.0,1.0
1183.0,6271.0,1.0009674567968005
1183.0,3082.0,1.0
1183.0,2021.0,1.0000818302388923
1183.0,2167.0,1.0
1205.0,1829.0,1.0015595419277308
1134.0,7648.0,1.001046543651182
1150.0,34687.0,1.003418061871504
1044.0,36304.0,1.0
1044.0,38907.0,1.0
1044.0,25217.0,1.0000245699801724
1044.0,36158.0,1.0013382403156708
1044.0,42364.0,1.000650575107821
1044.0,38802.0,1.0
1044.0,36457.0,1.000907905845033
1044.0,5514.0,1.0000837848177668
1044.0,1499.0,1.0
1044.0,3364.0,1.0
1044.0,1392.0,1.0006864723006683
1044.0,30874.0,1.0
1044.0,36482.0,1.0003696731405534
1044.0,14533.0,1.0016373436849364
1044.0,14569.0,1.0
1044.0,14832.0,1.0
1044.0,22864.0,1.0
1044.0,23374.0,1.0
1044.0,2802.0,1.0024563312374157
1044.0,3327.0,1.0
1044.0,5499.0,1.0
1044.0,6438.0,1.0011017023682425
1044.0,6633.0,1.0
1044.0,7055.0,1.0004651274991936
1044.0,3691.0,1.0002652747383884
1061.0,2199.0,1.0021808553903429
1061.0,2241.0,1.0
1061.0,4639.0,1.0028004557384707
1049.0,1449.0,1.0005211383292971
1049.0,43894.0,1.0008998587541866
1208.0,2311.0,1.0
1580.0,4724.0,1.0010708189805027
1580.0,23537.0,1.0030110174540834
1618.0,1976.0,1.000324968135468
1624.0,1059.0,1.0010285341106628
1626.0,4508.0,1.0
1626.0,2867.0,1.0
1403.0,7188.0,1.0
1408.0,15005.0,1.0023157369427498
1409.0,301.0,1.0005680803403456
1409.0,1670.0,1.000737525143892
1398.0,3506.0,1.0001847287969199
1398.0,2117.0,1.0001471297281637
1398.0,2175.0,1.000519311492473
1398.0,2910.0,1.0021084495157095
1690.0,5849.0,1.0
1690.0,4203.0,1.0004307324900492
1690.0,4692.0,1.00085071987151
1703.0,2211.0,1.0027944190505864
1708.0,2167.0,1.0039904546593996
1735.0,2064.0,1.0
1735.0,4098.0,1.0
1735.0,6381.0,1.0
1679.0,1896.0,1.0038758412259376
1337.0,2938.0,1.0011867532068246
1337.0,22534.0,1.0005184463452055
1337.0,2330.0,1.000756509281429
1337.0,1825.0,1.00006721204932
1337.0,4607.0,1.0023295973265254
1305.0,8370.0,1.0
1305.0,7407.0,1.0005223540189596
1283.0,6921.0,1.0020521421956452
1299.0,23317.0,1.0030007617962273
1299.0,40922.0,1.0018635077117695
1300.0,5141.0,1.0
1343.0,2039.0,1.0013272566373583
1343.0,2350.0,1.0
1343.0,2104.0,1.0002529702310066
1343.0,2236.0,1.0
1343.0,1745.0,1.0011599743095159
914.0,2001.0,1.0007691617452164
914.0,18812.0,1.0017999537382982
878.0,3433.0,1.0015180180686172
880.0,890.0,1.0003517659352996
949.0,45631.0,1.000923046349842
949.0,9727.0,1.0
949.0,35751.0,1.0008482840242512
949.0,2150.0,1.0014829058915935
949.0,5459.0,1.0
949.0,1895.0,1.000653231418268
949.0,2304.0,1.0
949.0,3188.0,1.000459948245377
949.0,8920.0,1.0013407639575151
949.0,9420.0,1.0
949.0,10710.0,1.0
949.0,10932.0,1.0000336457958896
949.0,12472.0,1.0
949.0,18767.0,1.001213676119644
949.0,6489.0,1.0
949.0,7239.0,1.0
949.0,7327.0,1.0
949.0,20251.0,1.0
949.0,47914.0,1.0023145112455505
949.0,43132.0,1.0005665615998987
949.0,22825.0,1.0001059362397744
949.0,34756.0,1.0
949.0,39180.0,1.0032298179260517
949.0,39845.0,1.000311726828243
919.0,4549.0,1.004778577585083
919.0,5300.0,1.0016153858491246
922.0,1266.0,1.0
929.0,1164.0,1.0004700903189776
932.0,9604.0,1.0025218711376047
867.0,4873.0,1.0
867.0,2103.0,1.0
867.0,5026.0,1.0009911482685492
867.0,5155.0,1.0013021471246821
867.0,5159.0,1.0006938894312014
710.0,1169.0,1.0019720305049051
742.0,2458.0,1.0
782.0,5537.0,1.0011106059795396
782.0,7896.0,1.0
782.0,9409.0,1.0010871554606162
800.0,1508.0,1.0007885216803383
800.0,1074.0,1.0
805.0,40639.0,1.0013653805756209
805.0,44376.0,1.0018339677130237
683.0,141.0,1.0010454626849472
669.0,3274.0,1.0015181598451093
681.0,1243.0,1.0013304715084228
826.0,3515.0,1.0008940790994483
826.0,19662.0,1.0013761068387659
826.0,1800.0,1.0016947027427736
860.0,1118.0,1.0012396676991293
810.0,1825.0,1.0011553768246049
824.0,14766.0,1.0
1039.0,15728.0,1.0
1039.0,2621.0,1.0
1039.0,3327.0,1.0
1039.0,3360.0,1.0003355764555364
1039.0,7527.0,1.0014138763685068
1011.0,4707.0,1.0021559693397937
971.0,2167.0,1.001742244233584
982.0,19786.0,1.0033648111100082
1007.0,3665.0,1.002918650505816
23.0,6805.0,1.0
23.0,34322.0,1.0003185844830482
23.0,28589.0,1.0
23.0,41787.0,1.0012024037770682
23.0,14178.0,1.0008570375237122
23.0,35927.0,1.0
23.0,36310.0,1.0
23.0,42363.0,1.0005746169360095
23.0,4159.0,1.0
23.0,19593.0,1.0000256046918696
23.0,10977.0,1.0
23.0,18700.0,1.0000479709240682
23.0,4873.0,1.0
23.0,43441.0,1.0014163056770151
23.0,3486.0,1.001524442564625
23.0,39918.0,1.000096428402363
23.0,42534.0,1.0
23.0,44984.0,1.0000091499939965
23.0,42724.0,1.0002235087451246
23.0,31526.0,1.0
23.0,50401.0,1.0
23.0,47488.0,1.0001177255206557
23.0,47551.0,1.0
23.0,40288.0,1.0009202857204365
23.0,9661.0,1.0004928738559542
23.0,475.0,1.000007414519999
23.0,2150.0,1.0011773323830373
23.0,7904.0,1.0014019280952093
23.0,19447.0,1.0006999386544533
23.0,7035.0,1.0005107789887115
23.0,5575.0,1.0
23.0,4192.0,1.0
23.0,4607.0,1.001970427649798
23.0,2802.0,1.0022256078213536
23.0,19786.0,1.0006647196852068
23.0,26799.0,1.0011685202336404
23.0,27442.0,1.0020601249401995
23.0,27574.0,1.0011709448738884
23.0,27717.0,1.00007369292237
23.0,27675.0,1.0011070616992714
23.0,22234.0,1.0014588142152423
23.0,23142.0,1.0
23.0,23848.0,1.0008688132906762
23.0,23913.0,1.0006702260864422
23.0,35779.0,1.0
23.0,31862.0,1.0007694499135469
23.0,28844.0,1.0003198473753254
23.0,30337.0,1.0000525523492991
23.0,31084.0,1.0
23.0,31848.0,1.0
23.0,15314.0,1.0027300556595862
23.0,15734.0,1.0
23.0,15903.0,1.0
23.0,15911.0,1.0012409108543692
23.0,15928.0,1.0024532713095164
23.0,16007.0,1.000629028369574
23.0,14097.0,1.0005299367638272
23.0,14107.0,1.0
23.0,14280.0,1.0
23.0,14325.0,1.0009689221851936
23.0,14367.0,1.0
23.0,14381.0,1.0
23.0,35981.0,1.0012804851334223
23.0,19236.0,1.0
23.0,19924.0,1.0
23.0,20255.0,1.0003761708416419
23.0,16270.0,1.001081478576462
23.0,17932.0,1.0002365678583758
23.0,18489.0,1.0004475941528188
23.0,18543.0,1.001641970977418
23.0,18916.0,1.0
23.0,47786.0,1.0
23.0,49702.0,1.001803700189208
23.0,49771.0,1.0016620084627181
23.0,50040.0,1.0
23.0,4448.0,1.0
23.0,47675.0,1.0012322877889452
23.0,39717.0,1.0017219106442916
23.0,39980.0,1.0008241867393008
23.0,42489.0,1.00049064162993
23.0,44884.0,1.0
23.0,44800.0,1.0011240110693862
23.0,44592.0,1.0008022928968023
23.0,42920.0,1.0
23.0,43087.0,1.0006206988708441
23.0,2694.0,1.0013737943054168
23.0,3465.0,1.00010998530788
23.0,3542.0,1.001664801191089
23.0,2402.0,1.0005334035311382
23.0,4787.0,1.0
23.0,4978.0,1.0
23.0,5238.0,1.0011231224469268
23.0,4582.0,1.0
23.0,4566.0,1.0011747734478371
23.0,4502.0,1.001903200635246
23.0,5343.0,1.000839259204341
23.0,9504.0,1.001288502416135
23.0,9981.0,1.0009996533354786
23.0,8471.0,1.0013782321703117
23.0,8493.0,1.0000115011656798
23.0,8501.0,1.0006235379637036
23.0,8614.0,1.000204536013292
23.0,8686.0,1.0
23.0,10038.0,1.0023456062611185
23.0,10915.0,1.000178269668273
23.0,11054.0,1.0004092143382588
23.0,12507.0,1.0001490668015973
23.0,13900.0,1.0
23.0,13915.0,1.0014035796312724
23.0,10080.0,1.0003469851810616
23.0,10154.0,1.0013003403652763
23.0,10211.0,1.0002764672967914
23.0,10435.0,1.0
23.0,8217.0,1.0004970482168762
23.0,6493.0,1.0
23.0,6553.0,1.0000698859185977
23.0,6561.0,1.0006104378750758
23.0,6643.0,1.0002490819785046
23.0,6648.0,1.0008306546321013
23.0,6723.0,1.000894820492625
23.0,6745.0,1.0007692392652254
23.0,6769.0,1.0
23.0,6847.0,1.0
23.0,5711.0,1.0
23.0,5912.0,1.0
23.0,6024.0,1.0000414066670995
23.0,6208.0,1.0008882292022625
23.0,6275.0,1.0
23.0,7857.0,1.0
23.0,7044.0,1.0
23.0,7092.0,1.0
23.0,2693.0,1.0021035538741727
24.0,18.0,1.0454360939626097
24.0,1678.0,1.0460466209833703
24.0,956.0,1.0449435313259299
24.0,5373.0,1.0455867689953922
24.0,643.0,1.0459648189158703
34.0,4398.0,1.0019240482244918
34.0,475.0,1.0006338096260197
34.0,1255.0,1.0012693276434832
34.0,32.0,1.0
34.0,950.0,1.0003033695454702
34.0,12.0,1.0
34.0,210.0,1.0009431903999653
34.0,297.0,1.0004474269345507
34.0,514.0,1.0018014010492617
34.0,1540.0,1.00041348391397
35.0,9830.0,1.0019118841744974
35.0,17313.0,1.0010520984611146
35.0,18392.0,1.0
15.0,361.0,1.003310747324432
11.0,6377.0,1.0023602578063227
5.0,50205.0,1.00062595076722
5.0,6664.0,1.0002120167260053
5.0,44947.0,1.0025232932045693
5.0,40107.0,1.0
5.0,231.0,1.0002616380190834
5.0,2667.0,1.0
5.0,256.0,1.0008906683208034
5.0,1700.0,1.000481597119869
5.0,1355.0,1.0000457636593854
5.0,1276.0,1.0
5.0,6095.0,1.0006133908076231
5.0,278.0,1.0006274980702345
5.0,2922.0,1.0
5.0,434.0,1.0006545493278896
5.0,218.0,1.0016515587246142
5.0,14110.0,1.001234890748012
5.0,14988.0,1.0
5.0,15819.0,1.0011869391889576
5.0,19151.0,1.0010827572689098
10.0,3748.0,1.00330146010877
10.0,262.0,1.0044393892954813
104.0,2761.0,1.0180905502942896
104.0,30796.0,1.01618947245377
104.0,3506.0,1.0174613422850352
104.0,18420.0,1.0177853944576738
104.0,2069.0,1.0188108279782806
104.0,2262.0,1.0188393411670678
104.0,23060.0,1.0176659613136234
104.0,40348.0,1.0169612450597707
104.0,30862.0,1.0202823301753836
104.0,30907.0,1.0192794856404517
104.0,32028.0,1.019714796080234
104.0,33114.0,1.0188292807902235
104.0,36421.0,1.019361877817937
104.0,16213.0,1.0193759637284907
104.0,20698.0,1.0196360565005649
104.0,26574.0,1.0079854370157832
104.0,27364.0,1.0192133697681087
104.0,38657.0,1.0193173457819136
104.0,39432.0,1.019480528671366
104.0,10574.0,1.0187852309296808
104.0,41779.0,1.019618008313002
123.0,487.0,1.0
123.0,535.0,1.001005994261167
123.0,243.0,1.0011760091417439
141.0,227.0,1.0016051113780262
143.0,1801.0,1.0
143.0,2975.0,1.0
143.0,32025.0,1.0
143.0,35263.0,1.0
114.0,260.0,1.0000976505660448
106.0,41274.0,1.000069112667684
110.0,100.0,1.0
113.0,1091.0,1.0016828289473836
96.0,10606.0,1.0
96.0,34322.0,1.0036078218711795
96.0,154.0,1.0036544012444015
96.0,9193.0,1.0038844905526108
96.0,7450.0,1.0033181618223865
96.0,36064.0,1.0031525459656432
96.0,956.0,1.002651020405705
96.0,2587.0,1.0025100615111704
96.0,2417.0,1.0043289395147086
96.0,2540.0,1.0030184003407319
96.0,34756.0,1.0
96.0,262.0,1.004478413068902
96.0,25173.0,1.0013667252612142
96.0,28536.0,1.003963615142826
96.0,39742.0,1.0041409526335947
96.0,2466.0,1.0032324258511303
96.0,138.0,1.0025911066845685
96.0,8490.0,1.0040295717129792
96.0,8807.0,1.001101206580666
96.0,9149.0,1.0048882986803631
96.0,8286.0,1.0043340580539948
96.0,7315.0,1.0034747895617202
96.0,7413.0,1.0040912965166102
96.0,7489.0,1.0034866757108667
96.0,7272.0,1.0035564813997333
96.0,19177.0,1.0036784875636793
96.0,19312.0,1.0040888032380333
96.0,19395.0,1.0040457676417978
96.0,13772.0,1.002454738423731
96.0,18415.0,1.0045904480748007
96.0,1782.0,1.0030858285344015
96.0,1960.0,1.003070224565606
96.0,1994.0,1.0032272242895421
96.0,552.0,1.003275673340478
96.0,6016.0,1.0024944025587426
96.0,6325.0,1.0034619865112293
96.0,2612.0,1.003053486373837
96.0,2629.0,1.002539152398435
96.0,2649.0,1.0025704141132632
96.0,5283.0,1.0024682643346035
100.0,250.0,1.0
100.0,269.0,1.0010171810916093
100.0,303.0,1.0000862393131769
100.0,3345.0,1.0006437314895993
100.0,225.0,1.000948353692397
98.0,57.0,1.0
155.0,8067.0,1.0008319479138652
80.0,4886.0,1.0005265683562725
80.0,101.0,1.0
80.0,5366.0,1.001583959359985
80.0,2243.0,1.0
80.0,3612.0,1.0
82.0,41.0,1.0
82.0,453.0,1.0003193908801342
82.0,3635.0,1.000483390518932
82.0,2839.0,1.0012401981975652
82.0,1101.0,1.0004168706262275
82.0,1604.0,1.0010021173020112
82.0,1746.0,1.0
82.0,2178.0,1.001191520835925
82.0,6355.0,1.0
82.0,5323.0,1.0
83.0,74.0,1.0
83.0,377.0,1.0
83.0,100.0,1.0
83.0,275.0,1.0007502570488103
83.0,23896.0,1.0
85.0,68.0,1.0020710668430688
90.0,570.0,1.0021086223871702
79.0,15336.0,1.000045298714968
79.0,15886.0,1.0008662825417465
79.0,162.0,1.0003662131242756
79.0,4630.0,1.0014156307614528
79.0,5021.0,1.0005700846621282
79.0,8929.0,1.0012289419138842
39.0,1238.0,1.0
39.0,1366.0,1.0000127469552873
39.0,6001.0,1.0002208370420291
43.0,2862.0,1.0011920102797984
45.0,369.0,1.0
45.0,297.0,1.000361025896321
45.0,4840.0,1.0
45.0,7783.0,1.001900951154702
45.0,7953.0,1.002337600705649
78.0,315.0,1.0011871964858958
64.0,22529.0,1.0
64.0,1976.0,1.0
64.0,156.0,1.0004677892497102
64.0,6888.0,1.0011277549324766
48.0,59.0,1.0015417076807114
49.0,976.0,1.0016077686734217
49.0,30094.0,1.0020730826265094
6656.0,18173.0,1.0162018584229293
6656.0,19974.0,1.0172998460599498
6656.0,10625.0,1.0171263907839947
6656.0,9377.0,1.0169126598093639
6656.0,8157.0,1.0159187843004687
6656.0,22002.0,1.0102993771882074
6656.0,8699.0,1.015415035785415
6656.0,9466.0,1.014630918399553
6656.0,8377.0,1.016938275830341
6656.0,11071.0,1.0154442091498674
6656.0,19281.0,1.0144787509710582
6656.0,23404.0,1.0167872531267224
6656.0,19027.0,1.017476296999716
6656.0,18732.0,1.014739668275204
6656.0,16369.0,1.0141290569556627
6656.0,16400.0,1.0159304240796603
6629.0,27223.0,1.0011665716470672
6629.0,9920.0,1.0
6629.0,15745.0,1.000371902043153
6629.0,16829.0,1.00033619387568
6629.0,22395.0,1.0000900689124688
6629.0,17519.0,1.0
6629.0,21907.0,1.0
6629.0,20115.0,1.0
6629.0,18338.0,1.0
6629.0,2141.0,1.0
6629.0,26730.0,1.0
6629.0,30975.0,1.0
6629.0,44348.0,1.0020503375085965
6629.0,17483.0,1.000344416129607
6629.0,17966.0,1.0
6652.0,10469.0,1.00219744661494
6444.0,20880.0,1.0025051098917408
6507.0,43193.0,1.0
6533.0,9029.0,1.0
6933.0,14232.0,1.0
6933.0,9099.0,1.0
6933.0,2168.0,1.001061367910546
6933.0,10566.0,1.001492307135632
6956.0,20073.0,1.003451644713799
7000.0,9184.0,1.0018197843388925
7040.0,4771.0,1.0005527317979659
7052.0,6191.0,1.0025052762520472
6862.0,9019.0,1.034314204504469
6862.0,10768.0,1.0369212923629187
6876.0,2600.0,1.0011830321640585
6876.0,9019.0,1.0
6876.0,9704.0,1.0031057535395065
7188.0,10906.0,1.0
7188.0,19577.0,1.0
7188.0,15768.0,1.0008222722134439
7188.0,10462.0,1.0
7189.0,4456.0,1.001159520394364
7202.0,14028.0,1.0031231596431684
7202.0,14848.0,1.0039961706123175
7211.0,9543.0,1.002265953212913
7280.0,8731.0,1.0
7280.0,23213.0,1.0
7152.0,44245.0,1.0028838459142453
7164.0,10049.0,1.0013792513331072
6710.0,37081.0,1.0
6710.0,20502.0,1.0010407877096104
6710.0,36162.0,1.0
6710.0,47679.0,1.0
6673.0,9220.0,1.0006875605105543
6815.0,9971.0,1.000099408120172
6844.0,47906.0,1.0011852104875596
6844.0,15416.0,1.0020909069869144
6794.0,8933.0,1.0009975599156298
6397.0,18566.0,1.0005556339349897
5337.0,18329.0,1.0
5337.0,43742.0,1.0
5337.0,38351.0,1.002704362441463
5337.0,2215.0,1.0005975014123498
5337.0,13612.0,1.0016315849007227
5337.0,19126.0,1.0
5337.0,34813.0,1.0013315042875566
5326.0,10410.0,1.0025574792871053
5186.0,28403.0,1.0014200298588005
5186.0,8682.0,1.001570598722391
5272.0,3420.0,1.0054981494601671
5278.0,25316.0,1.0026712692651767
5510.0,23814.0,1.0035859595493561
5580.0,3371.0,1.001060028551192
5617.0,7353.0,1.0
5686.0,7486.0,1.001840478614632
5696.0,8049.0,1.0
5487.0,10680.0,1.0
5487.0,17547.0,1.0007844029337334
5487.0,37960.0,1.0
5388.0,7093.0,1.0024518884158873
5422.0,7882.0,1.0012739062125824
5462.0,7160.0,1.001244972000327
5120.0,8615.0,1.001901010554061
5121.0,6704.0,1.0015807453415997
5125.0,50642.0,1.0
5125.0,49979.0,1.0
5139.0,5268.0,1.00129798620992
5142.0,12276.0,1.002058787265594
5079.0,16175.0,1.0020089537501027
5079.0,26478.0,1.0009790604877093
5079.0,34972.0,1.0008466960274327
5167.0,49932.0,1.0
5167.0,35318.0,1.0005805584873444
5167.0,35904.0,1.0
5167.0,9884.0,1.0011343568477888
5167.0,27103.0,1.0
5167.0,32252.0,1.0008796633691195
6236.0,17775.0,1.001463210366057
6254.0,49708.0,1.001812989105992
6254.0,18668.0,1.0023748558396148
6256.0,8650.0,1.0021058123130684
6263.0,16665.0,1.0
6268.0,8057.0,1.001335845608149
6272.0,2112.0,1.0000781859820274
6272.0,399.0,1.0000026870147793
6308.0,41647.0,1.0
6308.0,22709.0,1.0
6308.0,48351.0,1.0
6308.0,37922.0,1.0000244552221655
6308.0,38637.0,1.000287536133925
6308.0,41004.0,1.0007967485960705
6321.0,6839.0,1.0019490361634709
6285.0,8146.0,1.0009367968867322
5844.0,36638.0,1.0004119046944748
5850.0,7680.0,1.0034816954985326
5877.0,10204.0,1.0015217879773417
5885.0,7931.0,1.0
5898.0,7668.0,1.0030245652472523
5961.0,14772.0,1.0011054822383478
5961.0,18381.0,1.0012283056981124
5973.0,8056.0,1.0009701368683965
5973.0,9759.0,1.0016963269173047
5827.0,23136.0,1.002055868530964
5811.0,7666.0,1.0022162362288916
5730.0,41636.0,1.0038399959589486
5775.0,7267.0,1.00061446182989
5775.0,9502.0,1.0009379293391818
5775.0,9554.0,1.002670820181792
5775.0,13801.0,1.0
6181.0,8516.0,1.0012808543255851
6185.0,5332.0,1.0010888296570466
6190.0,8055.0,1.0007298281316566
6228.0,17481.0,1.0012336375523343
6042.0,7589.0,1.0020467192270337
5027.0,20700.0,1.0029142586293374
5027.0,23145.0,1.0039649317117305
9094.0,51914.0,1.0008035840485734
9113.0,12472.0,1.0017842506849992
10208.0,13581.0,1.0
10232.0,548.0,1.0024521487991866
10240.0,13578.0,1.0027910334167343
8980.0,8757.0,1.0013146016895085
8980.0,13814.0,1.001086283091158
9039.0,37119.0,1.0021481420507115
9085.0,12469.0,1.0003650949786187
10622.0,14524.0,1.0015255215786785
10630.0,9938.0,1.0010530309125318
10611.0,18727.0,1.0010705354275857
10516.0,11249.0,1.002302818923147
10570.0,13907.0,1.0004282026606308
8755.0,12438.0,1.0
8755.0,22815.0,1.0
8755.0,14263.0,1.0
8755.0,28122.0,1.0001596852862318
8755.0,15483.0,1.0
8755.0,14280.0,1.0
8755.0,7353.0,1.0
8755.0,16228.0,1.0
8755.0,14680.0,1.0
8755.0,32613.0,1.000298651834785
8755.0,20211.0,1.000969333011883
8755.0,23304.0,1.0005013952342183
8755.0,26841.0,1.001417526569941
8755.0,13874.0,1.0005275917703926
8755.0,14343.0,1.0013338815553228
8755.0,14454.0,1.0
8755.0,11207.0,1.0002383806379047
8755.0,13785.0,1.0007503836302258
8755.0,13807.0,1.0019799086435301
8755.0,14026.0,1.0008803390626024
8755.0,17189.0,1.0003184078692566
8755.0,17392.0,1.000262858837304
8755.0,18660.0,1.0006155328950619
8755.0,11075.0,1.0001908124980905
8858.0,11187.0,1.0026148640578225
8865.0,40096.0,1.0
8865.0,46056.0,1.0
8865.0,39295.0,1.0002316113433443
8865.0,18338.0,1.0
8865.0,39830.0,1.0001360722420054
8883.0,49721.0,1.0
8930.0,19994.0,1.0015995506306057
11387.0,19092.0,1.0
11387.0,28376.0,1.001060232224637
11400.0,11187.0,1.001066928421874
11430.0,15086.0,1.000725897107754
11430.0,16265.0,1.0006918912458007
11374.0,14881.0,1.0014483836772645
11209.0,30469.0,1.000579863004201
11209.0,641.0,1.000035156279558
11209.0,22544.0,1.0
11209.0,38909.0,1.0
11209.0,15167.0,1.0021949468441116
11209.0,16010.0,1.0
11209.0,18246.0,1.0006087579354361
11209.0,14639.0,1.000532700164843
11209.0,6577.0,1.0
11313.0,14837.0,1.0018595209621417
11384.0,3737.0,1.002163203937027
11643.0,1059.0,1.0001315235602353
11643.0,40967.0,1.0022460949073215
11643.0,31908.0,1.0
11657.0,7341.0,1.0020237266849659
11515.0,1586.0,1.0003996091618195
11551.0,14983.0,1.002590363857367
11577.0,15055.0,1.0017852733327706
11591.0,41240.0,1.0013582177270428
11616.0,50551.0,1.002498132227536
10784.0,9228.0,1.0020128069623198
10966.0,23750.0,1.002142378378459
10996.0,9316.0,1.0
10996.0,17229.0,1.0
11077.0,14562.0,1.002195446296028
11084.0,907.0,1.0017574549454098
11089.0,14301.0,1.0049922409518095
11136.0,10540.0,1.00149922518982
11147.0,14645.0,1.0024506811880316
11169.0,6686.0,1.0011951641703003
8163.0,10909.0,1.0
8163.0,2282.0,1.0006374885039995
8163.0,10737.0,1.0005335395970454
8163.0,3465.0,1.0010296962714724
8188.0,17446.0,1.0
8188.0,34220.0,1.0
8188.0,15235.0,1.0005794158449908
8188.0,14983.0,1.0
8188.0,19212.0,1.0011220749874232
8188.0,23877.0,1.0
8081.0,22173.0,1.0036491447231888
8076.0,7531.0,1.0009270455729262
7922.0,8630.0,1.0012608913715637
7927.0,8630.0,1.0003421102227272
7992.0,10274.0,1.0
7998.0,14958.0,1.0025116231858073
7998.0,15838.0,1.000321349791725
7998.0,18012.0,1.0017159211781659
8014.0,2.0,1.0003561524037239
8040.0,10302.0,1.0024665295510553
8256.0,48201.0,1.0048672132785983
8380.0,15034.0,1.0008521199887552
8380.0,7011.0,1.0
8380.0,10692.0,1.0
8211.0,10408.0,1.0
8192.0,36965.0,1.0026980859974184
8192.0,36480.0,1.0018748252921845
7450.0,10159.0,1.0018679154311423
7450.0,6166.0,1.0004112866009862
7496.0,9849.0,1.0
7505.0,4290.0,1.003296472944697
7550.0,9832.0,1.0037616304001418
7569.0,9981.0,1.0019770270369492
7569.0,10425.0,1.0005535376675538
7569.0,12491.0,1.0010577660146154
7569.0,16416.0,1.0016109338244477
7395.0,9788.0,1.0
7395.0,10003.0,1.002164918310385
7302.0,9585.0,1.0047970164445068
7329.0,9139.0,1.004625919819647
7336.0,805.0,1.0006276554040574
7336.0,8373.0,1.0019285439095071
7336.0,9609.0,1.0012247169698918
7387.0,18950.0,1.0000984297703608
7387.0,9422.0,1.0013143378522735
7387.0,19211.0,1.0005418913331947
7772.0,9956.0,1.0045123581997388
7646.0,15351.0,1.0035602867242817
7654.0,402.0,1.0011443743950614
7654.0,23479.0,1.0010415977545981
8436.0,50094.0,1.0
8436.0,11255.0,1.0001880848976854
8436.0,17655.0,1.0014181342431332
8497.0,11024.0,1.001388609357057
8385.0,7083.0,1.0002710084274644
8691.0,19830.0,1.0020747661301512
8691.0,13652.0,1.0
8691.0,14247.0,1.0003993526759198
8691.0,13972.0,1.0
8725.0,8420.0,1.0027292617634056
8532.0,17057.0,1.0019840858280809
8532.0,2215.0,1.0019004371980305
8532.0,15361.0,1.0016583936997987
8690.0,11034.0,1.0016699393244648
8690.0,14540.0,1.0003215626178774
5005.0,8771.0,1.0025424368922677
2703.0,1456.0,1.007787795276789
2703.0,17811.0,1.0170303631076167
2703.0,36178.0,1.0157373347327017
2703.0,16742.0,1.0167764998223374
2703.0,16920.0,1.0159267706799995
2703.0,6572.0,1.0158060646680536
2703.0,16414.0,1.0173109314870534
2703.0,17451.0,1.0171528966142946
2703.0,10301.0,1.016984861357399
2703.0,22809.0,1.0157978741523392
2703.0,26627.0,1.0164558097470224
2703.0,41562.0,1.0167680110142145
2703.0,38520.0,1.0174951476585539
2703.0,27329.0,1.0161478994796516
2703.0,4320.0,1.0177872073089724
2703.0,3616.0,1.0170646173812077
2703.0,17723.0,1.0169431375102098
2703.0,4421.0,1.0168943137871262
2703.0,4796.0,1.0170747860132299
2703.0,23877.0,1.0153310764407757
2703.0,14984.0,1.0170162209883278
2703.0,18708.0,1.0171192016314174
2703.0,18824.0,1.0183442877159765
2703.0,18833.0,1.0171156310367193
2703.0,22015.0,1.016040161889215
2703.0,18280.0,1.0178160649119457
2703.0,17572.0,1.016850055541785
2703.0,17610.0,1.016159304259917
2703.0,18004.0,1.017785859497936
2703.0,18199.0,1.0165519811953645
2703.0,23731.0,1.0169938606547617
2703.0,24005.0,1.0142624506646751
2703.0,24050.0,1.0159989119193742
2703.0,22862.0,1.0168113785933404
2703.0,23083.0,1.0156520640600761
2703.0,23108.0,1.017229703870904
2703.0,23216.0,1.0163365629106573
2703.0,23326.0,1.01491120337583
2703.0,23358.0,1.0175035682556872
2703.0,17501.0,1.015819336635312
2703.0,17461.0,1.0164361534353281
2703.0,3201.0,1.0165223788231783
2703.0,12513.0,1.0170768494943805
2703.0,14626.0,1.017475447045649
2703.0,15252.0,1.0191293043373215
2703.0,4434.0,1.0170477453642839
2703.0,8306.0,1.0179984786372405
2703.0,35364.0,1.0170663233369701
2703.0,26724.0,1.0174541148091432
2703.0,26968.0,1.0172049992195766
2703.0,17881.0,1.0165546526447264
2603.0,7188.0,1.0
2603.0,9609.0,1.0
2603.0,17054.0,1.0
2603.0,9273.0,1.0
2603.0,10985.0,1.0
2637.0,5719.0,1.002907955508516
2697.0,3821.0,1.002173411824526
2995.0,3433.0,1.0014982272966935
3068.0,5691.0,1.0
3068.0,3550.0,1.000316539335407
2974.0,4221.0,1.001378770202891
2857.0,3348.0,1.000447566871327
2867.0,3371.0,1.0026783592778696
2893.0,3383.0,1.0009396481265114
2944.0,3433.0,1.0020732238557264
2954.0,3433.0,1.000549742624209
2958.0,3000.0,1.0006075530861394
3126.0,8146.0,1.0005743876916973
3126.0,10579.0,1.0
3126.0,7765.0,1.0
3126.0,8154.0,1.0005402251316864
3126.0,5337.0,1.0019969132946747
3126.0,10183.0,1.0008450701878495
3126.0,3058.0,1.0008753898564486
3114.0,4845.0,1.0009557933120807
3114.0,4597.0,1.0000162494188936
3114.0,3070.0,1.0023633395668854
2722.0,3150.0,1.0508642674042517
2722.0,1570.0,1.051092086359657
2722.0,3235.0,1.050425951294397
2722.0,4087.0,1.0516820386703105
2828.0,35536.0,1.0
2828.0,48450.0,1.0000848066648713
2828.0,27634.0,1.001787381084434
2828.0,34403.0,1.0020902833022718
2033.0,19298.0,1.0
2033.0,27394.0,1.0
2033.0,8771.0,1.0
2033.0,8467.0,1.0
2033.0,9937.0,1.0
2033.0,14299.0,1.0
2033.0,23358.0,1.0
2033.0,10224.0,1.0
2033.0,23306.0,1.0
2033.0,14504.0,1.0
2027.0,5264.0,1.0004226883884708
2027.0,4816.0,1.0
2027.0,19665.0,1.0
2067.0,1056.0,1.0019363962957144
2080.0,42662.0,1.0020908544311393
2087.0,3049.0,1.0023260043987436
2111.0,2507.0,1.0038774155604917
2114.0,8560.0,1.0003339513566192
2011.0,2314.0,1.000165852729685
1993.0,16414.0,1.001667521866571
1791.0,1507.0,1.0
1792.0,598.0,1.000059679775692
1792.0,3117.0,1.0
1762.0,2361.0,1.0
1781.0,4828.0,1.00055097701363
1781.0,6134.0,1.000936241644254
1898.0,2074.0,1.0022092936241027
1941.0,1823.0,1.0003540585523085
1941.0,2456.0,1.002406880735244
1808.0,2024.0,1.0024279686425488
1835.0,2561.0,1.0025942824965544
1835.0,15809.0,1.0022637051037495
2158.0,10696.0,1.0
2158.0,3111.0,1.0005366780286193
2158.0,5421.0,1.0022969610423222
2158.0,9470.0,1.0011895722165836
2158.0,10132.0,1.0
2433.0,4709.0,1.001592089675476
2440.0,2929.0,1.0018316166096868
2459.0,4381.0,1.0
2459.0,4551.0,1.0
2459.0,5199.0,1.0
2459.0,2482.0,1.0
2459.0,4484.0,1.0
2417.0,16071.0,1.0004748035864925
2382.0,5210.0,1.000638481496965
2382.0,4989.0,1.0
2383.0,8242.0,1.0014946089695884
2408.0,4245.0,1.0019214514984929
2411.0,39573.0,1.0021269391251346
2411.0,40107.0,1.0
2465.0,1915.0,1.0005917008856233
2464.0,5431.0,1.001197991006386
2209.0,5998.0,1.001815866565454
2224.0,6080.0,1.0
2280.0,8067.0,1.0
2280.0,3058.0,1.0005466119719015
2280.0,2796.0,1.000913045168825
2280.0,2886.0,1.0006484869845056
2280.0,3016.0,1.0005522528981645
2280.0,20654.0,1.0002646011842078
2280.0,25330.0,1.0
2280.0,10618.0,1.0
2280.0,3603.0,1.000568741958229
2280.0,9984.0,1.0
2192.0,9044.0,1.0
2177.0,3498.0,1.00184888041901
2287.0,2799.0,1.0027425078228587
2356.0,2779.0,1.0017140801320257
3943.0,14123.0,1.0
3943.0,10041.0,1.0007396385671552
3943.0,6574.0,1.0
3943.0,42163.0,1.0005023285741148
3943.0,7556.0,1.0004400076609798
3943.0,32400.0,1.000077256176695
3943.0,2241.0,1.0
3943.0,3665.0,1.001820495016569
3943.0,7782.0,1.0
3943.0,8197.0,1.0
3943.0,8440.0,1.0
3943.0,6996.0,1.0010797482022176
3943.0,6620.0,1.0011889427081067
3943.0,20159.0,1.0
3943.0,20703.0,1.001796029900357
3943.0,10112.0,1.0002395539145374
3943.0,12327.0,1.0
3943.0,8107.0,1.0
3943.0,6673.0,1.0005026944871558
3943.0,4838.0,1.001224788576263
3943.0,5951.0,1.001033189448139
3943.0,6434.0,1.0
4020.0,20180.0,1.0016410553085204
4020.0,6828.0,1.0016767591598799
4020.0,20753.0,1.0028094848008835
4020.0,34542.0,1.0013755727828677
4020.0,3487.0,1.0
4020.0,9214.0,1.0
4020.0,9700.0,1.0011653383672248
4047.0,3429.0,1.0001745619016646
4060.0,8912.0,1.0016669912468719
4082.0,4847.0,1.0004733625258764
3926.0,3389.0,1.0003784522635115
3926.0,5523.0,1.0
3835.0,41361.0,1.0
3835.0,50771.0,1.001643947464622
3835.0,15278.0,1.0
3835.0,15386.0,1.0
3835.0,38520.0,1.0005049963484451
3835.0,805.0,1.0
3835.0,27785.0,1.0010916367257525
3835.0,31751.0,1.00147380471713
3835.0,44387.0,1.0
3838.0,4886.0,1.0018438192896086
3840.0,4845.0,1.0041718726208815
4092.0,510.0,1.0011705800586406
4092.0,5722.0,1.0016128192610885
4092.0,7247.0,1.0
4092.0,12450.0,1.0
4092.0,13604.0,1.0001111413182275
4092.0,5756.0,1.0
4092.0,4120.0,1.0015696539901662
4092.0,10919.0,1.001740298702399
4092.0,23721.0,1.0016924069397366
4670.0,10664.0,1.0018394285112364
4795.0,18423.0,1.0
4795.0,31325.0,1.0
4795.0,5916.0,1.0002369784889151
4795.0,16093.0,1.0001811979013646
4795.0,17497.0,1.0
4795.0,18137.0,1.0
4566.0,14886.0,1.0
4566.0,15402.0,1.0
4566.0,5871.0,1.0
4573.0,5865.0,1.0003621061897388
4616.0,6029.0,1.0016180845906841
4859.0,6264.0,1.003564647589164
4873.0,6272.0,1.0008484882054165
4887.0,16672.0,1.0017429261668347
4889.0,6297.0,1.0043637172418838
4903.0,4765.0,1.000372137181176
4910.0,8535.0,1.0037604901394575
4910.0,8442.0,1.0018087102932076
4930.0,6363.0,1.000961028747997
4855.0,8380.0,1.0000933066521893
4527.0,5465.0,1.0007142522581634
4146.0,17209.0,1.0016219604474728
4146.0,22329.0,1.002399335177646
4199.0,5426.0,1.0049093268083793
4226.0,5461.0,1.0
4263.0,5499.0,1.0011429459525722
4278.0,5861.0,1.0025516375688992
4278.0,5504.0,1.0038694869236937
4129.0,5413.0,1.003804337931162
4301.0,23889.0,1.0008408995031648
3451.0,37851.0,1.0
3451.0,5920.0,1.0009564932024657
3451.0,16401.0,1.0007949127484588
3451.0,8437.0,1.0008049135724477
3458.0,35888.0,1.0
3458.0,34482.0,1.0001739051009444
3337.0,4263.0,1.001497598564848
3343.0,13584.0,1.0
3398.0,52110.0,1.0030570649665247
3575.0,41685.0,1.0015002336533634
3575.0,42787.0,1.0015374219047646
3606.0,3122.0,1.0
3606.0,9267.0,1.000115231052249
3480.0,8316.0,1.000967933686593
3499.0,4105.0,1.0019153522787043
3508.0,5300.0,1.0001957215086221
3178.0,44883.0,1.0
3178.0,49844.0,1.001047178544659
3178.0,40562.0,1.0
3178.0,50647.0,1.0
3178.0,41191.0,1.0
3178.0,43096.0,1.0
3178.0,44331.0,1.0001841681609942
3178.0,44925.0,1.0
3181.0,3637.0,1.0029339417183976
3194.0,4265.0,1.0014053067576285
3194.0,3235.0,1.00068678223083
3194.0,3831.0,1.0
3206.0,3777.0,1.0038855274389646
3211.0,6905.0,1.0014289151527698
3312.0,2560.0,1.0027295197885713
3312.0,1091.0,1.002632539346078
3312.0,4037.0,1.0006371082182504
3252.0,1955.0,1.0008027788550897
3288.0,3074.0,1.0012427685143066
3790.0,15791.0,1.0
3790.0,4501.0,1.0
3790.0,22002.0,1.0
3790.0,9971.0,1.0
3790.0,30094.0,1.0
3790.0,8635.0,1.0
3790.0,7680.0,1.000584360529318
3790.0,17572.0,1.0
3790.0,9278.0,1.0006952218286322
3790.0,5226.0,1.0
3790.0,10183.0,1.000057308534922
3790.0,5622.0,1.0
3790.0,14856.0,1.0001040175354066
3790.0,10587.0,1.0
3790.0,22579.0,1.0
3790.0,26876.0,1.0
3790.0,4753.0,1.000660185952183
3790.0,5274.0,1.0010990787330778
3790.0,7797.0,1.0
3790.0,6353.0,1.0
3668.0,20304.0,1.002299677194377
3789.0,4740.0,1.1124050564695032
3677.0,45431.0,1.0011502798004959
3704.0,7670.0,1.0017019543360048
3727.0,4681.0,1.001529673223477
3768.0,3360.0,1.0019218797863074
3776.0,965.0,1.0
10939.0,1244.0,1.0026288283076967
26157.0,27352.0,1.0014558424389184
