4.0,96.0,1.0012779340746225
4.0,2560.0,1.0024930734865358
25579.0,5003.0,1.0672935028394714
25579.0,7652.0,1.065399259760587
25579.0,8841.0,1.0668845973056487
25579.0,8904.0,1.0668951475454447
25579.0,9158.0,1.0679814305029376
25579.0,4398.0,1.0685319938254378
25579.0,773.0,1.0693294870795165
25579.0,1367.0,1.0657280729247547
25579.0,2093.0,1.067052309871445
25579.0,2274.0,1.0665738415404085
25579.0,2968.0,1.066764562454558
25579.0,3803.0,1.0661507185873786
25579.0,9964.0,1.066727226317618
25579.0,12342.0,1.0658836470210613
25579.0,12373.0,1.0679692221838677
25579.0,13822.0,1.0676175703663
25579.0,14841.0,1.069653293727554
25579.0,32076.0,1.0675303372757885
25579.0,32323.0,1.0662108065102394
25579.0,31567.0,1.0691517286237475
25579.0,31608.0,1.0671348047673876
25579.0,31708.0,1.0673230574960193
25579.0,31967.0,1.0673902502751302
25579.0,32015.0,1.0663817242051785
25579.0,31485.0,1.0667291748230074
25579.0,32694.0,1.066826212573504
25579.0,34693.0,1.0658158266813562
25579.0,34704.0,1.0679143996024976
25579.0,34743.0,1.066545915140247
25579.0,34749.0,1.067304487137391
25579.0,35190.0,1.0664866850118369
25579.0,35334.0,1.0656272651373089
25579.0,35365.0,1.0673535283347986
25579.0,35424.0,1.0679727012945877
25579.0,34644.0,1.0652524067953448
25579.0,34322.0,1.066967288117893
25579.0,27530.0,1.0678706555115522
25579.0,27779.0,1.0683081989460734
25579.0,27794.0,1.0681472213097094
25579.0,27982.0,1.0669367739667142
25579.0,27082.0,1.0657872246368594
25579.0,22208.0,1.067293920613873
25579.0,23395.0,1.0675552973687032
25579.0,23757.0,1.0663430303160395
25579.0,23868.0,1.069040562122497
25579.0,26712.0,1.0672191951916814
25579.0,31402.0,1.0677473559736887
25579.0,30816.0,1.0672952498843324
25579.0,30873.0,1.0664612232348345
25579.0,30929.0,1.0665231093232383
25579.0,31026.0,1.0666279157822833
25579.0,31206.0,1.0671237422152073
25579.0,30078.0,1.0679955091291757
25579.0,30031.0,1.0673287935756124
25579.0,28927.0,1.068806950578005
25579.0,28350.0,1.0669426213236932
25579.0,28382.0,1.0672649349845693
25579.0,28710.0,1.0666391066163914
25579.0,28858.0,1.0666418538068103
25579.0,35569.0,1.06715584822248
25579.0,40820.0,1.0672461820433443
25579.0,35637.0,1.0675523309548918
25579.0,37524.0,1.0670967755325562
25579.0,37709.0,1.067533750879634
25579.0,36224.0,1.0676665274317876
25579.0,36251.0,1.0654413233127773
25579.0,37276.0,1.0663231672998619
25579.0,38749.0,1.066484913236522
25579.0,39512.0,1.0672536471801477
25579.0,35624.0,1.0658095074166656
25579.0,37757.0,1.0690536015525411
25579.0,37811.0,1.0668368600045557
25579.0,37916.0,1.0660154066636727
25579.0,38460.0,1.0677999790640338
25579.0,38606.0,1.0657717137068279
25579.0,38283.0,1.0668305795020931
25579.0,37198.0,1.0666315911516364
25579.0,37286.0,1.0672582939396873
25579.0,37440.0,1.0667654353091298
25579.0,37603.0,1.0686302847452713
25579.0,37666.0,1.069095995475895
25579.0,39648.0,1.065839305426681
25579.0,39770.0,1.0668054486826892
25579.0,39420.0,1.0650234437304158
25579.0,38775.0,1.0682024588776802
25579.0,38921.0,1.0656464916423083
25579.0,39025.0,1.0676820647662384
25579.0,39063.0,1.0643830677793935
25579.0,39075.0,1.0677061550824665
25579.0,39429.0,1.0672303397951222
25579.0,37179.0,1.0659974689248632
25579.0,36074.0,1.067324561196165
25579.0,36170.0,1.0665057605893273
25579.0,35968.0,1.067753679874125
25579.0,35711.0,1.0679718207367062
25579.0,35791.0,1.0680248863713457
25579.0,35800.0,1.0682062029138584
25579.0,35848.0,1.0690806179341523
25579.0,35930.0,1.0670583206705524
25579.0,36282.0,1.0674337993297922
25579.0,36837.0,1.0662083224706458
25579.0,36957.0,1.0675782898996968
25579.0,37068.0,1.06677601971478
25579.0,37108.0,1.0675816279343382
25579.0,37129.0,1.064985885632952
25579.0,36327.0,1.0669721337887588
25579.0,36355.0,1.0660546803747633
25579.0,36453.0,1.0662880833251422
25579.0,36513.0,1.067209781693223
25579.0,36548.0,1.0671015013332412
25579.0,36635.0,1.0675541824806514
25579.0,49875.0,1.0674966296319537
25579.0,50540.0,1.0682876647544515
25579.0,48063.0,1.067291076591958
25579.0,45622.0,1.066815024913111
25579.0,45834.0,1.0693734143129687
25579.0,45977.0,1.067144256781454
25579.0,47202.0,1.067541029204589
25579.0,47374.0,1.0663767781830804
25579.0,47805.0,1.0687792210560845
25579.0,45317.0,1.0660531630637664
25579.0,42192.0,1.0663948748559609
25579.0,42259.0,1.0663861189340471
25579.0,42352.0,1.0677770913359905
25579.0,42363.0,1.0670447891713786
25579.0,42416.0,1.06745114254819
25579.0,41832.0,1.0657249068690005
25579.0,41763.0,1.0678604547519077
25579.0,40602.0,1.066163449876378
25579.0,40725.0,1.0654638129722638
25579.0,40875.0,1.067919592581607
25579.0,40881.0,1.067613767142166
25579.0,40925.0,1.0674224817125737
25579.0,41014.0,1.0674550164415613
25579.0,41494.0,1.068486863238962
25579.0,41736.0,1.0666484995963195
25579.0,42440.0,1.0663562964502376
25579.0,43672.0,1.0676820734373815
25579.0,44154.0,1.067553571637413
25579.0,44365.0,1.0656604145001347
25579.0,44901.0,1.0661198426034866
25579.0,45002.0,1.0679368858750367
25579.0,42997.0,1.0660028374694506
25579.0,43036.0,1.066738801803173
25579.0,43274.0,1.0682283186556742
25579.0,45363.0,1.066020584664492
25375.0,41968.0,1.0010821889646078
25394.0,26590.0,1.002761954033497
25398.0,48525.0,1.0016347132579815
25415.0,4956.0,1.0
25415.0,6923.0,1.0009335548310363
25415.0,36176.0,1.0
25415.0,44255.0,1.0
25415.0,44319.0,1.0006801140471284
25415.0,45694.0,1.0004274642289617
25415.0,45929.0,1.000708548804302
25415.0,43496.0,1.0001344233993377
25415.0,37593.0,1.0
25415.0,38250.0,1.0
25415.0,39334.0,1.0003102006125897
25415.0,39437.0,1.0
25415.0,41842.0,1.0
25120.0,27223.0,1.0
25153.0,26486.0,1.0010409822554573
25206.0,40275.0,1.0014770191426245
25220.0,32418.0,1.002283495782703
25281.0,26918.0,1.0
25359.0,28279.0,1.001109514771716
25425.0,16419.0,1.0019795943006828
22400.0,23681.0,1.0036569330428742
22400.0,23449.0,1.0031906839403029
22504.0,18951.0,1.0011138091799943
22504.0,32951.0,1.001543049944292
22504.0,32957.0,1.0008336256395358
22504.0,45589.0,1.0014995946307428
22385.0,43150.0,1.0
22385.0,32719.0,1.0008470579375326
22367.0,16234.0,1.0
22367.0,14090.0,1.0
22367.0,50294.0,1.001149949651267
22367.0,52191.0,1.0
22367.0,48395.0,1.0008716471342582
22367.0,36029.0,1.0
22367.0,36594.0,1.0
22367.0,37266.0,1.000963771527066
22367.0,38290.0,1.0
22367.0,38491.0,1.0005746538042033
22367.0,39802.0,1.0000339873836175
22367.0,35783.0,1.000056723728739
22367.0,35608.0,1.000010338354897
22367.0,34236.0,1.0021557783548796
22367.0,34262.0,1.000319776394241
22367.0,34825.0,1.0
22367.0,34846.0,1.0
22367.0,35153.0,1.0000885491652132
22367.0,35431.0,1.0
22367.0,35739.0,1.0
22367.0,46029.0,1.0010707915420123
22367.0,47186.0,1.0
22367.0,47821.0,1.0028004849849963
22367.0,47966.0,1.0
22367.0,44662.0,1.0
22367.0,40494.0,1.0
22367.0,40665.0,1.0004662485882863
22367.0,40716.0,1.0005385433769496
22367.0,41000.0,1.000347665718367
22367.0,41250.0,1.0010984277651407
22367.0,32357.0,1.0
22367.0,32298.0,1.0014428555265236
22367.0,4923.0,1.0002294116327193
22367.0,27758.0,1.0
22367.0,27918.0,1.0
22367.0,31319.0,1.0001798553872534
22367.0,31414.0,1.0004889405831088
22367.0,31949.0,1.0001686312211862
22367.0,26535.0,1.0011972825173008
22367.0,26366.0,1.001277276212118
22367.0,7626.0,1.0
22367.0,16122.0,1.0
22367.0,20420.0,1.0018143523069696
22682.0,40820.0,1.0005332725184892
22682.0,44051.0,1.0005934643023848
22733.0,23743.0,1.000656772895412
22733.0,24099.0,1.001874290129067
22784.0,12476.0,1.0040051958864165
22806.0,26460.0,1.0009651607594918
22522.0,36926.0,1.0
22522.0,40535.0,1.0018847973401397
22522.0,40900.0,1.0002716898091961
22545.0,26370.0,1.0026192461703372
22624.0,23619.0,1.0
22879.0,44245.0,1.0038912014364008
23274.0,25262.0,1.0014601225238062
23293.0,8520.0,1.0004468204850285
23481.0,47350.0,1.000843383890689
23506.0,44100.0,1.0011084830487222
23506.0,45993.0,1.0012084184121266
23506.0,51944.0,1.0023162600613689
23149.0,52155.0,1.0
23149.0,45017.0,1.0
23149.0,32459.0,1.0002749743610762
23149.0,44175.0,1.0
23188.0,1333.0,1.001434945015102
23188.0,44935.0,1.0008880741317667
23188.0,47933.0,1.0012221578259286
23203.0,36204.0,1.000010670883932
23254.0,20860.0,1.004436697040042
24765.0,26416.0,1.002226510511755
24937.0,25181.0,1.0027519129678681
24966.0,23943.0,1.000666338684739
24987.0,26671.0,1.0021872135873913
24991.0,26664.0,1.0021695167398468
23523.0,2080.0,1.0015961828653164
23554.0,39276.0,1.0008175787880282
23580.0,9701.0,1.0018773302997661
24599.0,35152.0,1.0028058243772662
24645.0,43371.0,1.0022257219690354
24698.0,3430.0,1.0027359341928619
23087.0,27572.0,1.0
23087.0,28505.0,1.0001669617000344
23087.0,30234.0,1.0
23087.0,34481.0,1.000970120009643
23087.0,14232.0,1.000921661257958
23087.0,15416.0,1.0
23087.0,44318.0,1.00169009912459
23087.0,35472.0,1.000055799746459
23087.0,40561.0,1.000237327378785
23087.0,41804.0,1.0006172161596087
23087.0,41989.0,1.0
22916.0,7013.0,1.0023632368852926
22922.0,23849.0,1.000219691666554
22976.0,26494.0,1.0027818324178086
22976.0,27158.0,1.0000836336889436
23035.0,31388.0,1.0034846469205154
23059.0,25167.0,1.0017779972053844
23067.0,23967.0,1.000367109130936
26143.0,74.0,1.001116784412847
26297.0,10490.0,1.0
26120.0,16763.0,1.0033425526881474
26088.0,31385.0,1.0022839125990717
26046.0,23175.0,1.0014698196292007
25619.0,27726.0,1.0
25659.0,29994.0,1.002831998766476
25723.0,27861.0,1.0010302790355035
25847.0,20313.0,1.0042059263021705
25868.0,27392.0,1.0024531657934694
26476.0,27940.0,1.001931589946714
26648.0,30929.0,1.0
26648.0,31231.0,1.0
26648.0,25326.0,1.0
26648.0,8376.0,1.0
26648.0,8886.0,1.0
26648.0,9907.0,1.0012598093072134
26648.0,11220.0,1.0
26648.0,8048.0,1.0009014733769925
26648.0,13945.0,1.0
26648.0,30972.0,1.0003925172761485
26648.0,31365.0,1.0
26648.0,30361.0,1.0
26648.0,30389.0,1.0
26648.0,30469.0,1.0
26648.0,30501.0,1.002116566674388
26648.0,30507.0,1.0027296199825313
26648.0,30522.0,1.0007142219214114
26648.0,30796.0,1.0
26648.0,34463.0,1.0
26648.0,34494.0,1.0
26648.0,34513.0,1.0
26648.0,35168.0,1.0
26648.0,35178.0,1.0008045328064819
26648.0,35991.0,1.0008817388263378
26648.0,36017.0,1.0
26648.0,32706.0,1.0
26648.0,31896.0,1.0
26648.0,32209.0,1.0
26648.0,32423.0,1.0
26648.0,32469.0,1.000568134065939
26648.0,19495.0,1.0008860749057389
26648.0,19804.0,1.0
26648.0,21937.0,1.0
26648.0,23560.0,1.0009988171296513
26648.0,23799.0,1.00227295152841
26648.0,18586.0,1.0
26648.0,14178.0,1.0
26648.0,14556.0,1.001194855803633
26648.0,18432.0,1.0
26648.0,28787.0,1.0
26648.0,28865.0,1.0002545814160484
26648.0,28909.0,1.0003118647874742
26648.0,29984.0,1.0
26648.0,30093.0,1.0007460118779619
26648.0,30133.0,1.0
26648.0,28749.0,1.000224339932203
26648.0,27202.0,1.0
26648.0,27814.0,1.0
26648.0,28179.0,1.0000750641164404
26648.0,28415.0,1.0001938233077012
26648.0,28601.0,1.0000018389638083
26648.0,37265.0,1.0
26648.0,42905.0,1.0006232085906437
26536.0,38416.0,1.001828248318269
26587.0,37284.0,1.0020112769154617
25597.0,35889.0,1.0
25597.0,38760.0,1.0
25597.0,39009.0,1.0
25597.0,39049.0,1.0001200838572482
25597.0,39456.0,1.0
25597.0,39512.0,1.0001198029809069
25597.0,37459.0,1.0003803706604668
25597.0,37557.0,1.002348635028106
25597.0,37651.0,1.0
25597.0,37802.0,1.000483555797834
25597.0,38015.0,1.0
25597.0,46171.0,1.000913757476439
25597.0,47722.0,1.0
25597.0,47752.0,1.000446615952726
25597.0,47839.0,1.0019078695799568
25597.0,48450.0,1.0
25597.0,45576.0,1.0
25597.0,45462.0,1.0002195950951622
25597.0,40312.0,1.0
25597.0,41270.0,1.0007141532680701
25597.0,41908.0,1.0005147253982956
25597.0,42946.0,1.0
25597.0,37385.0,1.0007797209838107
25597.0,37309.0,1.0
25597.0,36535.0,1.0
25597.0,14190.0,1.0
25597.0,31328.0,1.0015051155163428
25597.0,31972.0,1.0008063822682056
25597.0,32149.0,1.0029318601221249
25597.0,34361.0,1.0
25597.0,36288.0,1.000865712540463
25597.0,36330.0,1.0
25597.0,36746.0,1.000241732927819
25597.0,36797.0,1.000767008734795
25597.0,37221.0,1.0013017235726425
25597.0,32805.0,1.0008930072242603
25597.0,34863.0,1.0
25597.0,35336.0,1.0
25597.0,35680.0,1.0
25597.0,37329.0,1.0003149531779472
16777.0,47243.0,1.0021532250330198
16778.0,1367.0,1.0
16852.0,22456.0,1.0024516562953476
16878.0,13910.0,1.0
16889.0,7119.0,1.0002830642107021
16894.0,28897.0,1.0017810951926305
16952.0,18943.0,1.00166061486498
16959.0,47449.0,1.0034080477841432
16965.0,6788.0,1.0
16965.0,18950.0,1.0009727219957099
16419.0,20473.0,1.0
16577.0,10461.0,1.002901774583867
16672.0,14886.0,1.0007658017965717
16700.0,19915.0,1.0008860497647125
16700.0,22489.0,1.001508382605385
16711.0,18628.0,1.0039035141440653
17218.0,19223.0,1.0013699926331028
17355.0,22068.0,1.0040194836633212
17358.0,7087.0,1.0008512146141364
17358.0,19477.0,1.001691124679811
16968.0,13554.0,1.0
16968.0,17608.0,1.000552094467789
17044.0,18635.0,1.000522004251613
17062.0,19042.0,1.0
17062.0,19044.0,1.000153083140318
17070.0,9089.0,1.0027377698815363
15636.0,15538.0,1.003468573140175
15649.0,8739.0,1.0024179153052666
15936.0,16920.0,1.001687457378967
15949.0,18173.0,1.001735879943927
15288.0,45893.0,1.0
15288.0,44879.0,1.0001226235822798
15288.0,34888.0,1.0002565591615182
15288.0,41755.0,1.000931514645936
15288.0,42400.0,1.0003917210102078
15288.0,4762.0,1.0
15288.0,17530.0,1.0020876655942696
15288.0,18573.0,1.0
15288.0,19625.0,1.0007439290038915
15288.0,19784.0,1.0
15288.0,23504.0,1.0010086596606071
15288.0,44876.0,1.0
15483.0,8420.0,1.0016476117869106
15574.0,17695.0,1.0032566672960508
15961.0,35213.0,1.0016863646045568
15977.0,28672.0,1.0
15977.0,52027.0,1.0
16282.0,20006.0,1.0
16201.0,38383.0,1.0028477449818147
16194.0,14683.0,1.0024931496236764
16003.0,5268.0,1.0016201901729516
16003.0,19813.0,1.0029532673943153
17394.0,19298.0,1.000827565058817
17494.0,19362.0,1.0
18322.0,5986.0,1.0027136688160256
18331.0,9663.0,1.003162226961472
18335.0,18420.0,1.0
18335.0,22170.0,1.0011209375447854
18335.0,34272.0,1.0017991341405634
18008.0,25280.0,1.0
18008.0,46071.0,1.0
18008.0,19943.0,1.0
18012.0,26947.0,1.0
18381.0,45514.0,1.002449904871421
18404.0,15282.0,1.0019564283473965
18414.0,20001.0,1.0016421429595896
18450.0,20092.0,1.003226919258305
18519.0,6114.0,1.001293611168612
17572.0,28230.0,1.0
17572.0,415.0,1.0
17572.0,16490.0,1.0007627219693127
17575.0,40278.0,1.0010353484393073
17590.0,19353.0,1.0028191533363906
17748.0,19974.0,1.0015289357196666
17811.0,44214.0,1.000630322102133
17526.0,39327.0,1.0043446489834436
17546.0,20003.0,1.0014804379394204
17834.0,40207.0,1.0014816964424478
17834.0,43009.0,1.0
17948.0,20835.0,1.003698897332303
17960.0,19776.0,1.0
17986.0,47525.0,1.0020753218955756
17914.0,41380.0,1.0027909488903628
13949.0,16313.0,1.0
13967.0,16864.0,1.0004856689398578
13967.0,27390.0,1.0008775663013303
13521.0,16198.0,1.0016425627161198
13630.0,4972.0,1.0018970495955475
13995.0,34205.0,1.0038626561824207
14160.0,16313.0,1.0
14205.0,15004.0,1.0003064590273258
14436.0,16825.0,1.0
14071.0,1959.0,1.001425628634038
14002.0,8095.0,1.0003557296487424
14002.0,22241.0,1.000672281631763
14002.0,22770.0,1.0005964676285526
14008.0,16277.0,1.0004441971455758
14018.0,16479.0,1.0021305026615124
14064.0,10864.0,1.0
14114.0,6798.0,1.0037273524844632
11957.0,25249.0,1.0019683292146138
11957.0,15238.0,1.0008575926630934
11993.0,8080.0,1.0008897293264858
12033.0,15460.0,1.0016471573922725
12034.0,16096.0,1.0005326816981608
13133.0,1990.0,1.0031894067433376
11905.0,13652.0,1.0004524635739465
11777.0,1770.0,1.0017009781615571
11795.0,14707.0,1.0045496319440774
11798.0,1367.0,1.0013146273351037
11849.0,13798.0,1.0005451933739196
11870.0,15445.0,1.0
13187.0,23513.0,1.0022060058350608
13418.0,18168.0,1.0015623480720193
13464.0,23964.0,1.0010262950064057
13464.0,26764.0,1.0012331588303642
13190.0,4409.0,1.000583619789132
13333.0,15278.0,1.0016114003878782
13388.0,10674.0,1.0010859133171732
15099.0,17422.0,1.0031700169763587
15118.0,8531.0,1.0026328928349344
15184.0,7477.0,1.001000943146049
15184.0,50080.0,1.0
15249.0,14745.0,1.0020194768559274
15272.0,17584.0,1.0012394077004323
15040.0,16414.0,1.0023945148464874
14819.0,23757.0,1.0014217389464135
14911.0,2839.0,1.0007322447611866
14912.0,8263.0,1.0005923866058983
14912.0,6180.0,1.0
14765.0,18001.0,1.0022435395947162
14582.0,28446.0,1.0
14582.0,7209.0,1.0
14582.0,23964.0,1.0004388148928443
14582.0,28907.0,1.0008070538574623
14582.0,31055.0,1.0001552111667547
14582.0,32720.0,1.0012999544155874
14582.0,34598.0,1.001832348006838
14582.0,27965.0,1.0
14582.0,27801.0,1.0
14582.0,25123.0,1.0012119233585022
14467.0,7287.0,1.0013150415107317
14508.0,13720.0,1.0014876217019362
14740.0,17921.0,1.0003012725283655
14740.0,19845.0,1.0
14749.0,17156.0,1.000264567504717
14736.0,13976.0,1.0018959046853266
14622.0,36099.0,1.0010545770250703
14651.0,19679.0,1.0016141815087225
14696.0,42318.0,1.0020537393567244
18544.0,21969.0,1.0004121195937703
18604.0,22073.0,1.0
18604.0,39193.0,1.0
18604.0,26964.0,1.0002861723563694
18604.0,3435.0,1.0
18604.0,22452.0,1.0
18604.0,22258.0,1.0018214347905767
18604.0,9193.0,1.0011822633043719
18604.0,21905.0,1.000851453939834
18604.0,22086.0,1.0004713136458316
18604.0,22224.0,1.0009529826283945
21289.0,40697.0,1.0009928135711321
21289.0,47977.0,1.0
21289.0,50302.0,1.0
21289.0,50324.0,1.0
21289.0,50460.0,1.0
21289.0,50724.0,1.0012924529683562
21289.0,49877.0,1.0
21289.0,24055.0,1.0
21289.0,49805.0,1.0
21224.0,19668.0,1.0007440758654051
21262.0,22463.0,1.0035126757389268
21297.0,48450.0,1.0
21297.0,3348.0,1.0
21297.0,19771.0,1.0005197827885082
21297.0,28424.0,1.0
21297.0,48333.0,1.0004233994620904
21433.0,30753.0,1.0006907405169785
21433.0,30264.0,1.0002142310547921
21433.0,30231.0,1.000882117665231
21433.0,26913.0,1.000408639055099
21441.0,22412.0,1.0020558232874839
21463.0,22632.0,1.0031263593831798
21494.0,22684.0,1.0036882314164066
21533.0,30983.0,1.003328749569469
21331.0,22663.0,1.0049462319197005
20749.0,26782.0,1.0001065122692137
20749.0,28314.0,1.000639261877452
20749.0,30659.0,1.0
20749.0,31041.0,1.0
20749.0,31156.0,1.0006239351008077
20749.0,27612.0,1.000771276995065
20749.0,27822.0,1.0013185579415185
20749.0,27882.0,1.000567399478193
20749.0,27934.0,1.0009327327488542
20749.0,28135.0,1.0014453986258993
20749.0,29951.0,1.0003708347514855
20749.0,27536.0,1.0
20749.0,6738.0,1.0
20749.0,8135.0,1.0
20749.0,27040.0,1.0008031731470917
20749.0,27123.0,1.0
20749.0,27291.0,1.0
20749.0,27033.0,1.0
20749.0,22345.0,1.0
20749.0,27019.0,1.0005815350148233
20749.0,22525.0,1.0
20749.0,22555.0,1.000745586778299
20749.0,22630.0,1.0
20749.0,22735.0,1.0
20749.0,22958.0,1.0
20776.0,20389.0,1.0
20816.0,5057.0,1.0
20874.0,22489.0,1.0028501262821101
21537.0,22732.0,1.0017840995372749
21074.0,22020.0,1.0010150223053136
21118.0,22606.0,1.001411277493954
21135.0,22347.0,1.0027805194740407
21196.0,2153.0,1.0
21196.0,26450.0,1.0
21208.0,17409.0,1.0030894815037115
21027.0,22607.0,1.0
20901.0,22091.0,1.0013132522840023
20991.0,22890.0,1.0007912316597216
20991.0,23072.0,1.0014203776623825
21016.0,22411.0,1.0
21016.0,22464.0,1.0016159465388423
21542.0,26918.0,1.0
21543.0,25222.0,1.0007582266149875
22247.0,8367.0,1.0
22247.0,49811.0,1.0002791551287658
22247.0,44313.0,1.0
22247.0,44354.0,1.0
22288.0,5480.0,1.00105039374408
22324.0,50544.0,1.0002158195451973
22324.0,52234.0,1.0024491888710683
22364.0,22476.0,1.0022468803730207
22224.0,15573.0,1.0014399485384247
21826.0,37520.0,1.001933750773979
21862.0,22785.0,1.0
21903.0,28667.0,1.003044761030691
21907.0,38434.0,1.0011758930408694
21916.0,23004.0,1.0043526427300058
21930.0,47251.0,1.002027185331189
21768.0,23078.0,1.0024479988434258
21570.0,22730.0,1.0032363226490615
21614.0,40098.0,1.0
21714.0,26372.0,1.0025456742378365
21963.0,36950.0,1.0007578440825193
21963.0,49844.0,1.0
21963.0,32555.0,1.0
21963.0,39300.0,1.0005301670332487
21963.0,35729.0,1.0003497193571411
21963.0,36456.0,1.0
21963.0,36883.0,1.0
21963.0,38107.0,1.0014575363865266
21976.0,31481.0,1.0040474409367095
22010.0,23095.0,1.0003594633878388
22031.0,23111.0,1.0046838068083497
22157.0,3257.0,1.0027045035732394
22157.0,4217.0,1.0027441292781005
22188.0,32474.0,1.0
19250.0,1304.0,1.0
19250.0,16765.0,1.0
19250.0,7942.0,1.0
19250.0,8742.0,1.000531817885492
19250.0,13535.0,1.000397447995268
19250.0,14654.0,1.0
19250.0,16743.0,1.0
19250.0,17400.0,1.0
19250.0,2970.0,1.0
19250.0,22384.0,1.000447133929169
19250.0,20523.0,1.0006694909591312
19250.0,20767.0,1.0
19250.0,22017.0,1.0013027073721175
19250.0,22029.0,1.0
19114.0,23408.0,1.0055602546871312
19169.0,20459.0,1.0032118330561413
19183.0,31989.0,1.0018240464828396
19183.0,23354.0,1.0011536652349564
19338.0,20649.0,1.0009044513332361
19346.0,33135.0,1.0
19346.0,5109.0,1.0002856141296763
19346.0,20831.0,1.0004356387615558
19346.0,27769.0,1.00145045228229
19346.0,32174.0,1.0
19346.0,52063.0,1.0
19085.0,20459.0,1.0014975541814894
19086.0,36704.0,1.0018175796867321
18646.0,52023.0,1.0003721871054412
18646.0,44652.0,1.0027327633287713
18880.0,20304.0,1.0024108141127845
18882.0,1319.0,1.0019596856987214
19054.0,20645.0,1.0009197914896317
18784.0,20276.0,1.003781045574355
18755.0,22395.0,1.0004896709417848
18704.0,20124.0,1.0
18704.0,14028.0,1.000007981011188
18708.0,20216.0,1.0012517663891596
20701.0,37557.0,1.0026495528264379
20701.0,35451.0,1.0010402153132263
20701.0,37381.0,1.0007001737920609
20701.0,40117.0,1.0008429556311886
20701.0,43736.0,1.0
20701.0,14147.0,1.0
19631.0,45130.0,1.0028099191649573
20688.0,39998.0,1.000680167551545
20688.0,40585.0,1.0026211000932876
20695.0,27723.0,1.0
20695.0,35028.0,1.0016919282435295
20695.0,38031.0,1.0000285383025147
19407.0,20767.0,1.0003438970506071
19407.0,22394.0,1.0
19407.0,26656.0,1.0033876974806013
19441.0,19762.0,1.0029621859449696
19393.0,14556.0,1.0031173717681192
19504.0,20716.0,1.0012145013128189
19552.0,19744.0,1.0006187848198347
19552.0,9268.0,1.00053675762976
19552.0,22145.0,1.0001591157053884
19552.0,20885.0,1.0
19552.0,22034.0,1.0
19552.0,22303.0,1.0
19552.0,22557.0,1.0
19552.0,20588.0,1.0
19552.0,19169.0,1.0
19552.0,20632.0,1.0007418707949989
19548.0,16784.0,1.0
11771.0,16022.0,1.0022598300551815
41728.0,47917.0,1.0
41728.0,41773.0,1.0005364636969754
41728.0,19044.0,1.0001635674208884
41728.0,45380.0,1.0
41728.0,51916.0,1.0
41728.0,40677.0,1.0
41728.0,45463.0,1.0
41728.0,45808.0,1.0
41728.0,46097.0,1.000906097804656
41728.0,46098.0,1.0003395313507855
41728.0,47184.0,1.000317266996713
41728.0,47282.0,1.0009143631459363
41728.0,47453.0,1.0
41728.0,44039.0,1.00184447806633
41728.0,44267.0,1.000733383896022
41728.0,47716.0,1.0008529076358008
41728.0,48530.0,1.0
41728.0,48586.0,1.0006626504612939
41728.0,50025.0,1.0011171929189555
41728.0,50044.0,1.0
41728.0,50047.0,1.0009519043591892
41728.0,35082.0,1.0001623160245345
41728.0,35132.0,1.0
41728.0,40346.0,1.0007996706503812
41728.0,13551.0,1.0
41728.0,17718.0,1.002239614079365
41728.0,40444.0,1.0
41728.0,42255.0,1.0014263152586858
41728.0,42705.0,1.001484868593665
41728.0,43018.0,1.0
41728.0,40629.0,1.0
41728.0,41372.0,1.000772908174153
41728.0,45479.0,1.0
41812.0,39398.0,1.0013359975061942
41815.0,5611.0,1.000759947831414
41815.0,14581.0,1.0027699517400617
41815.0,47505.0,1.0002796934363638
41455.0,45298.0,1.002638935829041
41486.0,19836.0,1.0009383537013297
41577.0,47854.0,1.0014457371889063
41577.0,44230.0,1.0020164912958907
41587.0,39235.0,1.002585270293416
43527.0,45264.0,1.1800693266031983
43563.0,41562.0,1.001382974865495
43563.0,47560.0,1.0023528116043805
43603.0,47305.0,1.0001159857242639
43603.0,42268.0,1.0
43603.0,40881.0,1.0003163412740645
43603.0,43779.0,1.0
43603.0,40898.0,1.0
43603.0,40983.0,1.0
43603.0,41066.0,1.0
43603.0,41214.0,1.0
43603.0,41401.0,1.0007715886305708
43603.0,41422.0,1.0
43603.0,44977.0,1.0
43512.0,40431.0,1.0039322277560059
43509.0,3486.0,1.002590293153632
43242.0,35190.0,1.0
43242.0,38629.0,1.001420825297618
43268.0,42600.0,1.001821069899392
43293.0,40270.0,1.0031270167304194
43852.0,42132.0,1.0036442066112037
43898.0,20347.0,1.0017787642522715
41916.0,49969.0,1.0
41916.0,50591.0,1.0
41916.0,15609.0,1.0
41916.0,40107.0,1.0
41965.0,39437.0,1.000554690302712
41985.0,39495.0,1.0043476526490438
42326.0,39630.0,1.0027955960936459
42348.0,765.0,1.0017544277588504
42448.0,39752.0,1.0017754920303812
41882.0,52234.0,1.002873738470548
43058.0,40096.0,1.0
43133.0,38529.0,1.0
43182.0,35883.0,1.0
42661.0,27662.0,1.002789297189219
42706.0,42515.0,1.0011016079174684
42780.0,39016.0,1.0023834717360258
39204.0,37566.0,1.0006054959695254
39225.0,37613.0,1.0032749620200627
39309.0,40397.0,1.0013377069654932
39185.0,30147.0,1.0
39375.0,39138.0,1.0002195730059424
39402.0,36038.0,1.0005236017607022
39100.0,43057.0,1.0
38979.0,41870.0,1.0014410733114656
38979.0,26988.0,1.0004470991055203
39009.0,46016.0,1.0008145816760556
39408.0,38088.0,1.002644979269081
39592.0,52229.0,1.0021620839582968
39663.0,39149.0,1.0000026128237312
38970.0,37388.0,1.001634436119087
39459.0,42515.0,1.0
39459.0,42169.0,1.0005809564679513
39479.0,37796.0,1.0036327492242678
38429.0,34370.0,1.0
38429.0,40672.0,1.0
38429.0,39288.0,1.0012853735708451
38429.0,39822.0,1.002008781791375
38429.0,40947.0,1.0
38429.0,38871.0,1.0
38429.0,40970.0,1.0
38429.0,25207.0,1.0
38429.0,38008.0,1.002262099866949
38429.0,38196.0,1.000592229231304
38429.0,38425.0,1.0
38429.0,38501.0,1.00071933005201
38429.0,38670.0,1.0
38429.0,41512.0,1.0
38429.0,42354.0,1.0004367796698912
38429.0,43587.0,1.0002047480108498
38429.0,43688.0,1.0013492755609292
38403.0,50364.0,1.0004642751377026
39683.0,43198.0,1.0018045852680726
38771.0,35977.0,1.0015658482391763
38786.0,37269.0,1.0018814553926323
38511.0,19022.0,1.0020491655630528
40542.0,38520.0,1.0036524297271283
40775.0,38645.0,1.0
40806.0,38951.0,1.0018428183284742
40287.0,3246.0,1.0
40121.0,38191.0,1.0012477329761205
40122.0,47821.0,1.003086795759681
40122.0,47176.0,1.0004184154975146
40122.0,45631.0,1.0003116981441458
40235.0,32926.0,1.0
40846.0,39053.0,1.0006024202510573
40846.0,4146.0,1.0013488619438469
40846.0,41524.0,1.0001660127172392
41053.0,41434.0,1.0002568362622852
41194.0,14255.0,1.0021086826173058
40963.0,38423.0,1.0029730585656025
40963.0,13896.0,1.0049964671498532
40916.0,42653.0,1.0
40916.0,48031.0,1.0
40916.0,44941.0,1.0
39975.0,38088.0,1.0020895826203124
39774.0,42495.0,1.0
39774.0,47395.0,1.000311518766387
39774.0,47405.0,1.0012876771544057
39774.0,37989.0,1.0004412730988885
39774.0,38080.0,1.000643898487566
39774.0,41285.0,1.0
39774.0,48399.0,1.0
39774.0,47487.0,1.0
39774.0,47640.0,1.0
39774.0,48245.0,1.0002744710351714
39844.0,39028.0,1.0019490912578977
39853.0,38716.0,1.0003050172577164
39853.0,47605.0,1.0
52399.0,48378.0,1.0003220977777565
52399.0,45838.0,1.0
52410.0,45249.0,1.0013111468476619
52413.0,50364.0,1.0005265775967078
52482.0,45329.0,1.0005482062665247
52503.0,45353.0,1.003897582686979
52183.0,47927.0,1.0999867683521698
52183.0,45603.0,1.1032800171369441
53272.0,52134.0,1.0003498338653285
53415.0,28010.0,1.0043350598209098
52703.0,45668.0,1.0004442553541497
53054.0,50728.0,1.0046478082701984
53054.0,51852.0,1.0017000345597336
53054.0,51864.0,1.003187609663835
52086.0,47505.0,1.0010067671082543
50189.0,1851.0,1.0028207193314442
50277.0,44684.0,1.0007521417878158
50315.0,44245.0,1.0023387953378287
50315.0,44551.0,1.0008507293163338
50566.0,39189.0,1.002392189218712
48453.0,40084.0,1.0009944735190066
48566.0,43742.0,1.0029897711586064
48703.0,43805.0,1.0027499408527563
48813.0,22970.0,1.000959682995103
49874.0,45993.0,1.0005544441832024
50602.0,45426.0,1.0010827523579322
50794.0,43910.0,1.0
50830.0,231.0,1.0014131729506208
50875.0,9144.0,1.002262512885933
50615.0,44525.0,1.0017374250051223
50680.0,14134.0,1.001593326384562
50765.0,44687.0,1.0
58219.0,45878.0,1.0057681196959065
58664.0,51998.0,1.0
58675.0,15253.0,1.000424553455404
58675.0,50551.0,1.0003349707711922
58675.0,35185.0,1.0013389600320624
58675.0,50500.0,1.0010479548120261
57213.0,48517.0,1.0006168386339065
57213.0,28770.0,1.000252985943673
57250.0,48530.0,1.0002634879340195
57538.0,50385.0,1.0
57647.0,49782.0,1.000066009719743
59737.0,52232.0,1.0006513863807298
59921.0,51973.0,1.002605795090106
60062.0,4996.0,1.0022447053383619
60082.0,35204.0,1.0027045420880794
60322.0,52177.0,1.0035060129584992
59625.0,3571.0,1.002208312675441
59559.0,45808.0,1.001361592037875
58856.0,12494.0,1.0013037503454516
59026.0,42638.0,1.0027099354554456
59131.0,42641.0,1.0026630178434486
59550.0,52058.0,1.001811146127248
57202.0,51934.0,1.0
57202.0,52036.0,1.0025513217788613
57202.0,51910.0,1.0040968719380816
57202.0,49823.0,1.0033428172222314
57202.0,50070.0,1.0039371125718382
55457.0,48409.0,1.0021287274869086
55495.0,47475.0,1.000399495615131
55499.0,46056.0,1.0005195549457293
55499.0,46129.0,1.0006237775771263
55598.0,48409.0,1.0044440292197543
55806.0,47453.0,1.0
55839.0,47627.0,1.0027734006340703
55215.0,47294.0,1.0016545461656545
53506.0,38915.0,1.0017327628999853
53771.0,10625.0,1.0057336574138644
53859.0,46083.0,1.0029091171972817
56765.0,48204.0,1.0016021442300933
56809.0,44719.0,1.0011433661796623
56885.0,10875.0,1.0003068878384496
56936.0,40347.0,1.0023166893979107
57017.0,48397.0,1.0005657894268887
57055.0,50445.0,1.0009865315476616
56104.0,47809.0,1.004922299711996
56156.0,50713.0,1.0005475378632696
56297.0,47933.0,1.0018723447101843
45957.0,41945.0,1.0028798600866071
46077.0,15951.0,1.0
46077.0,7334.0,1.0006233774306401
46077.0,42414.0,1.0
46077.0,43399.0,1.0
45501.0,47873.0,1.001268393341449
45661.0,43482.0,1.0038567159282248
45719.0,44142.0,1.0002484213184155
46142.0,42050.0,1.0026069574204841
46152.0,42063.0,1.0
46182.0,42268.0,1.0
46182.0,45833.0,1.0
46223.0,43917.0,1.0027333704257197
46288.0,50373.0,1.0025174694872554
46124.0,43878.0,1.0033894587764194
46093.0,45717.0,1.0031326909940104
46093.0,48509.0,1.0028735452237196
44268.0,40950.0,1.0
44268.0,42733.0,1.0009915883938756
44268.0,36901.0,1.0004496737931896
44274.0,40943.0,1.0020530728610346
44609.0,41040.0,1.0012712052647792
44705.0,41093.0,1.0020235381637779
44206.0,42627.0,1.00149142960611
43981.0,40716.0,1.0037792461353265
43981.0,41833.0,1.0054248267330497
44152.0,51852.0,1.0
44152.0,42077.0,1.0009680440661473
44152.0,48348.0,1.0002523929545912
44155.0,40790.0,1.003679883163413
45112.0,41361.0,1.0023640263660467
45121.0,46023.0,1.0030854939891947
45173.0,41361.0,1.0035646536638558
45178.0,41245.0,1.0009459355454668
45281.0,44376.0,1.0
45049.0,7494.0,1.003591785805811
44762.0,41824.0,1.0026718240161279
44787.0,18080.0,1.0012572644711912
44999.0,41271.0,1.0015065020794833
45037.0,41292.0,1.0030726379558315
46320.0,40681.0,1.0016824823310682
48036.0,50732.0,1.0001558000896202
48234.0,43482.0,1.0029780246362725
48266.0,43993.0,1.0221397774779288
48266.0,52003.0,1.0230334952693638
48266.0,8407.0,1.0234178486120487
48266.0,28210.0,1.0232897002451848
48266.0,34773.0,1.0243916800285449
48266.0,41559.0,1.0241121299004345
48266.0,44071.0,1.024200034738833
47435.0,51876.0,1.0004637692765757
47445.0,50629.0,1.0
47189.0,6010.0,1.0032248092366949
46498.0,42436.0,1.0004918255258868
46498.0,42588.0,1.0021773365368214
46756.0,38290.0,1.0025213544616998
46385.0,41234.0,1.0
46389.0,28696.0,1.0015657998553038
46433.0,9081.0,1.0027846559339135
46433.0,48559.0,1.0021669308950214
46435.0,19914.0,1.0006637950683024
47045.0,42749.0,1.0031768849812053
47069.0,45738.0,1.0
47018.0,37352.0,1.00182325767102
46917.0,50364.0,1.001800045155853
46796.0,44903.0,1.0
46796.0,42630.0,1.00000727303391
46796.0,43955.0,1.0023608580489247
46856.0,5537.0,1.004153333469667
46867.0,10707.0,1.0015723152037175
46916.0,42660.0,1.0007837744699328
30536.0,31333.0,1.0032007861595214
30596.0,43914.0,1.0
30596.0,39276.0,1.0
30596.0,36710.0,1.0
30596.0,40687.0,1.0
30596.0,44499.0,1.0
30596.0,38696.0,1.0
30596.0,15344.0,1.0
30596.0,34403.0,1.0
30596.0,34516.0,1.0
30596.0,35234.0,1.0
30596.0,43550.0,1.0
30596.0,40936.0,1.0
30596.0,40481.0,1.0
30596.0,36658.0,1.0
30596.0,37428.0,1.0
30307.0,23395.0,1.0017307077501563
30307.0,42662.0,1.0005409083673131
30307.0,40438.0,1.0
30350.0,50105.0,1.0002666845740875
29579.0,48557.0,1.0
29579.0,7340.0,1.0
29579.0,45770.0,1.0
29579.0,41065.0,1.0015508581947326
29579.0,47227.0,1.0
29579.0,41089.0,1.0003899409810593
29579.0,40156.0,1.0
29579.0,45715.0,1.0
29579.0,46056.0,1.0
29579.0,43592.0,1.0
29579.0,50023.0,1.0003772730553944
29579.0,27590.0,1.0004148779023647
29579.0,43736.0,1.0
29579.0,14181.0,1.0
29579.0,47238.0,1.0007282691811807
29579.0,39752.0,1.0
29579.0,31822.0,1.0
29579.0,47220.0,1.0
29579.0,50092.0,1.000611488284436
29579.0,40079.0,1.0
29579.0,40113.0,1.0002509154827879
29579.0,47758.0,1.0007013992413836
29579.0,51973.0,1.0
29579.0,43910.0,1.0
29579.0,46023.0,1.0008433117688842
29579.0,45759.0,1.0
29579.0,47355.0,1.0
29579.0,43973.0,1.0
29579.0,52168.0,1.0
29579.0,50231.0,1.001193272868872
29579.0,50326.0,1.0002825434835563
29579.0,50380.0,1.0
29579.0,51830.0,1.0
29579.0,41595.0,1.0
29579.0,41959.0,1.0
29579.0,8790.0,1.0006632655317669
29579.0,39711.0,1.0
29579.0,46112.0,1.0
29579.0,47201.0,1.0
29579.0,45343.0,1.000344905286056
29579.0,48611.0,1.0
29579.0,49655.0,1.0
29579.0,47632.0,1.0
29579.0,47681.0,1.0022929442491801
29579.0,50112.0,1.0014057631103668
29579.0,41080.0,1.0011574009159696
29579.0,40460.0,1.0013204316675
29579.0,39922.0,1.0
29579.0,40146.0,1.0
29579.0,40152.0,1.0
29579.0,40168.0,1.0
29579.0,40367.0,1.0
29579.0,40443.0,1.0
29579.0,43747.0,1.0000194103058127
29579.0,44681.0,1.0
29579.0,41659.0,1.0
29579.0,41741.0,1.0
29579.0,41860.0,1.0
29921.0,16568.0,1.0017769528036626
30066.0,32092.0,1.0
30092.0,30953.0,1.0009811687033585
30705.0,31349.0,1.001220316088419
31941.0,32283.0,1.0037288427586963
31982.0,26907.0,1.0019164356232546
31988.0,38533.0,1.0
31988.0,48521.0,1.0
31988.0,37230.0,1.0
31988.0,43525.0,1.0004050259861614
31721.0,35390.0,1.0037305581701568
31316.0,32250.0,1.0000780182574682
31416.0,31831.0,1.0023964417208218
31570.0,19373.0,1.0037435609947198
32040.0,32358.0,1.0039884187287715
32064.0,39600.0,1.0123138088833965
32064.0,38126.0,1.0118989954934638
32064.0,38386.0,1.0119404274893762
32064.0,44703.0,1.0121307337577399
32064.0,45162.0,1.0126135047006908
32064.0,47815.0,1.0109268758054917
32064.0,47951.0,1.0113005165739797
32064.0,51866.0,1.0109383627494415
32064.0,45321.0,1.0102965166127096
32007.0,28422.0,1.003129531569855
31229.0,51936.0,1.1560749853519994
30819.0,42662.0,1.0
30819.0,32326.0,1.000816622843923
30819.0,35764.0,1.0006515662114246
30819.0,42192.0,1.0
30819.0,20003.0,1.000901736789335
30819.0,31534.0,1.0013247249133288
30819.0,41640.0,1.0007075281989197
30819.0,10707.0,1.001141930857073
30819.0,32247.0,1.0001632382171703
30819.0,34714.0,1.0001464849808182
30819.0,39397.0,1.0019259391253756
30819.0,2330.0,1.0006976044679066
30819.0,49752.0,1.0009690200752057
30819.0,44933.0,1.0
30819.0,45290.0,1.0011898690781407
30819.0,48219.0,1.0000642324493612
30736.0,4309.0,1.003249196868049
30759.0,36837.0,1.0000327652509904
30759.0,35955.0,1.0019927963992044
31004.0,33110.0,1.0027039451457314
31004.0,34982.0,1.0029102832631323
31029.0,39258.0,1.0013973789652595
31124.0,31602.0,1.0014790720111078
31155.0,31665.0,1.0
31186.0,27536.0,1.0000129279842371
30909.0,31521.0,1.0033181736196197
29059.0,35576.0,1.0
28929.0,44609.0,1.001014590721022
28929.0,26784.0,1.0037206399622272
28929.0,30013.0,1.0008911407918437
29073.0,50518.0,1.0010574191527621
28618.0,18161.0,1.002400105239111
28658.0,28850.0,1.0016069712406717
28658.0,40844.0,1.0018755109628972
28602.0,30400.0,1.0041689133721783
29536.0,30788.0,1.0008822007249296
29536.0,30925.0,1.0012167988887724
29536.0,30759.0,1.000914008535154
29276.0,30339.0,1.0031197245299948
29398.0,37132.0,1.001484369489065
26721.0,3093.0,1.0003821282460057
26789.0,38421.0,1.0028318100242026
26875.0,36557.0,1.0
26662.0,28153.0,1.0034446840080722
27284.0,40900.0,1.0011603442311494
27366.0,28596.0,1.0010659146724559
28495.0,39800.0,1.0012839670945057
28497.0,37198.0,1.0028035154260042
28555.0,33127.0,1.0017092300997672
26931.0,24044.0,1.0011872228232257
26944.0,42268.0,1.0015430035500927
27004.0,28406.0,1.0012268341888857
36893.0,35977.0,1.0016305465849318
37186.0,36196.0,1.0013490655991875
37236.0,50772.0,1.0004886025639719
37236.0,39295.0,1.0
37236.0,44039.0,1.0018572951564786
37236.0,44117.0,1.0000010332834057
37236.0,43588.0,1.000364740275597
37236.0,42248.0,1.0
37236.0,42053.0,1.0000388507878983
37236.0,42343.0,1.0006461574098193
37236.0,40837.0,1.0
37236.0,35054.0,1.0013649072583746
37236.0,36683.0,1.0006620258339916
37236.0,42640.0,1.0001703172516099
37236.0,42783.0,1.0001828622819464
37236.0,50201.0,1.0
37236.0,51821.0,1.0005610782293135
37236.0,43171.0,1.0
37236.0,47867.0,1.0
36637.0,37632.0,1.0
36637.0,40808.0,1.0
36637.0,45448.0,1.0
36637.0,51980.0,1.0
36637.0,42940.0,1.001201790624221
36637.0,9418.0,1.0008953375296414
36637.0,10092.0,1.0
36823.0,38227.0,1.00021612348688
36840.0,35912.0,1.003632158382652
36211.0,35466.0,1.004132815673169
36257.0,40712.0,1.003650181265009
36308.0,37503.0,1.0
36308.0,39429.0,1.0002251557039838
36308.0,40098.0,1.0
36308.0,40256.0,1.001546770186217
36308.0,40383.0,1.0
36308.0,36907.0,1.0002568374223388
36308.0,37069.0,1.0
36308.0,38818.0,1.0010905804358927
36308.0,39459.0,1.0
36308.0,39967.0,1.0
36129.0,22722.0,1.0002968452159164
36129.0,35482.0,1.0011959879117756
35925.0,36178.0,1.0
35987.0,35288.0,1.0014720919406566
36411.0,38346.0,1.002466401122694
36415.0,40567.0,1.0011409764075645
36485.0,35464.0,1.0025995649598867
37937.0,38024.0,1.0022387063008267
37939.0,43742.0,1.0
37939.0,47272.0,1.0010616958477103
37939.0,40168.0,1.0004592154847223
37939.0,8761.0,1.0007016817603718
37939.0,20180.0,1.0016167316166433
37939.0,38300.0,1.0
37939.0,39039.0,1.0010750071302246
37766.0,38921.0,1.0
37766.0,39216.0,1.000333945501807
37766.0,47347.0,1.0001225745733062
38256.0,10022.0,1.0000573477497274
38335.0,36965.0,1.0015294460305932
38337.0,48409.0,1.0024869529628546
38338.0,23618.0,1.0004486008187712
38251.0,40624.0,1.000501835970009
38044.0,37198.0,1.0028869667681097
38044.0,38750.0,1.002851248908043
38063.0,36812.0,1.0028579580006702
38150.0,36836.0,1.0005355197106875
37591.0,37780.0,1.0013161214117259
37277.0,35096.0,1.0015649582732753
37295.0,50518.0,1.002294593022923
37325.0,40191.0,1.0012886627764817
37325.0,45000.0,1.0006307755196866
37325.0,44056.0,1.0
37325.0,42389.0,1.0003994868162798
37325.0,39707.0,1.0
37325.0,40737.0,1.001471906023093
37405.0,141.0,1.0
37447.0,2094.0,1.0
37541.0,36461.0,1.0017220183699296
37582.0,46145.0,1.0013612194236665
37582.0,49772.0,1.0011697644918731
35826.0,35171.0,1.0029133120710765
32459.0,39042.0,1.0
32459.0,30860.0,1.0
32459.0,35502.0,1.0
32459.0,35506.0,1.0
32459.0,36697.0,1.0
32299.0,40925.0,1.000769000224002
32299.0,50166.0,1.0014660146637164
32299.0,42086.0,1.0009469489306455
32299.0,43111.0,1.001183388216545
32299.0,43130.0,1.0024091424160204
32299.0,41987.0,1.002564190524457
32299.0,5205.0,1.0
32299.0,7449.0,1.0002070195820334
32299.0,17324.0,1.0016080584072955
32299.0,18871.0,1.0008531458903496
32306.0,43039.0,1.0001233977157054
32630.0,41945.0,1.001900105434451
32670.0,10327.0,1.0014246091757957
32731.0,32836.0,1.0025019678625087
32789.0,48440.0,1.0024482879656338
32491.0,37566.0,1.0
32497.0,43427.0,1.002795859335949
32214.0,32929.0,1.0053341601495716
32262.0,34433.0,1.001020521420099
32262.0,36312.0,1.0029750800908521
32201.0,15609.0,1.0
32172.0,32509.0,1.002516341509943
32126.0,32474.0,1.0
32132.0,32384.0,1.0018335597178036
35397.0,39352.0,1.0002761900739965
35633.0,36652.0,1.001054063574266
35123.0,23682.0,1.0
35144.0,18434.0,1.0016282051534806
35319.0,16223.0,1.0017548831834644
35386.0,38227.0,1.0011903880264779
35731.0,42084.0,1.0
35731.0,37663.0,1.0006645232553846
35731.0,35317.0,1.0012069457430348
35731.0,36317.0,1.0
35017.0,44150.0,1.0016182588329623
34385.0,35596.0,1.0
34385.0,35060.0,1.000144491348242
34424.0,50182.0,1.001893437753164
34476.0,2904.0,1.0007731021053312
34550.0,38191.0,1.000767266723692
33169.0,40348.0,1.0021466917190558
34588.0,52258.0,1.0008069690181618
34705.0,38764.0,1.001664999769986
34600.0,20660.0,1.0041663847440836
34611.0,44098.0,1.0034316544776796
11702.0,15165.0,1.0015261520268517
11686.0,38976.0,1.0
11686.0,39032.0,1.0
11686.0,42169.0,1.0007330668752914
11686.0,38228.0,1.0
454.0,1319.0,1.0
454.0,1059.0,1.0
454.0,1118.0,1.0
454.0,1920.0,1.0
454.0,2439.0,1.0011705395871007
454.0,4580.0,1.0005118010237106
454.0,5256.0,1.000866858014002
454.0,5701.0,1.0002215593551196
454.0,6466.0,1.0015096194384738
454.0,6474.0,1.0
454.0,6479.0,1.0007465522715433
454.0,6595.0,1.000348904461923
454.0,2982.0,1.001440456602053
454.0,3253.0,1.0000196787412021
454.0,10801.0,1.0
454.0,13898.0,1.0
454.0,10366.0,1.0
454.0,7885.0,1.0
454.0,7912.0,1.0002743813359047
454.0,8001.0,1.0011824057278356
454.0,8380.0,1.0
454.0,8881.0,1.0013004621083155
454.0,9220.0,1.0013018758499885
454.0,9973.0,1.0002594545519836
454.0,1653.0,1.0010450828042647
454.0,1805.0,1.0
454.0,2314.0,1.0004938135055867
454.0,2342.0,1.0
454.0,2485.0,1.0
454.0,2495.0,1.0
454.0,1652.0,1.0
454.0,1566.0,1.0003324597054841
466.0,1744.0,1.0020439756271007
482.0,6389.0,1.0001354360338044
396.0,447.0,1.0030104740726888
412.0,733.0,1.0015627535484597
417.0,2938.0,1.0029291018416944
427.0,5385.0,1.00015590639852
427.0,11035.0,1.000597187458006
432.0,598.0,1.0002192931835945
432.0,57.0,1.0
386.0,2968.0,1.0
386.0,13606.0,1.0
386.0,1669.0,1.0
386.0,377.0,1.0
386.0,10702.0,1.0014686965322126
386.0,9621.0,1.000267278567542
386.0,6187.0,1.0000993792871884
386.0,9266.0,1.0011476926697436
386.0,9004.0,1.0
386.0,2799.0,1.000131338669756
386.0,717.0,1.0000115007503774
386.0,743.0,1.000660742473279
386.0,796.0,1.000660302396254
386.0,979.0,1.0002086586853287
386.0,4271.0,1.000361098294552
386.0,6555.0,1.0008273490385313
386.0,6562.0,1.0014642593705596
386.0,7589.0,1.0
386.0,7722.0,1.000339709104481
386.0,7998.0,1.0004672544479618
386.0,6139.0,1.0014526638107693
386.0,5881.0,1.0
386.0,617.0,1.0001216377189526
486.0,569.0,1.0
486.0,3451.0,1.0004300643922275
486.0,1374.0,1.0
486.0,1438.0,1.0
486.0,2417.0,1.0
619.0,5133.0,1.0001294262266132
619.0,5321.0,1.0
619.0,9030.0,1.0014437946387629
619.0,10996.0,1.0011583428191548
619.0,14129.0,1.0003992669833277
619.0,15052.0,1.0
619.0,2829.0,1.0014844937078877
604.0,10974.0,1.0002518309128638
612.0,4135.0,1.0010975724668691
612.0,2314.0,1.0013726519492416
637.0,19521.0,1.001203631241563
641.0,2934.0,1.0008276542277443
646.0,13777.0,1.0021599043041973
657.0,2231.0,1.0007737043960823
657.0,2523.0,1.0018956245619977
631.0,598.0,1.0
631.0,1613.0,1.0
631.0,2334.0,1.0
631.0,7121.0,1.0000232367421995
627.0,4681.0,1.0026560476237414
599.0,1246.0,1.003832063364405
496.0,2578.0,1.0
525.0,34409.0,1.0004268075174216
525.0,45591.0,1.0
525.0,19914.0,1.0000202618063796
525.0,46107.0,1.0006305809066287
553.0,40718.0,1.000369303062959
553.0,19408.0,1.000552258898629
553.0,3544.0,1.0
530.0,575.0,1.0
530.0,1038.0,1.0002986072498778
530.0,1508.0,1.0010363202911419
549.0,3748.0,1.001474201275337
212.0,1499.0,1.0
212.0,944.0,1.001254228303485
238.0,2667.0,1.0023285891117169
238.0,5993.0,1.0004447173119977
238.0,6035.0,1.0004112437813366
238.0,9045.0,1.0011867445990121
246.0,2150.0,1.0034512294319895
249.0,1311.0,1.0
249.0,4574.0,1.0028466140460455
249.0,6828.0,1.0024063830242655
263.0,1384.0,1.0
263.0,546.0,1.0
263.0,51878.0,1.0016023841662338
263.0,3316.0,1.1482530028208764
263.0,7739.0,1.0
196.0,10041.0,1.0012303903299307
196.0,17047.0,1.0
196.0,24100.0,1.0
196.0,31338.0,1.0002191170935952
196.0,34902.0,1.000522935510585
196.0,51841.0,1.0003849647642047
196.0,136.0,1.0015045471366262
196.0,23667.0,1.0025497175195135
196.0,6218.0,1.0028110035223665
196.0,6647.0,1.0
196.0,9792.0,1.000192141705504
196.0,12463.0,1.000477076138705
196.0,4265.0,1.0
196.0,504.0,1.0001898747172384
196.0,2322.0,1.0
196.0,2458.0,1.0
273.0,4165.0,1.0
279.0,6386.0,1.0030844029104045
293.0,136.0,1.003247019596046
294.0,1244.0,1.0
300.0,4156.0,1.0015248415101623
188.0,453.0,1.000056752929898
188.0,1039.0,1.0
188.0,88.0,1.0006048524606064
190.0,460.0,1.0011661455463918
165.0,27056.0,1.0
165.0,32622.0,1.0004845148337975
165.0,44903.0,1.0
165.0,40602.0,1.0
165.0,36609.0,1.0
165.0,8905.0,1.0
165.0,20318.0,1.0
165.0,37554.0,1.0010800971410567
165.0,8017.0,1.0
165.0,48523.0,1.0007339848235266
165.0,50037.0,1.0
165.0,50511.0,1.0002270470374344
165.0,4740.0,1.1112413405150756
165.0,10555.0,1.0004108991721727
165.0,16194.0,1.0018417311899
165.0,17684.0,1.0002230778083379
165.0,19693.0,1.0
165.0,20621.0,1.0011873957313757
165.0,27877.0,1.0001223078681365
165.0,37967.0,1.0
165.0,43189.0,1.0002998202066016
165.0,28560.0,1.0006118978880063
165.0,30868.0,1.0
165.0,31078.0,1.002519250152466
165.0,31103.0,1.0
165.0,32023.0,1.001521953629136
165.0,32808.0,1.0001110326312723
165.0,4139.0,1.0005246273565933
165.0,8472.0,1.000941544922508
165.0,8936.0,1.0004752382062365
165.0,6375.0,1.0
185.0,361.0,1.000697184228847
187.0,399.0,1.000517375719488
342.0,450.0,1.0021049117276981
342.0,1783.0,1.0013153177027572
342.0,16104.0,1.0009034357731332
349.0,570.0,1.0000802294098872
349.0,7060.0,1.0011602058808702
349.0,7285.0,1.001244433982829
349.0,7454.0,1.0005876225943124
373.0,981.0,1.0034926049579782
374.0,4124.0,1.0
374.0,5575.0,1.0021643156904627
374.0,8902.0,1.0021307058566975
374.0,10619.0,1.0009586985255428
374.0,5519.0,1.0004983727213368
374.0,3411.0,1.0
374.0,3798.0,1.0
374.0,4081.0,1.0009505031099695
374.0,4133.0,1.0
334.0,1852.0,1.0
328.0,1624.0,1.1356724086409222
328.0,1384.0,1.0004611316250522
328.0,1255.0,1.0013366295137316
328.0,3364.0,1.0
661.0,2644.0,1.0020846830690713
661.0,2203.0,1.0030295459156013
1081.0,1569.0,1.001231380491497
1094.0,4561.0,1.0016462326757167
1110.0,1444.0,1.002531197061574
1110.0,1338.0,1.001929166460384
1110.0,1417.0,1.0024902052666682
1111.0,38770.0,1.0
1073.0,8329.0,1.0020184595278967
1063.0,5415.0,1.0
1063.0,4890.0,1.000049883698551
1063.0,2047.0,1.0011604298321226
1132.0,16414.0,1.0009630163286853
1183.0,3049.0,1.0
1183.0,6271.0,1.0001135162445787
1183.0,3082.0,1.0
1183.0,2021.0,1.0014348147149918
1183.0,2167.0,1.0006280126750267
1205.0,1829.0,1.0015682319140369
1134.0,7648.0,1.0019304300708494
1150.0,34687.0,1.002619791220712
1044.0,36304.0,1.0003960783340642
1044.0,38907.0,1.0
1044.0,25217.0,1.0006794221207675
1044.0,36158.0,1.0
1044.0,42364.0,1.0013511482284538
1044.0,38802.0,1.000605598854335
1044.0,36457.0,1.0004277936299906
1044.0,5514.0,1.0
1044.0,1499.0,1.0
1044.0,3364.0,1.0
1044.0,1392.0,1.0
1044.0,30874.0,1.0
1044.0,36482.0,1.0008993022626305
1044.0,14533.0,1.0
1044.0,14569.0,1.0
1044.0,14832.0,1.0020050112944356
1044.0,22864.0,1.0013861519378076
1044.0,23374.0,1.0026899623694892
1044.0,2802.0,1.0018357828339481
1044.0,3327.0,1.0
1044.0,5499.0,1.0000592289080352
1044.0,6438.0,1.0
1044.0,6633.0,1.0023679119937285
1044.0,7055.0,1.000425332526854
1044.0,3691.0,1.0000234653873736
1061.0,2199.0,1.0036512818510623
1061.0,2241.0,1.0
1061.0,4639.0,1.0032983224969112
1049.0,1449.0,1.0009207158569235
1049.0,43894.0,1.0006231811031208
1208.0,2311.0,1.0
1580.0,4724.0,1.0023777889418146
1580.0,23537.0,1.0038763715315195
1618.0,1976.0,1.0032294961720032
1624.0,1059.0,1.000577627349233
1626.0,4508.0,1.0014990378151987
1626.0,2867.0,1.0
1403.0,7188.0,1.0010026305005038
1408.0,15005.0,1.0015382691167058
1409.0,301.0,1.0013438961658938
1409.0,1670.0,1.002529471957556
1398.0,3506.0,1.0
1398.0,2117.0,1.0006952610187418
1398.0,2175.0,1.0011475244280934
1398.0,2910.0,1.0
1690.0,5849.0,1.0006691164535335
1690.0,4203.0,1.0007428756241896
1690.0,4692.0,1.0014171947936967
1703.0,2211.0,1.0049963993463358
1708.0,2167.0,1.001610524789586
1735.0,2064.0,1.0
1735.0,4098.0,1.0
1735.0,6381.0,1.0
1679.0,1896.0,1.0
1337.0,2938.0,1.0014546168961591
1337.0,22534.0,1.0
1337.0,2330.0,1.001055808698365
1337.0,1825.0,1.0
1337.0,4607.0,1.0017728826416845
1305.0,8370.0,1.0
1305.0,7407.0,1.000695387657455
1283.0,6921.0,1.0005132735388576
1299.0,23317.0,1.0020830862662826
1299.0,40922.0,1.0032257194003378
1300.0,5141.0,1.0018728399267598
1343.0,2039.0,1.000354052358545
1343.0,2350.0,1.0012554283191746
1343.0,2104.0,1.0006304087376046
1343.0,2236.0,1.0006187643818703
1343.0,1745.0,1.0
914.0,2001.0,1.0006639021506836
914.0,18812.0,1.0005945724628675
878.0,3433.0,1.0000746236179643
880.0,890.0,1.0018000277625614
949.0,45631.0,1.000121007393996
949.0,9727.0,1.0
949.0,35751.0,1.000746495256032
949.0,2150.0,1.0011835440984793
949.0,5459.0,1.0
949.0,1895.0,1.0016725689559498
949.0,2304.0,1.000522083046374
949.0,3188.0,1.002553970990663
949.0,8920.0,1.000352275990916
949.0,9420.0,1.000996764154738
949.0,10710.0,1.0
949.0,10932.0,1.0
949.0,12472.0,1.0
949.0,18767.0,1.0
949.0,6489.0,1.0
949.0,7239.0,1.0006537930200115
949.0,7327.0,1.0000363304434312
949.0,20251.0,1.0002651525653885
949.0,47914.0,1.0010383087441435
949.0,43132.0,1.0
949.0,22825.0,1.0005851669494674
949.0,34756.0,1.0
949.0,39180.0,1.0005617721097795
949.0,39845.0,1.0
919.0,4549.0,1.0018999597816765
919.0,5300.0,1.0014382063396334
922.0,1266.0,1.0
929.0,1164.0,1.0017704309377733
932.0,9604.0,1.002769855688038
867.0,4873.0,1.000506733962909
867.0,2103.0,1.00056069313226
867.0,5026.0,1.0011991583870568
867.0,5155.0,1.0007869208780327
867.0,5159.0,1.0003262150714223
710.0,1169.0,1.0007221505379513
742.0,2458.0,1.0
782.0,5537.0,1.0022982121245514
782.0,7896.0,1.0027530933946986
782.0,9409.0,1.001449262719181
800.0,1508.0,1.0
800.0,1074.0,1.0
805.0,40639.0,1.001089508760117
805.0,44376.0,1.0
683.0,141.0,1.000811945223596
669.0,3274.0,1.001282581058354
681.0,1243.0,1.0008147991296947
826.0,3515.0,1.000449959067123
826.0,19662.0,1.0022367561048775
826.0,1800.0,1.0013428908686668
860.0,1118.0,1.0028478087038992
810.0,1825.0,1.0022104923654112
824.0,14766.0,1.0009780221477578
1039.0,15728.0,1.0
1039.0,2621.0,1.0
1039.0,3327.0,1.0
1039.0,3360.0,1.0
1039.0,7527.0,1.0000470149869347
1011.0,4707.0,1.0010658964968873
971.0,2167.0,1.0020110772400384
982.0,19786.0,1.0005698665157199
1007.0,3665.0,1.0009339146796274
23.0,6805.0,1.0
23.0,34322.0,1.0
23.0,28589.0,1.0
23.0,41787.0,1.0007472374341457
23.0,14178.0,1.0
23.0,35927.0,1.0
23.0,36310.0,1.0
23.0,42363.0,1.0
23.0,4159.0,1.0
23.0,19593.0,1.0
23.0,10977.0,1.0
23.0,18700.0,1.0
23.0,4873.0,1.000081940828517
23.0,43441.0,1.0
23.0,3486.0,1.0
23.0,39918.0,1.0
23.0,42534.0,1.0
23.0,44984.0,1.0000555401519404
23.0,42724.0,1.00105777616123
23.0,31526.0,1.000766345249706
23.0,50401.0,1.0000440283906125
23.0,47488.0,1.0
23.0,47551.0,1.0
23.0,40288.0,1.0
23.0,9661.0,1.0001910550586115
23.0,475.0,1.0
23.0,2150.0,1.0008934278208053
23.0,7904.0,1.0
23.0,19447.0,1.0
23.0,7035.0,1.0001604367347259
23.0,5575.0,1.0015319031833685
23.0,4192.0,1.0
23.0,4607.0,1.0011909557273722
23.0,2802.0,1.0015882914633127
23.0,19786.0,1.0
23.0,26799.0,1.000045958623089
23.0,27442.0,1.0
23.0,27574.0,1.0008634935518066
23.0,27717.0,1.0018112094832785
23.0,27675.0,1.0
23.0,22234.0,1.0
23.0,23142.0,1.0
23.0,23848.0,1.0005107008960823
23.0,23913.0,1.0019109931471335
23.0,35779.0,1.0008321812446057
23.0,31862.0,1.0005525573764336
23.0,28844.0,1.0
23.0,30337.0,1.0004606107222997
23.0,31084.0,1.000449325899829
23.0,31848.0,1.0002175246019824
23.0,15314.0,1.001529398837034
23.0,15734.0,1.0005942410809758
23.0,15903.0,1.0
23.0,15911.0,1.0012037056506113
23.0,15928.0,1.0
23.0,16007.0,1.0
23.0,14097.0,1.0010059170368624
23.0,14107.0,1.0
23.0,14280.0,1.0005061197298748
23.0,14325.0,1.0
23.0,14367.0,1.0
23.0,14381.0,1.0
23.0,35981.0,1.0010457880873844
23.0,19236.0,1.0
23.0,19924.0,1.0
23.0,20255.0,1.0001435846102082
23.0,16270.0,1.0001217212151015
23.0,17932.0,1.0
23.0,18489.0,1.0
23.0,18543.0,1.000730234269783
23.0,18916.0,1.0
23.0,47786.0,1.0
23.0,49702.0,1.0015916779106444
23.0,49771.0,1.0009129751831152
23.0,50040.0,1.0
23.0,4448.0,1.0
23.0,47675.0,1.0004405892145627
23.0,39717.0,1.0
23.0,39980.0,1.0002005816206843
23.0,42489.0,1.0004136237399504
23.0,44884.0,1.0
23.0,44800.0,1.0
23.0,44592.0,1.0027859216923696
23.0,42920.0,1.001264343341061
23.0,43087.0,1.0
23.0,2694.0,1.0008993743995809
23.0,3465.0,1.0
23.0,3542.0,1.0025537544183636
23.0,2402.0,1.0022768264192274
23.0,4787.0,1.0
23.0,4978.0,1.0001796340200777
23.0,5238.0,1.0000610174131115
23.0,4582.0,1.0
23.0,4566.0,1.000704796777124
23.0,4502.0,1.0008457173168683
23.0,5343.0,1.0
23.0,9504.0,1.0017680686644663
23.0,9981.0,1.0
23.0,8471.0,1.0
23.0,8493.0,1.0000172654581163
23.0,8501.0,1.0007882507193835
23.0,8614.0,1.0008616646090467
23.0,8686.0,1.0
23.0,10038.0,1.0016757122738402
23.0,10915.0,1.0005238096970404
23.0,11054.0,1.001923240590822
23.0,12507.0,1.0
23.0,13900.0,1.0
23.0,13915.0,1.0
23.0,10080.0,1.0003278011953094
23.0,10154.0,1.0
23.0,10211.0,1.0002650971793172
23.0,10435.0,1.0
23.0,8217.0,1.0
23.0,6493.0,1.0009938484772507
23.0,6553.0,1.0017885626477678
23.0,6561.0,1.0
23.0,6643.0,1.0
23.0,6648.0,1.0002093475597535
23.0,6723.0,1.0010398115787427
23.0,6745.0,1.0004188682137232
23.0,6769.0,1.0
23.0,6847.0,1.0
23.0,5711.0,1.0010127678205363
23.0,5912.0,1.0006378039518384
23.0,6024.0,1.0
23.0,6208.0,1.0
23.0,6275.0,1.0
23.0,7857.0,1.000240627384504
23.0,7044.0,1.000776863489939
23.0,7092.0,1.0
23.0,2693.0,1.0
24.0,18.0,1.0454837792247844
24.0,1678.0,1.0459321939135149
24.0,956.0,1.0461996189676
24.0,5373.0,1.0453998217408402
24.0,643.0,1.0439449217514367
34.0,4398.0,1.0017073655624391
34.0,475.0,1.0001458580014966
34.0,1255.0,1.0009970228996719
34.0,32.0,1.0004522120117125
34.0,950.0,1.0
34.0,12.0,1.0
34.0,210.0,1.0
34.0,297.0,1.0
34.0,514.0,1.0011426686055807
34.0,1540.0,1.0
35.0,9830.0,1.001407465232932
35.0,17313.0,1.0007484659517725
35.0,18392.0,1.0010300698025998
15.0,361.0,1.000804377676193
11.0,6377.0,1.0007865652835688
5.0,50205.0,1.0003160191438005
5.0,6664.0,1.0008000408371691
5.0,44947.0,1.0001591181297351
5.0,40107.0,1.0
5.0,231.0,1.00075907831599
5.0,2667.0,1.0017619833063636
5.0,256.0,1.000240235640106
5.0,1700.0,1.0000576499580658
5.0,1355.0,1.0
5.0,1276.0,1.0003212269238415
5.0,6095.0,1.000064396470352
5.0,278.0,1.0
5.0,2922.0,1.0006296529873766
5.0,434.0,1.0007631594421498
5.0,218.0,1.000724232133417
5.0,14110.0,1.0001540771697628
5.0,14988.0,1.0011005326880766
5.0,15819.0,1.0
5.0,19151.0,1.0011877891056777
10.0,3748.0,1.0021262910463091
10.0,262.0,1.0024634467134435
104.0,2761.0,1.01851092061114
104.0,30796.0,1.0179654600509993
104.0,3506.0,1.0175532345787353
104.0,18420.0,1.0173668962278317
104.0,2069.0,1.0187773486952674
104.0,2262.0,1.018160298560001
104.0,23060.0,1.019109023053539
104.0,40348.0,1.0190914704043554
104.0,30862.0,1.0187810784585372
104.0,30907.0,1.020413804056415
104.0,32028.0,1.018956568707647
104.0,33114.0,1.0177112273522924
104.0,36421.0,1.0179287959981842
104.0,16213.0,1.0186609252098384
104.0,20698.0,1.020196275294042
104.0,26574.0,1.0070526822087635
104.0,27364.0,1.0187721670901841
104.0,38657.0,1.0187585210853105
104.0,39432.0,1.0202765259644178
104.0,10574.0,1.0180585439108651
104.0,41779.0,1.0199142240136714
123.0,487.0,1.0
123.0,535.0,1.0015306105563804
123.0,243.0,1.0002944195632903
141.0,227.0,1.0011994662273003
143.0,1801.0,1.0
143.0,2975.0,1.0
143.0,32025.0,1.0
143.0,35263.0,1.0
114.0,260.0,1.0007429186872123
106.0,41274.0,1.0016495280049986
110.0,100.0,1.0
113.0,1091.0,1.0029942749059177
96.0,10606.0,1.0
96.0,34322.0,1.0030068494011986
96.0,154.0,1.002362900878077
96.0,9193.0,1.0043668030437305
96.0,7450.0,1.002910394419258
96.0,36064.0,1.0033132400102962
96.0,956.0,1.0035877046048671
96.0,2587.0,1.0043012808999001
96.0,2417.0,1.0026283552834157
96.0,2540.0,1.0025389110095078
96.0,34756.0,1.0
96.0,262.0,1.0040199395832317
96.0,25173.0,1.004176341855016
96.0,28536.0,1.00303014523799
96.0,39742.0,1.0047280597169572
96.0,2466.0,1.0030333765631771
96.0,138.0,1.0029808512740037
96.0,8490.0,1.0025690899991946
96.0,8807.0,1.0019716324867012
96.0,9149.0,1.0040437422506143
96.0,8286.0,1.0046441706005076
96.0,7315.0,1.0015319839398973
96.0,7413.0,1.0022408315519318
96.0,7489.0,1.0046843326377592
96.0,7272.0,1.0036574879078342
96.0,19177.0,1.0044351094930852
96.0,19312.0,1.0035243343853422
96.0,19395.0,1.0024882786369234
96.0,13772.0,1.0029624280512892
96.0,18415.0,1.0029626590635903
96.0,1782.0,1.0033882136914698
96.0,1960.0,1.004473913873562
96.0,1994.0,1.004184076580271
96.0,552.0,1.0034768465383292
96.0,6016.0,1.0036396836695998
96.0,6325.0,1.0030593592987087
96.0,2612.0,1.0027569789742827
96.0,2629.0,1.002544691086198
96.0,2649.0,1.0030139041430357
96.0,5283.0,1.0024515522298096
100.0,250.0,1.002044566083229
100.0,269.0,1.0005441637249812
100.0,303.0,1.0
100.0,3345.0,1.0005487274083213
100.0,225.0,1.0
98.0,57.0,1.0
155.0,8067.0,1.0010673025196257
80.0,4886.0,1.0
80.0,101.0,1.0
80.0,5366.0,1.0001680267613853
80.0,2243.0,1.0
80.0,3612.0,1.000304047891073
82.0,41.0,1.0002826923224235
82.0,453.0,1.0
82.0,3635.0,1.0003547238507788
82.0,2839.0,1.0
82.0,1101.0,1.000504383654732
82.0,1604.0,1.0023673701364264
82.0,1746.0,1.0015806669313392
82.0,2178.0,1.0015863078468803
82.0,6355.0,1.0004143680362503
82.0,5323.0,1.0011241721665654
83.0,74.0,1.0
83.0,377.0,1.0
83.0,100.0,1.0
83.0,275.0,1.0
83.0,23896.0,1.0015781986366017
85.0,68.0,1.0015328323212604
90.0,570.0,1.0001244469330812
79.0,15336.0,1.0004188596934598
79.0,15886.0,1.0007079479023864
79.0,162.0,1.0
79.0,4630.0,1.0005341229268339
79.0,5021.0,1.0
79.0,8929.0,1.0003803343719029
39.0,1238.0,1.0
39.0,1366.0,1.0
39.0,6001.0,1.0
43.0,2862.0,1.0029988279017896
45.0,369.0,1.0
45.0,297.0,1.0
45.0,4840.0,1.000510572358615
45.0,7783.0,1.0013557032526792
45.0,7953.0,1.000499443233126
78.0,315.0,1.0016358814458701
64.0,22529.0,1.0000000752795413
64.0,1976.0,1.0004246766637945
64.0,156.0,1.0004536223341476
64.0,6888.0,1.0005598165552307
48.0,59.0,1.002650681362725
49.0,976.0,1.0000171303276417
49.0,30094.0,1.0016358979847266
6656.0,18173.0,1.0165342888686466
6656.0,19974.0,1.016206346913187
6656.0,10625.0,1.0177514538755765
6656.0,9377.0,1.0157371188212585
6656.0,8157.0,1.017510692852993
6656.0,22002.0,1.0120578379804133
6656.0,8699.0,1.0180287145244526
6656.0,9466.0,1.0167961349215713
6656.0,8377.0,1.0165188037356478
6656.0,11071.0,1.0167322183391145
6656.0,19281.0,1.0183551420232744
6656.0,23404.0,1.0179848616357143
6656.0,19027.0,1.017584863111864
6656.0,18732.0,1.0128768165061013
6656.0,16369.0,1.0164325665931175
6656.0,16400.0,1.0168812398129938
6629.0,27223.0,1.0
6629.0,9920.0,1.000942640390541
6629.0,15745.0,1.0008086377694783
6629.0,16829.0,1.0
6629.0,22395.0,1.000251056706187
6629.0,17519.0,1.0001360150768972
6629.0,21907.0,1.0
6629.0,20115.0,1.0
6629.0,18338.0,1.0
6629.0,2141.0,1.0
6629.0,26730.0,1.0002088664916773
6629.0,30975.0,1.0005802860524078
6629.0,44348.0,1.0
6629.0,17483.0,1.000083721419428
6629.0,17966.0,1.0016996163517446
6652.0,10469.0,1.001509531436942
6444.0,20880.0,1.0025308939466047
6507.0,43193.0,1.0009559451970884
6533.0,9029.0,1.0
6933.0,14232.0,1.0019802239636149
6933.0,9099.0,1.0004718946760214
6933.0,2168.0,1.0023847027128496
6933.0,10566.0,1.000463264147259
6956.0,20073.0,1.0003955072154007
7000.0,9184.0,1.005451034088845
7040.0,4771.0,1.0022142259210813
7052.0,6191.0,1.0033705073632415
6862.0,9019.0,1.0354231652375532
6862.0,10768.0,1.0335255151781104
6876.0,2600.0,1.0005710968132207
6876.0,9019.0,1.0001120079992791
6876.0,9704.0,1.0004467691879082
7188.0,10906.0,1.0
7188.0,19577.0,1.0
7188.0,15768.0,1.0001892780213024
7188.0,10462.0,1.0
7189.0,4456.0,1.0030568953368177
7202.0,14028.0,1.0013574689732594
7202.0,14848.0,1.0012863979420523
7211.0,9543.0,1.0029553464067218
7280.0,8731.0,1.0
7280.0,23213.0,1.0
7152.0,44245.0,1.0012781936327635
7164.0,10049.0,1.0019020555674747
6710.0,37081.0,1.0000890835588265
6710.0,20502.0,1.0
6710.0,36162.0,1.0016977463297845
6710.0,47679.0,1.0010809454352607
6673.0,9220.0,1.0038883839061752
6815.0,9971.0,1.0005076592874032
6844.0,47906.0,1.0029365966606738
6844.0,15416.0,1.0015710945153697
6794.0,8933.0,1.0032057654683184
6397.0,18566.0,1.0016498829926228
5337.0,18329.0,1.0005478796380758
5337.0,43742.0,1.0001739320263925
5337.0,38351.0,1.0021569572971298
5337.0,2215.0,1.0013776474993683
5337.0,13612.0,1.0000866842807745
5337.0,19126.0,1.0018330379825364
5337.0,34813.0,1.0021794547185296
5326.0,10410.0,1.0019827859301365
5186.0,28403.0,1.000773384737992
5186.0,8682.0,1.0019098733751415
5272.0,3420.0,1.0043207191785624
5278.0,25316.0,1.00137318828532
5510.0,23814.0,1.0021341134387098
5580.0,3371.0,1.0014447615920454
5617.0,7353.0,1.0
5686.0,7486.0,1.0
5696.0,8049.0,1.002246070603637
5487.0,10680.0,1.0
5487.0,17547.0,1.0015742117093125
5487.0,37960.0,1.0019287907567687
5388.0,7093.0,1.0006632383448677
5422.0,7882.0,1.0022664282053344
5462.0,7160.0,1.0
5120.0,8615.0,1.002729060399143
5121.0,6704.0,1.0033746959745673
5125.0,50642.0,1.0008967739043664
5125.0,49979.0,1.0002274794373947
5139.0,5268.0,1.0041934151321046
5142.0,12276.0,1.001708752232377
5079.0,16175.0,1.0
5079.0,26478.0,1.0005037966632766
5079.0,34972.0,1.0012282618628467
5167.0,49932.0,1.0003987910284327
5167.0,35318.0,1.000248754351482
5167.0,35904.0,1.0003079445619005
5167.0,9884.0,1.0
5167.0,27103.0,1.0
5167.0,32252.0,1.0
6236.0,17775.0,1.0003161600072428
6254.0,49708.0,1.0003544208510657
6254.0,18668.0,1.001622646949523
6256.0,8650.0,1.0013932033195856
6263.0,16665.0,1.0
6268.0,8057.0,1.0016102892509224
6272.0,2112.0,1.0
6272.0,399.0,1.0002401017998732
6308.0,41647.0,1.0021510182777669
6308.0,22709.0,1.0001501699258586
6308.0,48351.0,1.0003726567946605
6308.0,37922.0,1.0021395850981831
6308.0,38637.0,1.001235336681234
6308.0,41004.0,1.0015412601687452
6321.0,6839.0,1.003598417203081
6285.0,8146.0,1.0017597183070706
5844.0,36638.0,1.0029771661876248
5850.0,7680.0,1.0001817954827277
5877.0,10204.0,1.0015487963148926
5885.0,7931.0,1.0
5898.0,7668.0,1.0
5961.0,14772.0,1.003531480783869
5961.0,18381.0,1.0043387049468646
5973.0,8056.0,1.0008835386632975
5973.0,9759.0,1.0
5827.0,23136.0,1.0004131952298572
5811.0,7666.0,1.0021661494217748
5730.0,41636.0,1.0024296460965434
5775.0,7267.0,1.0008731523377739
5775.0,9502.0,1.0015478649025027
5775.0,9554.0,1.002789459701849
5775.0,13801.0,1.0012383271502057
6181.0,8516.0,1.0016518916247168
6185.0,5332.0,1.0002065221173604
6190.0,8055.0,1.0011358426257788
6228.0,17481.0,1.0027465463062142
6042.0,7589.0,1.0034720324274207
5027.0,20700.0,1.0030526110245028
5027.0,23145.0,1.0023564612897244
9094.0,51914.0,1.001960302132886
9113.0,12472.0,1.0023955929901205
10208.0,13581.0,1.0
10232.0,548.0,1.003364381651306
10240.0,13578.0,1.0006274584507875
8980.0,8757.0,1.0015982545489082
8980.0,13814.0,1.0001226717453349
9039.0,37119.0,1.0020025291449295
9085.0,12469.0,1.0025908886706123
10622.0,14524.0,1.0029789307909849
10630.0,9938.0,1.0017705700882436
10611.0,18727.0,1.0016639422137648
10516.0,11249.0,1.0030783287063243
10570.0,13907.0,1.0013744965614222
8755.0,12438.0,1.0
8755.0,22815.0,1.0000798412562915
8755.0,14263.0,1.0003112697810774
8755.0,28122.0,1.0009621340673323
8755.0,15483.0,1.0014554906219022
8755.0,14280.0,1.0006276151198772
8755.0,7353.0,1.0
8755.0,16228.0,1.0
8755.0,14680.0,1.0002935259847525
8755.0,32613.0,1.0
8755.0,20211.0,1.0004233427887117
8755.0,23304.0,1.0006687803068686
8755.0,26841.0,1.000184171839158
8755.0,13874.0,1.0
8755.0,14343.0,1.0
8755.0,14454.0,1.0
8755.0,11207.0,1.0
8755.0,13785.0,1.0001333627938467
8755.0,13807.0,1.0
8755.0,14026.0,1.0006592484075119
8755.0,17189.0,1.0
8755.0,17392.0,1.000455235122257
8755.0,18660.0,1.002401718873292
8755.0,11075.0,1.000024609450027
8858.0,11187.0,1.0032944185267996
8865.0,40096.0,1.0
8865.0,46056.0,1.0
8865.0,39295.0,1.0
8865.0,18338.0,1.0
8865.0,39830.0,1.0
8883.0,49721.0,1.0
8930.0,19994.0,1.0018743692965721
11387.0,19092.0,1.0001279567025791
11387.0,28376.0,1.0
11400.0,11187.0,1.0
11430.0,15086.0,1.0
11430.0,16265.0,1.0008592899470263
11374.0,14881.0,1.0023483196964218
11209.0,30469.0,1.0000590470123885
11209.0,641.0,1.0
11209.0,22544.0,1.0
11209.0,38909.0,1.0005200546089827
11209.0,15167.0,1.0014120742291244
11209.0,16010.0,1.0007872499378505
11209.0,18246.0,1.0002329842479767
11209.0,14639.0,1.0005539622611053
11209.0,6577.0,1.0006075334024995
11313.0,14837.0,1.004948829572239
11384.0,3737.0,1.0005726309562641
11643.0,1059.0,1.0
11643.0,40967.0,1.0007373665205905
11643.0,31908.0,1.0000417608144776
11657.0,7341.0,1.0037451609544992
11515.0,1586.0,1.000066947749778
11551.0,14983.0,1.001944539210721
11577.0,15055.0,1.0012390935868012
11591.0,41240.0,1.0037865414479432
11616.0,50551.0,1.001956439609531
10784.0,9228.0,1.0027934081482572
10966.0,23750.0,1.0015838237854988
10996.0,9316.0,1.000694770982544
10996.0,17229.0,1.0
11077.0,14562.0,1.0019685491096495
11084.0,907.0,1.0
11089.0,14301.0,1.0023156604634023
11136.0,10540.0,1.0030505671772878
11147.0,14645.0,1.0010520438279205
11169.0,6686.0,1.003431137293493
8163.0,10909.0,1.0
8163.0,2282.0,1.0024737803758457
8163.0,10737.0,1.0011009418342285
8163.0,3465.0,1.0
8188.0,17446.0,1.0
8188.0,34220.0,1.0003797343198682
8188.0,15235.0,1.0
8188.0,14983.0,1.0
8188.0,19212.0,1.0
8188.0,23877.0,1.0
8081.0,22173.0,1.002799118034724
8076.0,7531.0,1.0040524899532013
7922.0,8630.0,1.0008986309062435
7927.0,8630.0,1.001259926903216
7992.0,10274.0,1.0016568315858523
7998.0,14958.0,1.0018660951877785
7998.0,15838.0,1.0009228601160531
7998.0,18012.0,1.0002579899681876
8014.0,2.0,1.0039317463911204
8040.0,10302.0,1.0016776074442977
8256.0,48201.0,1.0045829659636127
8380.0,15034.0,1.0003878459875921
8380.0,7011.0,1.0011765839143734
8380.0,10692.0,1.0009206106380204
8211.0,10408.0,1.0007689638743513
8192.0,36965.0,1.0005891760084409
8192.0,36480.0,1.0036776756374617
7450.0,10159.0,1.0
7450.0,6166.0,1.001289573387097
7496.0,9849.0,1.0
7505.0,4290.0,1.0027618361475894
7550.0,9832.0,1.0026209269823898
7569.0,9981.0,1.0000745015024024
7569.0,10425.0,1.0012339647557
7569.0,12491.0,1.0021019609175534
7569.0,16416.0,1.0000488934692124
7395.0,9788.0,1.0
7395.0,10003.0,1.0009280821005277
7302.0,9585.0,1.0037663513755113
7329.0,9139.0,1.0
7336.0,805.0,1.0013224444810052
7336.0,8373.0,1.001816136749798
7336.0,9609.0,1.0027588241425032
7387.0,18950.0,1.0010396504758574
7387.0,9422.0,1.0003977487387101
7387.0,19211.0,1.0
7772.0,9956.0,1.0034590465632918
7646.0,15351.0,1.0016974099321039
7654.0,402.0,1.0
7654.0,23479.0,1.0004799363780732
8436.0,50094.0,1.0005527006324224
8436.0,11255.0,1.0007741719201602
8436.0,17655.0,1.0002456669450792
8497.0,11024.0,1.0009269736365984
8385.0,7083.0,1.0014060269920213
8691.0,19830.0,1.0000259253793276
8691.0,13652.0,1.0
8691.0,14247.0,1.0003363219221815
8691.0,13972.0,1.0004758333055959
8725.0,8420.0,1.002514332985022
8532.0,17057.0,1.0
8532.0,2215.0,1.0009447611667546
8532.0,15361.0,1.0008018971219117
8690.0,11034.0,1.0001247359132932
8690.0,14540.0,1.0018990121709295
5005.0,8771.0,1.0016087268217135
2703.0,1456.0,1.0092176917754894
2703.0,17811.0,1.0181576355116078
2703.0,36178.0,1.0165427460848844
2703.0,16742.0,1.016370572374
2703.0,16920.0,1.016384164005126
2703.0,6572.0,1.0152929099757235
2703.0,16414.0,1.017580973824912
2703.0,17451.0,1.0153526120904524
2703.0,10301.0,1.0169513559244676
2703.0,22809.0,1.0169729598436257
2703.0,26627.0,1.016803274631371
2703.0,41562.0,1.0163933565300431
2703.0,38520.0,1.0179009419902065
2703.0,27329.0,1.0166363221908112
2703.0,4320.0,1.0170781933624358
2703.0,3616.0,1.015241814579554
2703.0,17723.0,1.0166020409374896
2703.0,4421.0,1.016500322407651
2703.0,4796.0,1.016880882509499
2703.0,23877.0,1.015856590630107
2703.0,14984.0,1.018234285818892
2703.0,18708.0,1.017402729155519
2703.0,18824.0,1.0172639165709128
2703.0,18833.0,1.0179832538992906
2703.0,22015.0,1.016539037383107
2703.0,18280.0,1.0170696368498588
2703.0,17572.0,1.0160812592527735
2703.0,17610.0,1.0165244164149314
2703.0,18004.0,1.0167685129009114
2703.0,18199.0,1.0175985380457706
2703.0,23731.0,1.0158305363737898
2703.0,24005.0,1.0182648900818108
2703.0,24050.0,1.0192319537139791
2703.0,22862.0,1.016881126741771
2703.0,23083.0,1.019246434479087
2703.0,23108.0,1.0172794085911678
2703.0,23216.0,1.01732161449491
2703.0,23326.0,1.0166028119764807
2703.0,23358.0,1.0163965292935873
2703.0,17501.0,1.0170467590411572
2703.0,17461.0,1.0178975695255477
2703.0,3201.0,1.0173903014991739
2703.0,12513.0,1.0178640941930246
2703.0,14626.0,1.017511767618207
2703.0,15252.0,1.0159477537670911
2703.0,4434.0,1.0178399114744734
2703.0,8306.0,1.0178936608576876
2703.0,35364.0,1.0167453311638337
2703.0,26724.0,1.0166143029730945
2703.0,26968.0,1.0173107340357008
2703.0,17881.0,1.0166413547578412
2603.0,7188.0,1.0
2603.0,9609.0,1.0
2603.0,17054.0,1.0
2603.0,9273.0,1.0
2603.0,10985.0,1.0
2637.0,5719.0,1.002891784592608
2697.0,3821.0,1.002386066194182
2995.0,3433.0,1.0
3068.0,5691.0,1.0
3068.0,3550.0,1.0
2974.0,4221.0,1.0024206956213368
2857.0,3348.0,1.0026615905504435
2867.0,3371.0,1.001026645899832
2893.0,3383.0,1.0012176908467472
2944.0,3433.0,1.0027789229427466
2954.0,3433.0,1.0025749988400778
2958.0,3000.0,1.0008336733613363
3126.0,8146.0,1.0000085115219115
3126.0,10579.0,1.0
3126.0,7765.0,1.0002664272302304
3126.0,8154.0,1.0
3126.0,5337.0,1.0003907310535634
3126.0,10183.0,1.000764683894108
3126.0,3058.0,1.0003743584967726
3114.0,4845.0,1.001262570322303
3114.0,4597.0,1.0005938360733915
3114.0,3070.0,1.0
2722.0,3150.0,1.0501561555963792
2722.0,1570.0,1.0506079549595162
2722.0,3235.0,1.0498500911043007
2722.0,4087.0,1.051602337835977
2828.0,35536.0,1.0
2828.0,48450.0,1.0
2828.0,27634.0,1.0013699638947344
2828.0,34403.0,1.0003967644753147
2033.0,19298.0,1.0
2033.0,27394.0,1.0
2033.0,8771.0,1.0
2033.0,8467.0,1.0
2033.0,9937.0,1.0
2033.0,14299.0,1.0
2033.0,23358.0,1.0
2033.0,10224.0,1.0002579146727955
2033.0,23306.0,1.0006019065296416
2033.0,14504.0,1.0
2027.0,5264.0,1.0
2027.0,4816.0,1.002445057901549
2027.0,19665.0,1.002171469044767
2067.0,1056.0,1.0028980471393005
2080.0,42662.0,1.001083064417432
2087.0,3049.0,1.0
2111.0,2507.0,1.000576512377612
2114.0,8560.0,1.0012455706835426
2011.0,2314.0,1.002394367844634
1993.0,16414.0,1.0034586476633083
1791.0,1507.0,1.0
1792.0,598.0,1.0
1792.0,3117.0,1.0
1762.0,2361.0,1.0031381294456356
1781.0,4828.0,1.0007113420267804
1781.0,6134.0,1.0014934053589182
1898.0,2074.0,1.002773337899085
1941.0,1823.0,1.0018908291172353
1941.0,2456.0,1.0020173672855637
1808.0,2024.0,1.001789869916717
1835.0,2561.0,1.0005981981062477
1835.0,15809.0,1.001448254583517
2158.0,10696.0,1.0
2158.0,3111.0,1.000441533597842
2158.0,5421.0,1.0014233753683146
2158.0,9470.0,1.0019090235291714
2158.0,10132.0,1.0018635643063654
2433.0,4709.0,1.0006439592702638
2440.0,2929.0,1.0018570534364484
2459.0,4381.0,1.0
2459.0,4551.0,1.0
2459.0,5199.0,1.0
2459.0,2482.0,1.0
2459.0,4484.0,1.0
2417.0,16071.0,1.0019102344944382
2382.0,5210.0,1.0
2382.0,4989.0,1.000773659108587
2383.0,8242.0,1.0005997200014616
2408.0,4245.0,1.001745508795218
2411.0,39573.0,1.0040102588637134
2411.0,40107.0,1.000192676144514
2465.0,1915.0,1.0007966344031576
2464.0,5431.0,1.0004004505547635
2209.0,5998.0,1.0028976981826379
2224.0,6080.0,1.0013363593633604
2280.0,8067.0,1.000030613607257
2280.0,3058.0,1.0003315296420883
2280.0,2796.0,1.000655747834585
2280.0,2886.0,1.0009703776588732
2280.0,3016.0,1.0012089985479138
2280.0,20654.0,1.0
2280.0,25330.0,1.0
2280.0,10618.0,1.0
2280.0,3603.0,1.0
2280.0,9984.0,1.000479251888901
2192.0,9044.0,1.0
2177.0,3498.0,1.0015903527779983
2287.0,2799.0,1.00109694912776
2356.0,2779.0,1.0005327993180757
3943.0,14123.0,1.0
3943.0,10041.0,1.001121401054651
3943.0,6574.0,1.0
3943.0,42163.0,1.0
3943.0,7556.0,1.0012296478385239
3943.0,32400.0,1.0006606559722369
3943.0,2241.0,1.0
3943.0,3665.0,1.0
3943.0,7782.0,1.0001185058700175
3943.0,8197.0,1.0002327500753616
3943.0,8440.0,1.0001899070179683
3943.0,6996.0,1.0
3943.0,6620.0,1.000838802146817
3943.0,20159.0,1.0016212675868545
3943.0,20703.0,1.001974935136528
3943.0,10112.0,1.0024557565816965
3943.0,12327.0,1.0
3943.0,8107.0,1.000220859145645
3943.0,6673.0,1.0
3943.0,4838.0,1.0
3943.0,5951.0,1.0010044819640225
3943.0,6434.0,1.0008288880432539
4020.0,20180.0,1.0021310767250464
4020.0,6828.0,1.0019904944239264
4020.0,20753.0,1.0013254977536927
4020.0,34542.0,1.002176733165104
4020.0,3487.0,1.0
4020.0,9214.0,1.000842590401812
4020.0,9700.0,1.0012068103503233
4047.0,3429.0,1.003730933522273
4060.0,8912.0,1.0032314082611025
4082.0,4847.0,1.0032380393248477
3926.0,3389.0,1.0016106177887774
3926.0,5523.0,1.0007949302221588
3835.0,41361.0,1.0009635789231037
3835.0,50771.0,1.0
3835.0,15278.0,1.0
3835.0,15386.0,1.0013261636231063
3835.0,38520.0,1.0010534555484585
3835.0,805.0,1.0
3835.0,27785.0,1.0
3835.0,31751.0,1.0008616538046453
3835.0,44387.0,1.0002542536251837
3838.0,4886.0,1.000814471952553
3840.0,4845.0,1.0042204298678885
4092.0,510.0,1.0
4092.0,5722.0,1.0
4092.0,7247.0,1.0
4092.0,12450.0,1.0
4092.0,13604.0,1.00079354859532
4092.0,5756.0,1.0
4092.0,4120.0,1.0
4092.0,10919.0,1.0001612120778034
4092.0,23721.0,1.0
4670.0,10664.0,1.0005953945327855
4795.0,18423.0,1.0006496471384272
4795.0,31325.0,1.0013947092780198
4795.0,5916.0,1.0022894817085601
4795.0,16093.0,1.0008988044605507
4795.0,17497.0,1.0
4795.0,18137.0,1.000613377034414
4566.0,14886.0,1.000026146711884
4566.0,15402.0,1.0001522028637662
4566.0,5871.0,1.0
4573.0,5865.0,1.0027926099867275
4616.0,6029.0,1.001411933249179
4859.0,6264.0,1.0005409878483953
4873.0,6272.0,1.0017347715463958
4887.0,16672.0,1.0007139690958191
4889.0,6297.0,1.0024123601478765
4903.0,4765.0,1.0022955009342402
4910.0,8535.0,1.002825904701312
4910.0,8442.0,1.0026961780820238
4930.0,6363.0,1.002080599980219
4855.0,8380.0,1.0014896703838942
4527.0,5465.0,1.0005835352420958
4146.0,17209.0,1.0
4146.0,22329.0,1.002005532775604
4199.0,5426.0,1.0048630582653433
4226.0,5461.0,1.0027532385134421
4263.0,5499.0,1.0013460867048076
4278.0,5861.0,1.002309840930054
4278.0,5504.0,1.0018991545183003
4129.0,5413.0,1.0054732379729525
4301.0,23889.0,1.0007817762380689
3451.0,37851.0,1.001569939422776
3451.0,5920.0,1.0011090995464524
3451.0,16401.0,1.0000112564977695
3451.0,8437.0,1.0008374468986199
3458.0,35888.0,1.0011217510959376
3458.0,34482.0,1.0011440198246804
3337.0,4263.0,1.0016023343098674
3343.0,13584.0,1.0007582631977003
3398.0,52110.0,1.001941573002171
3575.0,41685.0,1.0
3575.0,42787.0,1.0005245474226685
3606.0,3122.0,1.0
3606.0,9267.0,1.0
3480.0,8316.0,1.0
3499.0,4105.0,1.0025265272182595
3508.0,5300.0,1.0019641037216598
3178.0,44883.0,1.0004842103869978
3178.0,49844.0,1.0
3178.0,40562.0,1.0
3178.0,50647.0,1.0
3178.0,41191.0,1.0
3178.0,43096.0,1.0009097321340863
3178.0,44331.0,1.000024275412303
3178.0,44925.0,1.000779347601619
3181.0,3637.0,1.0
3194.0,4265.0,1.0000333272572721
3194.0,3235.0,1.0
3194.0,3831.0,1.0
3206.0,3777.0,1.0049633053718607
3211.0,6905.0,1.0
3312.0,2560.0,1.0035203150993197
3312.0,1091.0,1.0026810081632174
3312.0,4037.0,1.001764502892867
3252.0,1955.0,1.0015938585061595
3288.0,3074.0,1.0025121931576706
3790.0,15791.0,1.0
3790.0,4501.0,1.0
3790.0,22002.0,1.0
3790.0,9971.0,1.0
3790.0,30094.0,1.0003227660914702
3790.0,8635.0,1.0
3790.0,7680.0,1.0
3790.0,17572.0,1.0
3790.0,9278.0,1.0
3790.0,5226.0,1.0
3790.0,10183.0,1.0000490152937371
3790.0,5622.0,1.0
3790.0,14856.0,1.0
3790.0,10587.0,1.0
3790.0,22579.0,1.0005949446200857
3790.0,26876.0,1.0
3790.0,4753.0,1.0
3790.0,5274.0,1.0
3790.0,7797.0,1.0
3790.0,6353.0,1.0003621212503493
3668.0,20304.0,1.001927755971469
3789.0,4740.0,1.1124461327737563
3677.0,45431.0,1.0009559720223655
3704.0,7670.0,1.000740371223077
3727.0,4681.0,1.0017930105752741
3768.0,3360.0,1.000431034134986
3776.0,965.0,1.0034449750553123
10939.0,1244.0,1.0018450630075335
26157.0,27352.0,1.001508848326948
