4.0,96.0,2.6583351271518256
4.0,2560.0,1.090862541096055
25579.0,5003.0,2.0615269227911144
25579.0,7652.0,2.803018449370732
25579.0,8841.0,2.662916152036754
25579.0,8904.0,1.4609063059018121
25579.0,9158.0,2.2285636050839353
25579.0,4398.0,2.2602107793761164
25579.0,773.0,2.6158240312175005
25579.0,1367.0,1.841161970529238
25579.0,2093.0,1.126254132992752
25579.0,2274.0,2.6909635329106583
25579.0,2968.0,1.7217189683832332
25579.0,3803.0,2.4068988575437658
25579.0,9964.0,2.8870583390442937
25579.0,12342.0,2.4796117155531308
25579.0,12373.0,2.6931600118989962
25579.0,13822.0,1.5983782145416716
25579.0,14841.0,1.9058900281379054
25579.0,32076.0,1.6024197081863052
25579.0,32323.0,2.730691473632219
25579.0,31567.0,1.9267080829267038
25579.0,31608.0,2.3176751925652326
25579.0,31708.0,1.1958079487267175
25579.0,31967.0,1.7218265266559027
25579.0,32015.0,2.1398451994165946
25579.0,31485.0,1.26793474010256
25579.0,32694.0,1.5337077666234276
25579.0,34693.0,2.766654700477748
25579.0,34704.0,1.8413350343562038
25579.0,34743.0,2.7296258023081226
25579.0,34749.0,1.7849549945108172
25579.0,35190.0,2.5069406954718296
25579.0,35334.0,2.414145486155116
25579.0,35365.0,2.3948674851598137
25579.0,35424.0,2.337648805266923
25579.0,34644.0,2.4172234021073495
25579.0,34322.0,1.6742156202031389
25579.0,27530.0,2.2580674386032404
25579.0,27779.0,2.705917369523781
25579.0,27794.0,1.210563582970762
25579.0,27982.0,1.0631076270054975
25579.0,27082.0,1.9073553620855859
25579.0,22208.0,1.0755482759460016
25579.0,23395.0,2.818229932741864
25579.0,23757.0,1.3864135268815472
25579.0,23868.0,2.2541212417384875
25579.0,26712.0,1.3984562837107801
25579.0,31402.0,2.021753729420846
25579.0,30816.0,2.114335994804266
25579.0,30873.0,2.455846274473802
25579.0,30929.0,2.6119778174932526
25579.0,31026.0,2.7474228338745146
25579.0,31206.0,2.0831272106141974
25579.0,30078.0,2.1253050120206005
25579.0,30031.0,2.0374961995372454
25579.0,28927.0,2.2774263543735764
25579.0,28350.0,2.0708349994436706
25579.0,28382.0,2.5696079260345113
25579.0,28710.0,1.3039175471540014
25579.0,28858.0,2.188502285461585
25579.0,35569.0,2.168072459793142
25579.0,40820.0,2.7654442942469535
25579.0,35637.0,2.2450333551475214
25579.0,37524.0,1.6980805747299546
25579.0,37709.0,1.1242908351257948
25579.0,36224.0,2.05227591798257
25579.0,36251.0,2.135820898726461
25579.0,37276.0,1.2795549165931803
25579.0,38749.0,2.9223036455185376
25579.0,39512.0,2.1131227628629405
25579.0,35624.0,2.361248104335965
25579.0,37757.0,1.9024574335106166
25579.0,37811.0,1.7185727770259773
25579.0,37916.0,1.712972465156667
25579.0,38460.0,2.152165503132931
25579.0,38606.0,2.0599504478208095
25579.0,38283.0,1.9840358018729676
25579.0,37198.0,2.8777355739372275
25579.0,37286.0,1.3763839767095745
25579.0,37440.0,2.8651909768133805
25579.0,37603.0,2.1900167984968157
25579.0,37666.0,2.722059877563426
25579.0,39648.0,1.5390510217708226
25579.0,39770.0,2.929763032199305
25579.0,39420.0,1.706030429997112
25579.0,38775.0,2.9722076290030364
25579.0,38921.0,2.124955862232339
25579.0,39025.0,1.4815151603340442
25579.0,39063.0,1.711053899964434
25579.0,39075.0,1.3805893256085509
25579.0,39429.0,2.2064079796867255
25579.0,37179.0,2.2357791562722005
25579.0,36074.0,1.8671069142042709
25579.0,36170.0,1.6914394185199302
25579.0,35968.0,2.8438497317920834
25579.0,35711.0,1.903088718625752
25579.0,35791.0,1.2637456375262333
25579.0,35800.0,1.5925091102155506
25579.0,35848.0,2.222379328486155
25579.0,35930.0,1.8981552213778234
25579.0,36282.0,2.7143426379146827
25579.0,36837.0,1.175542732730976
25579.0,36957.0,2.6958764320904463
25579.0,37068.0,1.809000763571609
25579.0,37108.0,1.8697893169076047
25579.0,37129.0,1.8286939544718277
25579.0,36327.0,2.9514371319933055
25579.0,36355.0,2.491786919824966
25579.0,36453.0,2.8125242389900973
25579.0,36513.0,1.1969293696057581
25579.0,36548.0,1.3603422496188236
25579.0,36635.0,1.2760198561934675
25579.0,49875.0,1.8035556239088935
25579.0,50540.0,1.8718579733807277
25579.0,48063.0,2.2477972817651883
25579.0,45622.0,1.6964530345770692
25579.0,45834.0,2.6774119150578226
25579.0,45977.0,1.810314188870956
25579.0,47202.0,1.29219837968957
25579.0,47374.0,1.4121479920682096
25579.0,47805.0,1.0147206652617677
25579.0,45317.0,1.1314143731789337
25579.0,42192.0,1.5556946205733118
25579.0,42259.0,2.5297961793251433
25579.0,42352.0,1.6693800975732058
25579.0,42363.0,2.904696431580504
25579.0,42416.0,1.7513320697910937
25579.0,41832.0,2.417543660084776
25579.0,41763.0,1.487055563555314
25579.0,40602.0,2.8173431807921467
25579.0,40725.0,1.268080799811996
25579.0,40875.0,2.277202973477896
25579.0,40881.0,2.1239963307039713
25579.0,40925.0,2.1963803711049845
25579.0,41014.0,2.203561945765166
25579.0,41494.0,1.236874952877261
25579.0,41736.0,2.7599355652498527
25579.0,42440.0,2.7621311128708728
25579.0,43672.0,1.1953073830569365
25579.0,44154.0,1.5326460646411741
25579.0,44365.0,1.196101331058659
25579.0,44901.0,1.7020992298934363
25579.0,45002.0,1.1948997685344411
25579.0,42997.0,1.4671658902895253
25579.0,43036.0,2.339131492514408
25579.0,43274.0,2.1798445720548734
25579.0,45363.0,1.495357192285356
25375.0,41968.0,1.2645505676209923
25394.0,26590.0,1.3939524368716214
25398.0,48525.0,1.2313035023930297
25415.0,4956.0,1.3006415322098597
25415.0,6923.0,2.6851988266541187
25415.0,36176.0,1.2234456916209213
25415.0,44255.0,2.1513993583674607
25415.0,44319.0,1.917185589417495
25415.0,45694.0,2.320747526237346
25415.0,45929.0,1.2799929607308258
25415.0,43496.0,1.9366772459507655
25415.0,37593.0,1.2508498681838665
25415.0,38250.0,2.858534479014393
25415.0,39334.0,1.2737556215555288
25415.0,39437.0,2.125088932754381
25415.0,41842.0,1.7087347641965904
25120.0,27223.0,2.2865766242563845
25153.0,26486.0,2.314810176001559
25206.0,40275.0,1.4619440910302575
25220.0,32418.0,2.8337907703472465
25281.0,26918.0,2.0042129388109196
25359.0,28279.0,1.6510267736439979
25425.0,16419.0,1.2214340309069207
22400.0,23681.0,1.041183451223987
22400.0,23449.0,1.1102009454432271
22504.0,18951.0,2.320844078503253
22504.0,32951.0,2.7260261302363995
22504.0,32957.0,2.6788869487622184
22504.0,45589.0,1.7591978747133388
22385.0,43150.0,2.0498580509504745
22385.0,32719.0,1.63141613493624
22367.0,16234.0,1.3009944170096313
22367.0,14090.0,1.4091961729557756
22367.0,50294.0,2.5424098771099457
22367.0,52191.0,2.88261754178911
22367.0,48395.0,1.520750037168042
22367.0,36029.0,2.0266261417293547
22367.0,36594.0,2.954121730380318
22367.0,37266.0,1.8971570496955998
22367.0,38290.0,2.1013222739650477
22367.0,38491.0,1.8724764767388422
22367.0,39802.0,1.7785963101281128
22367.0,35783.0,1.4942358536192106
22367.0,35608.0,2.0458546024017132
22367.0,34236.0,2.361925943045147
22367.0,34262.0,1.6412607935194619
22367.0,34825.0,2.364107553253481
22367.0,34846.0,1.3643442453211092
22367.0,35153.0,2.6716200006795874
22367.0,35431.0,1.5656021897794214
22367.0,35739.0,1.4598134338845357
22367.0,46029.0,2.9234163748251003
22367.0,47186.0,2.262865148781309
22367.0,47821.0,1.1618057938445694
22367.0,47966.0,1.5938071149945265
22367.0,44662.0,1.3260761249733104
22367.0,40494.0,2.295656421701005
22367.0,40665.0,2.8850746872524526
22367.0,40716.0,2.734891085899201
22367.0,41000.0,1.1220365898586444
22367.0,41250.0,1.0275932012406477
22367.0,32357.0,2.0206742698538323
22367.0,32298.0,1.0262773975315647
22367.0,4923.0,1.8152363393589261
22367.0,27758.0,1.723378464374324
22367.0,27918.0,1.3750100768197282
22367.0,31319.0,1.3834771826403176
22367.0,31414.0,1.1136761561140076
22367.0,31949.0,2.344738642965626
22367.0,26535.0,2.786814439619004
22367.0,26366.0,1.6811122362602167
22367.0,7626.0,2.6577199828397315
22367.0,16122.0,2.347240782000225
22367.0,20420.0,2.5197813306526027
22682.0,40820.0,1.0006341145169564
22682.0,44051.0,2.0665206312549578
22733.0,23743.0,1.2796245795947008
22733.0,24099.0,2.357756558837563
22784.0,12476.0,1.186326201791739
22806.0,26460.0,1.5582461956306601
22522.0,36926.0,2.5629079834316064
22522.0,40535.0,2.7958536553593847
22522.0,40900.0,2.044854516990165
22545.0,26370.0,2.628300004200931
22624.0,23619.0,1.8206648737945434
22879.0,44245.0,1.1056336927867367
23274.0,25262.0,1.9240245136014142
23293.0,8520.0,2.3107403832190467
23481.0,47350.0,2.4385146652448384
23506.0,44100.0,1.2497511846875133
23506.0,45993.0,1.119290556746125
23506.0,51944.0,1.4016246075292764
23149.0,52155.0,1.650003754786442
23149.0,45017.0,2.6312348819269396
23149.0,32459.0,1.5819568720641302
23149.0,44175.0,2.6890146910183215
23188.0,1333.0,2.3776998990844946
23188.0,44935.0,2.4848372754208183
23188.0,47933.0,2.7408978638427435
23203.0,36204.0,1.7129003689290747
23254.0,20860.0,1.3024607307730318
24765.0,26416.0,2.352652973097006
24937.0,25181.0,1.9000174258715037
24966.0,23943.0,1.8693085461251817
24987.0,26671.0,2.190478542050169
24991.0,26664.0,2.5334705629302534
23523.0,2080.0,2.636557135212024
23554.0,39276.0,1.776385485521758
23580.0,9701.0,1.37684398052197
24599.0,35152.0,1.655089693717406
24645.0,43371.0,1.9007535463103136
24698.0,3430.0,1.7362523073950749
23087.0,27572.0,1.4860119838631598
23087.0,28505.0,1.5910994469265465
23087.0,30234.0,2.105235846304697
23087.0,34481.0,1.8549514467793604
23087.0,14232.0,1.9636940965115466
23087.0,15416.0,2.828380404856598
23087.0,44318.0,2.3929459085186613
23087.0,35472.0,2.9238159996177986
23087.0,40561.0,2.801340952001355
23087.0,41804.0,2.0888580132393386
23087.0,41989.0,1.4852523363002408
22916.0,7013.0,2.5191104153498207
22922.0,23849.0,2.953521370796002
22976.0,26494.0,2.5188012148848458
22976.0,27158.0,1.0373224468914977
23035.0,31388.0,2.9428061879092113
23059.0,25167.0,1.3801424073948114
23067.0,23967.0,1.0812248253748822
26143.0,74.0,1.2657050165931496
26297.0,10490.0,2.605871906421326
26120.0,16763.0,2.389598272478131
26088.0,31385.0,1.9217206660532282
26046.0,23175.0,1.7634684612345173
25619.0,27726.0,2.2464728637927296
25659.0,29994.0,2.0155736734110197
25723.0,27861.0,2.4253079940082207
25847.0,20313.0,1.8811291914960049
25868.0,27392.0,1.9789907600339598
26476.0,27940.0,2.529370620871328
26648.0,30929.0,2.4416586906233295
26648.0,31231.0,2.8269956345531506
26648.0,25326.0,2.5857894735924103
26648.0,8376.0,1.8712659052281368
26648.0,8886.0,2.728318986342045
26648.0,9907.0,1.7284438683411731
26648.0,11220.0,2.6921696598950247
26648.0,8048.0,1.7785489691281933
26648.0,13945.0,2.046315332007406
26648.0,30972.0,2.2960321645698496
26648.0,31365.0,2.5059682437333555
26648.0,30361.0,2.6945293121682883
26648.0,30389.0,1.5397966612383513
26648.0,30469.0,1.4452510012182007
26648.0,30501.0,2.6567779099842417
26648.0,30507.0,1.1619434490981326
26648.0,30522.0,2.041131733829415
26648.0,30796.0,2.256097052978465
26648.0,34463.0,1.3357732034143501
26648.0,34494.0,2.335833000048443
26648.0,34513.0,2.7651456758863073
26648.0,35168.0,2.9885498882554424
26648.0,35178.0,2.4156494989877855
26648.0,35991.0,2.495104083929373
26648.0,36017.0,2.4909456390469713
26648.0,32706.0,1.522420083976654
26648.0,31896.0,1.5211936701960638
26648.0,32209.0,1.9886215629988966
26648.0,32423.0,2.7770502283718232
26648.0,32469.0,2.552929121979505
26648.0,19495.0,2.124522595981015
26648.0,19804.0,1.9208293572418336
26648.0,21937.0,1.0153045427945364
26648.0,23560.0,1.1487712364396878
26648.0,23799.0,1.6550406436732195
26648.0,18586.0,2.063531276905704
26648.0,14178.0,1.2013265517553222
26648.0,14556.0,2.867298529538984
26648.0,18432.0,2.3426832242768145
26648.0,28787.0,2.9746055073222815
26648.0,28865.0,2.1839979811286936
26648.0,28909.0,1.5218609569684771
26648.0,29984.0,1.0540284704427112
26648.0,30093.0,2.1110679494212974
26648.0,30133.0,2.8537762714126202
26648.0,28749.0,2.909223636436521
26648.0,27202.0,2.734375688993072
26648.0,27814.0,1.843038843429877
26648.0,28179.0,1.2393725314694868
26648.0,28415.0,2.330374337820607
26648.0,28601.0,1.2349043000418682
26648.0,37265.0,2.7068093532054345
26648.0,42905.0,1.8046032812861985
26536.0,38416.0,1.5759251352591475
26587.0,37284.0,1.282541953913239
25597.0,35889.0,1.9793437761809713
25597.0,38760.0,2.371991468854671
25597.0,39009.0,1.1977016849396405
25597.0,39049.0,2.141188067597888
25597.0,39456.0,1.7131947294743777
25597.0,39512.0,1.0469567723424118
25597.0,37459.0,2.3510061165683602
25597.0,37557.0,1.1164523792807393
25597.0,37651.0,1.7399492018279532
25597.0,37802.0,2.2762013275975104
25597.0,38015.0,1.2674277303299406
25597.0,46171.0,1.4720851801359234
25597.0,47722.0,1.8319633199449872
25597.0,47752.0,1.746162308922695
25597.0,47839.0,2.505968992096926
25597.0,48450.0,2.554791223095214
25597.0,45576.0,1.20628520224412
25597.0,45462.0,2.2121685492613405
25597.0,40312.0,2.530642197509691
25597.0,41270.0,1.9651346273856887
25597.0,41908.0,2.861305025199229
25597.0,42946.0,2.5462043462435373
25597.0,37385.0,2.875585329349864
25597.0,37309.0,2.465758080755002
25597.0,36535.0,2.8558130431560755
25597.0,14190.0,2.300948272826454
25597.0,31328.0,2.1841341978067814
25597.0,31972.0,1.9841548579468353
25597.0,32149.0,2.571785579689454
25597.0,34361.0,1.9100219804251535
25597.0,36288.0,2.746180304239177
25597.0,36330.0,1.5457486507126708
25597.0,36746.0,1.2463611923948483
25597.0,36797.0,2.2791476880032873
25597.0,37221.0,1.8085327937012021
25597.0,32805.0,1.2640501565541318
25597.0,34863.0,2.6151084622414413
25597.0,35336.0,2.9701806537513704
25597.0,35680.0,2.8958951249602416
25597.0,37329.0,2.61817735699368
16777.0,47243.0,1.377828805887628
16778.0,1367.0,1.439746737724369
16852.0,22456.0,1.6554564901006876
16878.0,13910.0,2.164039729192244
16889.0,7119.0,2.3797763644092407
16894.0,28897.0,2.866482455906847
16952.0,18943.0,2.3259892082452254
16959.0,47449.0,1.5540037112277028
16965.0,6788.0,1.8953205505507316
16965.0,18950.0,2.9856386950771503
16419.0,20473.0,2.8327339450497613
16577.0,10461.0,1.2808721572953434
16672.0,14886.0,2.2077143312306715
16700.0,19915.0,1.0470772819581387
16700.0,22489.0,2.722244969463124
16711.0,18628.0,2.915525317571707
17218.0,19223.0,1.797774196904532
17355.0,22068.0,2.5224525215416516
17358.0,7087.0,2.67675846704383
17358.0,19477.0,2.7735878599150174
16968.0,13554.0,1.885917650057254
16968.0,17608.0,1.5096376517375187
17044.0,18635.0,1.1855376782540443
17062.0,19042.0,2.9250004015521474
17062.0,19044.0,1.8161439714024497
17070.0,9089.0,2.9172205599751697
15636.0,15538.0,1.1010387543612485
15649.0,8739.0,1.251391733353385
15936.0,16920.0,2.8271863486877002
15949.0,18173.0,2.4591592576809536
15288.0,45893.0,2.270632809033645
15288.0,44879.0,2.859661231385748
15288.0,34888.0,2.1252020698702196
15288.0,41755.0,2.249452947667348
15288.0,42400.0,2.2100086671024286
15288.0,4762.0,2.576198592243737
15288.0,17530.0,2.8540094827868554
15288.0,18573.0,1.3589501798895947
15288.0,19625.0,2.8722735913751083
15288.0,19784.0,2.474682281381705
15288.0,23504.0,2.5530209495185012
15288.0,44876.0,2.081181900576497
15483.0,8420.0,1.9671578167966532
15574.0,17695.0,1.431414311732496
15961.0,35213.0,2.999660731092513
15977.0,28672.0,1.851370999378976
15977.0,52027.0,1.9976207574708722
16282.0,20006.0,1.5556646996998917
16201.0,38383.0,1.9521985476053108
16194.0,14683.0,1.7725384312621923
16003.0,5268.0,1.2065464944225692
16003.0,19813.0,1.0085142665646978
17394.0,19298.0,2.2405690893396155
17494.0,19362.0,1.5248884353608732
18322.0,5986.0,1.964107683419823
18331.0,9663.0,2.2021999316900924
18335.0,18420.0,1.8968894763450068
18335.0,22170.0,1.0694235936426089
18335.0,34272.0,1.7767664683832816
18008.0,25280.0,2.662982756488332
18008.0,46071.0,2.5740260472937955
18008.0,19943.0,2.004004812027831
18012.0,26947.0,2.061772876838689
18381.0,45514.0,2.9440747316391
18404.0,15282.0,2.369703969611288
18414.0,20001.0,1.6898368021904466
18450.0,20092.0,2.1064107709506654
18519.0,6114.0,1.8911746710530308
17572.0,28230.0,1.3552921606552664
17572.0,415.0,1.3386262936096975
17572.0,16490.0,2.2191325754096627
17575.0,40278.0,2.291680876086703
17590.0,19353.0,1.602537973757639
17748.0,19974.0,1.1354243170737082
17811.0,44214.0,2.980114734876727
17526.0,39327.0,1.479663008712649
17546.0,20003.0,2.3081659966492696
17834.0,40207.0,1.1694317014338553
17834.0,43009.0,2.7116558409966682
17948.0,20835.0,1.8221907535549513
17960.0,19776.0,2.7353960537945516
17986.0,47525.0,2.454809533884354
17914.0,41380.0,2.8142308473436533
13949.0,16313.0,1.1786338758362418
13967.0,16864.0,1.123076740837511
13967.0,27390.0,1.6458052838921557
13521.0,16198.0,2.4519046606225583
13630.0,4972.0,1.4030624269737841
13995.0,34205.0,2.4572700453109664
14160.0,16313.0,2.185268243966899
14205.0,15004.0,2.2211997276538726
14436.0,16825.0,1.7508921782056353
14071.0,1959.0,2.0567646509608553
14002.0,8095.0,1.572894999726509
14002.0,22241.0,2.9004017816663645
14002.0,22770.0,1.654436401629864
14008.0,16277.0,1.2931358833384736
14018.0,16479.0,1.199311025530616
14064.0,10864.0,2.151680257767766
14114.0,6798.0,1.7480397349122307
11957.0,25249.0,2.44760988538848
11957.0,15238.0,1.7643595514256936
11993.0,8080.0,1.136288300834573
12033.0,15460.0,1.2519862793113807
12034.0,16096.0,1.7011312554236673
13133.0,1990.0,1.6827353802144533
11905.0,13652.0,2.4035004419334394
11777.0,1770.0,1.865389310353293
11795.0,14707.0,2.560674145303513
11798.0,1367.0,2.0773662804882895
11849.0,13798.0,2.126833957782955
11870.0,15445.0,1.1717859934116643
13187.0,23513.0,2.643976077973509
13418.0,18168.0,1.9707101478173519
13464.0,23964.0,1.786492784475434
13464.0,26764.0,2.2271757428974013
13190.0,4409.0,2.6765162393456325
13333.0,15278.0,1.106402639803664
13388.0,10674.0,2.734862495669642
15099.0,17422.0,2.478756386809663
15118.0,8531.0,1.7986989348774134
15184.0,7477.0,1.4684544711363665
15184.0,50080.0,1.7322751808414913
15249.0,14745.0,2.453628366273891
15272.0,17584.0,1.837844713439628
15040.0,16414.0,2.012463667830297
14819.0,23757.0,2.503154488173008
14911.0,2839.0,2.7602530673308996
14912.0,8263.0,1.0687315519767264
14912.0,6180.0,2.3830743055612786
14765.0,18001.0,1.6380411854800487
14582.0,28446.0,2.8614653807153196
14582.0,7209.0,1.1680698019198186
14582.0,23964.0,2.464177628480414
14582.0,28907.0,2.7548902187724638
14582.0,31055.0,2.8063587347406393
14582.0,32720.0,1.562434044053946
14582.0,34598.0,1.4931182834320973
14582.0,27965.0,2.7334212923975274
14582.0,27801.0,1.6493741165880504
14582.0,25123.0,1.175817440347972
14467.0,7287.0,1.167433060954077
14508.0,13720.0,2.0491950565292116
14740.0,17921.0,1.6384417501601096
14740.0,19845.0,2.702112993011202
14749.0,17156.0,1.6824160917209192
14736.0,13976.0,1.7594780935902758
14622.0,36099.0,1.4200390247317174
14651.0,19679.0,2.959467611035784
14696.0,42318.0,1.9600690011003439
18544.0,21969.0,2.5308501078801635
18604.0,22073.0,2.4875440375493767
18604.0,39193.0,2.6275957644625976
18604.0,26964.0,1.4647614263642765
18604.0,3435.0,2.2488977111594624
18604.0,22452.0,2.890279950434672
18604.0,22258.0,1.725779508349818
18604.0,9193.0,2.948191365228918
18604.0,21905.0,2.213229888327488
18604.0,22086.0,2.824160520281389
18604.0,22224.0,1.5584224210553475
21289.0,40697.0,1.226002249673776
21289.0,47977.0,1.6964399063677764
21289.0,50302.0,2.140863374632368
21289.0,50324.0,1.5366663163506091
21289.0,50460.0,2.660677600676597
21289.0,50724.0,2.7335306727055046
21289.0,49877.0,2.0409726609101586
21289.0,24055.0,2.278718684447809
21289.0,49805.0,1.41010075687786
21224.0,19668.0,1.408709693579903
21262.0,22463.0,2.257548836529078
21297.0,48450.0,2.6981817431171224
21297.0,3348.0,1.698432519546139
21297.0,19771.0,2.6193509847853305
21297.0,28424.0,2.8900985306750053
21297.0,48333.0,2.40881179599765
21433.0,30753.0,2.375725375891143
21433.0,30264.0,2.3223125792235786
21433.0,30231.0,2.7149333553403414
21433.0,26913.0,1.7057810000001457
21441.0,22412.0,2.8549575838346275
21463.0,22632.0,2.60568715474209
21494.0,22684.0,1.2764221407566023
21533.0,30983.0,1.627652176745292
21331.0,22663.0,2.149938025928022
20749.0,26782.0,2.5794562090097024
20749.0,28314.0,2.3546562292693185
20749.0,30659.0,2.1599188320917966
20749.0,31041.0,1.1847960070259913
20749.0,31156.0,2.0414065228321947
20749.0,27612.0,1.5085642085070174
20749.0,27822.0,1.5101034072981245
20749.0,27882.0,2.805537930876885
20749.0,27934.0,1.150060558449468
20749.0,28135.0,2.3095264780714833
20749.0,29951.0,1.5660467368117672
20749.0,27536.0,1.9964164619054008
20749.0,6738.0,1.9242606366602075
20749.0,8135.0,2.6090571949776105
20749.0,27040.0,2.1431625192297954
20749.0,27123.0,2.68862552597601
20749.0,27291.0,2.289439822436032
20749.0,27033.0,1.7251358884661134
20749.0,22345.0,1.4330721408102594
20749.0,27019.0,1.2460977447690353
20749.0,22525.0,2.6035009756793164
20749.0,22555.0,1.7852867422634986
20749.0,22630.0,2.1851736699430413
20749.0,22735.0,2.2229487818875953
20749.0,22958.0,2.1206176471903495
20776.0,20389.0,1.630519705231599
20816.0,5057.0,2.5843422830358307
20874.0,22489.0,1.3093769622695293
21537.0,22732.0,2.6891597738223534
21074.0,22020.0,1.662762361889612
21118.0,22606.0,1.5320975055347397
21135.0,22347.0,1.5175936518681892
21196.0,2153.0,1.130339054053803
21196.0,26450.0,2.809427912341858
21208.0,17409.0,2.095214635394966
21027.0,22607.0,1.606623546367098
20901.0,22091.0,2.2070583099946104
20991.0,22890.0,2.382279696472147
20991.0,23072.0,2.254898493850113
21016.0,22411.0,2.50458238174227
21016.0,22464.0,2.867840772933052
21542.0,26918.0,2.023768953265794
21543.0,25222.0,2.7712768323690007
22247.0,8367.0,2.0593019467487266
22247.0,49811.0,1.5386051628195794
22247.0,44313.0,2.1625368631537327
22247.0,44354.0,1.9721132922239801
22288.0,5480.0,2.8329412244644736
22324.0,50544.0,1.6354432603739217
22324.0,52234.0,1.4407893861300414
22364.0,22476.0,2.581278760579081
22224.0,15573.0,1.8534851124703193
21826.0,37520.0,2.1844473507118307
21862.0,22785.0,2.429767394761211
21903.0,28667.0,2.32166182114838
21907.0,38434.0,1.2458003304017486
21916.0,23004.0,2.4600260455639678
21930.0,47251.0,2.6155508609309406
21768.0,23078.0,1.958838662077699
21570.0,22730.0,2.4871815972830307
21614.0,40098.0,1.891035974499653
21714.0,26372.0,2.1159522126785424
21963.0,36950.0,1.6959643020795598
21963.0,49844.0,2.667088591917297
21963.0,32555.0,1.134449902757929
21963.0,39300.0,2.8802676909785667
21963.0,35729.0,1.386986543107413
21963.0,36456.0,2.578038504706811
21963.0,36883.0,1.1791699244215945
21963.0,38107.0,2.2271734901104456
21976.0,31481.0,1.9044263329549982
22010.0,23095.0,1.7243854534283807
22031.0,23111.0,2.617987359315274
22157.0,3257.0,2.492067284927269
22157.0,4217.0,2.179606667599491
22188.0,32474.0,2.4079830626088947
19250.0,1304.0,2.813579253818369
19250.0,16765.0,2.283672198979348
19250.0,7942.0,2.927354827499788
19250.0,8742.0,1.9344926592349359
19250.0,13535.0,2.584824575908052
19250.0,14654.0,1.3907358920116786
19250.0,16743.0,1.8738422334379894
19250.0,17400.0,2.6813649986467922
19250.0,2970.0,2.2526112001989835
19250.0,22384.0,2.733172512055643
19250.0,20523.0,2.4253668173872436
19250.0,20767.0,2.278288263215459
19250.0,22017.0,1.4096974640939166
19250.0,22029.0,2.9180120907554077
19114.0,23408.0,2.1475242640817496
19169.0,20459.0,2.473162610641629
19183.0,31989.0,1.6170815139849892
19183.0,23354.0,1.939035434709123
19338.0,20649.0,1.1683540476411773
19346.0,33135.0,1.391424933913959
19346.0,5109.0,2.3797232449697097
19346.0,20831.0,2.349990965509727
19346.0,27769.0,1.675687530447753
19346.0,32174.0,1.8438146287355957
19346.0,52063.0,2.217352719606047
19085.0,20459.0,2.844803511678225
19086.0,36704.0,2.0480659156876824
18646.0,52023.0,2.0974362351201012
18646.0,44652.0,2.421491699908467
18880.0,20304.0,2.594200670932543
18882.0,1319.0,2.8402358783750326
19054.0,20645.0,1.0972405696842569
18784.0,20276.0,1.1777031762447712
18755.0,22395.0,2.916700309448313
18704.0,20124.0,2.8383727158683865
18704.0,14028.0,1.5098117382746077
18708.0,20216.0,2.132477063775491
20701.0,37557.0,1.9029147012939869
20701.0,35451.0,1.7068193444389035
20701.0,37381.0,1.158612201678117
20701.0,40117.0,2.197047922154102
20701.0,43736.0,1.4656461471066062
20701.0,14147.0,1.3672724103752656
19631.0,45130.0,2.4296052577496448
20688.0,39998.0,2.4058340218648087
20688.0,40585.0,2.954261788236358
20695.0,27723.0,1.1829858079637419
20695.0,35028.0,2.0484382985035614
20695.0,38031.0,2.985075214548658
19407.0,20767.0,2.9503526586778825
19407.0,22394.0,2.2647028437155043
19407.0,26656.0,2.265137050435106
19441.0,19762.0,1.4376399083410702
19393.0,14556.0,1.1526964011480303
19504.0,20716.0,1.7716696663122016
19552.0,19744.0,2.929525584559619
19552.0,9268.0,2.412860121522356
19552.0,22145.0,1.3630597012676489
19552.0,20885.0,2.9502221597304867
19552.0,22034.0,2.2003537789421976
19552.0,22303.0,2.4056456882596975
19552.0,22557.0,2.5003918482848633
19552.0,20588.0,2.834079640549167
19552.0,19169.0,1.7033779750348708
19552.0,20632.0,2.917018407441479
19548.0,16784.0,1.2994756273949852
11771.0,16022.0,1.0246198300157259
41728.0,47917.0,1.8384078994190998
41728.0,41773.0,2.6085981636770494
41728.0,19044.0,1.8911189080952464
41728.0,45380.0,1.7760486604943306
41728.0,51916.0,2.6325968488481726
41728.0,40677.0,2.1964629176316866
41728.0,45463.0,1.8144844209405964
41728.0,45808.0,1.7295211272716322
41728.0,46097.0,1.047019334516961
41728.0,46098.0,1.3551961498361815
41728.0,47184.0,1.1781720335858048
41728.0,47282.0,1.071908219383751
41728.0,47453.0,2.965844831186546
41728.0,44039.0,2.740824943848918
41728.0,44267.0,1.665182220109552
41728.0,47716.0,2.639046871286628
41728.0,48530.0,1.2321821206811177
41728.0,48586.0,2.3917429278295117
41728.0,50025.0,2.867906461515237
41728.0,50044.0,1.5399495362066786
41728.0,50047.0,2.0419355103195196
41728.0,35082.0,2.229603268090997
41728.0,35132.0,1.0428049535960706
41728.0,40346.0,1.2475915045999308
41728.0,13551.0,2.766777742916383
41728.0,17718.0,1.1575570789740524
41728.0,40444.0,1.7904474794917835
41728.0,42255.0,2.7835340500484484
41728.0,42705.0,2.8496117592383725
41728.0,43018.0,2.341102963908547
41728.0,40629.0,1.3951103733090464
41728.0,41372.0,1.61778208550474
41728.0,45479.0,1.8006587849744535
41812.0,39398.0,1.6572052142945632
41815.0,5611.0,1.5991356446977825
41815.0,14581.0,2.211916284860307
41815.0,47505.0,2.519574744072858
41455.0,45298.0,2.0102270551033725
41486.0,19836.0,1.4407768207932885
41577.0,47854.0,2.752679839828828
41577.0,44230.0,2.1787644441995075
41587.0,39235.0,2.238618033798037
43527.0,45264.0,1.450269371229589
43563.0,41562.0,2.5548402827836267
43563.0,47560.0,2.725326721967523
43603.0,47305.0,1.6741830066647867
43603.0,42268.0,1.9773805056878866
43603.0,40881.0,1.8562880661473307
43603.0,43779.0,2.6938309280324297
43603.0,40898.0,2.0661529458128136
43603.0,40983.0,2.7147082178403217
43603.0,41066.0,2.2849739408503975
43603.0,41214.0,1.4693896656667296
43603.0,41401.0,1.5451668647099783
43603.0,41422.0,2.5845151979785976
43603.0,44977.0,2.146427722940354
43512.0,40431.0,2.400258922159669
43509.0,3486.0,2.57766535162798
43242.0,35190.0,2.0728989934282773
43242.0,38629.0,1.8622419574491278
43268.0,42600.0,2.2314622661475223
43293.0,40270.0,1.4490873332032854
43852.0,42132.0,1.82361535242645
43898.0,20347.0,1.3840439112049019
41916.0,49969.0,1.2157009833943964
41916.0,50591.0,2.714651125351784
41916.0,15609.0,1.844886983878366
41916.0,40107.0,1.2141212018374081
41965.0,39437.0,2.9550782297179614
41985.0,39495.0,2.269392559516983
42326.0,39630.0,1.036046194400427
42348.0,765.0,1.783005400597613
42448.0,39752.0,1.5369309727701532
41882.0,52234.0,1.2145231839862531
43058.0,40096.0,2.9068751477563026
43133.0,38529.0,2.3659601816657414
43182.0,35883.0,1.849327750367815
42661.0,27662.0,1.5350617526956791
42706.0,42515.0,2.341022754071906
42780.0,39016.0,2.4644598612748405
39204.0,37566.0,1.0965584266381496
39225.0,37613.0,1.7540839772821828
39309.0,40397.0,2.0458938377826463
39185.0,30147.0,1.6353856320323525
39375.0,39138.0,1.4822049992834114
39402.0,36038.0,2.1918244511904126
39100.0,43057.0,1.934920558634847
38979.0,41870.0,2.1198072922332756
38979.0,26988.0,1.7871499365449173
39009.0,46016.0,1.233257105296059
39408.0,38088.0,2.1041430462202344
39592.0,52229.0,2.30485836296958
39663.0,39149.0,1.1421441530634948
38970.0,37388.0,2.095669787441961
39459.0,42515.0,2.2935404314454058
39459.0,42169.0,2.0463541146025515
39479.0,37796.0,1.6793204505826325
38429.0,34370.0,1.9881399081142435
38429.0,40672.0,1.764570401654359
38429.0,39288.0,1.1864412249687855
38429.0,39822.0,1.9443066684374208
38429.0,40947.0,2.2677084319690044
38429.0,38871.0,1.3788899438321913
38429.0,40970.0,2.2197103759895436
38429.0,25207.0,1.9603564030760485
38429.0,38008.0,1.2224402207648317
38429.0,38196.0,2.329246512967881
38429.0,38425.0,2.9928412251362566
38429.0,38501.0,1.6581812670400926
38429.0,38670.0,2.449449370625558
38429.0,41512.0,1.4520436555464575
38429.0,42354.0,1.5669926386339361
38429.0,43587.0,1.0199343452575702
38429.0,43688.0,1.4463589440674092
38403.0,50364.0,1.342101230717335
39683.0,43198.0,2.9287887876974916
38771.0,35977.0,2.733060843062261
38786.0,37269.0,2.997554361596086
38511.0,19022.0,2.5936456581789296
40542.0,38520.0,2.104895071980567
40775.0,38645.0,2.409495955614285
40806.0,38951.0,2.211981818156212
40287.0,3246.0,1.407582227997124
40121.0,38191.0,2.416816206343505
40122.0,47821.0,1.497957205987619
40122.0,47176.0,2.6571322108915614
40122.0,45631.0,2.5336152611115246
40235.0,32926.0,1.1066910989107124
40846.0,39053.0,1.9018432962735832
40846.0,4146.0,1.934242362351309
40846.0,41524.0,1.056799426294375
41053.0,41434.0,1.3714983864446586
41194.0,14255.0,1.0125169920668036
40963.0,38423.0,2.252636145048547
40963.0,13896.0,2.8916201240922152
40916.0,42653.0,1.9622284589645307
40916.0,48031.0,1.37751607327969
40916.0,44941.0,1.08651845914247
39975.0,38088.0,1.0127167131250383
39774.0,42495.0,2.9362174328873536
39774.0,47395.0,2.5455009829430852
39774.0,47405.0,2.835425391614441
39774.0,37989.0,2.4298780187280067
39774.0,38080.0,2.8949794864538543
39774.0,41285.0,1.7645138283545878
39774.0,48399.0,2.5599253357218865
39774.0,47487.0,1.7059547600758647
39774.0,47640.0,1.0965147030997198
39774.0,48245.0,1.1573896137368944
39844.0,39028.0,1.3270551252894847
39853.0,38716.0,2.419850375594851
39853.0,47605.0,1.2002101075474854
52399.0,48378.0,1.7579250435130673
52399.0,45838.0,1.475367495336215
52410.0,45249.0,2.3927657174905868
52413.0,50364.0,2.0840920151320925
52482.0,45329.0,1.3636768046958296
52503.0,45353.0,1.1973556965935606
52183.0,47927.0,1.724389827439606
52183.0,45603.0,1.1683290115014826
53272.0,52134.0,1.5460263692474505
53415.0,28010.0,1.2374115919348834
52703.0,45668.0,2.7267442947795186
53054.0,50728.0,2.9855246319806126
53054.0,51852.0,1.355414585792919
53054.0,51864.0,2.2163651966202678
52086.0,47505.0,1.696904502841503
50189.0,1851.0,2.3574803362038113
50277.0,44684.0,1.2694136745296614
50315.0,44245.0,1.1190434113327457
50315.0,44551.0,2.135835957887412
50566.0,39189.0,1.469749097827727
48453.0,40084.0,2.7535715871529334
48566.0,43742.0,1.8191763194497816
48703.0,43805.0,1.4991011765001034
48813.0,22970.0,1.3794418149441692
49874.0,45993.0,2.439728025038057
50602.0,45426.0,1.1663709076605402
50794.0,43910.0,2.856205724718665
50830.0,231.0,1.048387489405488
50875.0,9144.0,1.3737672537419112
50615.0,44525.0,1.1227612032539445
50680.0,14134.0,2.938870343441594
50765.0,44687.0,2.8628910838284276
58219.0,45878.0,1.0445391074205643
58664.0,51998.0,2.7123362050014936
58675.0,15253.0,2.9745297950720033
58675.0,50551.0,2.7829713518705184
58675.0,35185.0,2.9779445442753114
58675.0,50500.0,1.1338361206359422
57213.0,48517.0,2.429875159397622
57213.0,28770.0,1.758102916312367
57250.0,48530.0,1.5649478499958618
57538.0,50385.0,1.2884988259119117
57647.0,49782.0,2.330272646517531
59737.0,52232.0,2.853127552948798
59921.0,51973.0,2.4895437029368503
60062.0,4996.0,1.1868289690811058
60082.0,35204.0,2.174406912317186
60322.0,52177.0,1.6471391455009912
59625.0,3571.0,1.6324718156866003
59559.0,45808.0,1.2239526245904295
58856.0,12494.0,2.6295118476694492
59026.0,42638.0,1.8997885647799135
59131.0,42641.0,1.6487393721251227
59550.0,52058.0,2.151011327753067
57202.0,51934.0,1.1710699358412353
57202.0,52036.0,2.2235948304496405
57202.0,51910.0,1.5517748046620143
57202.0,49823.0,1.7204391781320754
57202.0,50070.0,1.6218731457815185
55457.0,48409.0,2.5574894817247373
55495.0,47475.0,2.58430391794212
55499.0,46056.0,1.445858612657094
55499.0,46129.0,1.1488578101366442
55598.0,48409.0,1.6059619949795156
55806.0,47453.0,1.4158042871874033
55839.0,47627.0,2.692719741102791
55215.0,47294.0,1.6921386016592126
53506.0,38915.0,2.0898145368859162
53771.0,10625.0,1.2786590131233357
53859.0,46083.0,1.403699813282771
56765.0,48204.0,1.0291838354250245
56809.0,44719.0,1.6486745995519603
56885.0,10875.0,1.0398979402450612
56936.0,40347.0,1.1632688297949538
57017.0,48397.0,1.7180900158912558
57055.0,50445.0,1.5420557683318417
56104.0,47809.0,1.402678125606148
56156.0,50713.0,1.0187199702188219
56297.0,47933.0,2.017427966329733
45957.0,41945.0,2.9148961492199197
46077.0,15951.0,2.4414228339183257
46077.0,7334.0,1.500351109265865
46077.0,42414.0,1.5461501362724204
46077.0,43399.0,1.3251456590003303
45501.0,47873.0,1.4968028068023558
45661.0,43482.0,1.6213777560207514
45719.0,44142.0,1.925562939056811
46142.0,42050.0,2.475113344881184
46152.0,42063.0,1.0915092712602263
46182.0,42268.0,1.2885451114557427
46182.0,45833.0,2.9363842331469954
46223.0,43917.0,1.644927071824936
46288.0,50373.0,2.975034757219311
46124.0,43878.0,1.5173004694579113
46093.0,45717.0,1.8274220030506252
46093.0,48509.0,2.1955978216017646
44268.0,40950.0,2.66544168024899
44268.0,42733.0,1.1207752935744182
44268.0,36901.0,1.328424636852921
44274.0,40943.0,2.6908224083682546
44609.0,41040.0,2.9283662505711314
44705.0,41093.0,1.12971905874041
44206.0,42627.0,2.6481708252271745
43981.0,40716.0,1.6807982934492445
43981.0,41833.0,2.5182692917087808
44152.0,51852.0,1.100915681931207
44152.0,42077.0,1.2798804812692999
44152.0,48348.0,1.9979647909644989
44155.0,40790.0,2.2042118327975997
45112.0,41361.0,2.684505766974536
45121.0,46023.0,1.7895457549084148
45173.0,41361.0,2.533726355598506
45178.0,41245.0,1.612199314722321
45281.0,44376.0,1.3460270723331504
45049.0,7494.0,2.928795292350759
44762.0,41824.0,2.8968534201731213
44787.0,18080.0,1.7384031767776462
44999.0,41271.0,2.976876881336661
45037.0,41292.0,2.392421419891917
46320.0,40681.0,1.0983973541788494
48036.0,50732.0,1.1223344940475757
48234.0,43482.0,2.2772908087086834
48266.0,43993.0,1.3317151871920163
48266.0,52003.0,2.464596280074797
48266.0,8407.0,2.6163102326724488
48266.0,28210.0,2.258822687475971
48266.0,34773.0,2.338269886482695
48266.0,41559.0,1.348390006758576
48266.0,44071.0,2.4473179547802486
47435.0,51876.0,2.9887010067737925
47445.0,50629.0,1.0289295327445829
47189.0,6010.0,1.8918017620662495
46498.0,42436.0,1.8396505099815623
46498.0,42588.0,2.786327960002188
46756.0,38290.0,2.591073832380879
46385.0,41234.0,2.0855861690348867
46389.0,28696.0,1.8514479489311753
46433.0,9081.0,2.482578318903529
46433.0,48559.0,2.688447351269597
46435.0,19914.0,2.6791825435980146
47045.0,42749.0,2.2755496461482654
47069.0,45738.0,1.0654445988302998
47018.0,37352.0,2.9812562781764513
46917.0,50364.0,1.1131541773054343
46796.0,44903.0,1.4648247088057662
46796.0,42630.0,1.0609674795549715
46796.0,43955.0,1.1802711279336242
46856.0,5537.0,2.5779338438545842
46867.0,10707.0,1.7644153213149636
46916.0,42660.0,2.336279429314084
30536.0,31333.0,2.033189818083043
30596.0,43914.0,1.5468376242253743
30596.0,39276.0,2.8680920367557694
30596.0,36710.0,1.6619809674452763
30596.0,40687.0,2.9325315907534835
30596.0,44499.0,1.687948364640898
30596.0,38696.0,2.863187092919542
30596.0,15344.0,2.333959595504308
30596.0,34403.0,1.9378468078772422
30596.0,34516.0,1.928612267269354
30596.0,35234.0,1.9883360001032677
30596.0,43550.0,1.4301515751738803
30596.0,40936.0,2.9210445073493227
30596.0,40481.0,1.6279309772477901
30596.0,36658.0,1.2005247312741552
30596.0,37428.0,1.8656378939111324
30307.0,23395.0,2.272154091425339
30307.0,42662.0,2.3067739257800843
30307.0,40438.0,2.5327037333362052
30350.0,50105.0,2.3098562075913325
29579.0,48557.0,2.1438537690665833
29579.0,7340.0,1.1914750314266804
29579.0,45770.0,2.9204977639277967
29579.0,41065.0,2.242600790030991
29579.0,47227.0,2.5666143347115717
29579.0,41089.0,2.946519008040494
29579.0,40156.0,1.6863039564161482
29579.0,45715.0,1.9508737741096214
29579.0,46056.0,2.932321523804011
29579.0,43592.0,2.4031632131356604
29579.0,50023.0,2.1913380499949096
29579.0,27590.0,2.1065413011046967
29579.0,43736.0,2.3227564013603867
29579.0,14181.0,2.835081224605677
29579.0,47238.0,2.300952613628919
29579.0,39752.0,2.715138676692611
29579.0,31822.0,1.9503292257770006
29579.0,47220.0,1.3887554381348817
29579.0,50092.0,2.2558186733966754
29579.0,40079.0,2.6890595022682136
29579.0,40113.0,1.5819770024795439
29579.0,47758.0,1.6454861740351285
29579.0,51973.0,2.301325554743199
29579.0,43910.0,1.0737539657155108
29579.0,46023.0,1.2331510937103347
29579.0,45759.0,2.9735257693202355
29579.0,47355.0,1.999821348726263
29579.0,43973.0,1.0434531226848975
29579.0,52168.0,1.6473369637874224
29579.0,50231.0,1.3229865674999284
29579.0,50326.0,2.5350809923554785
29579.0,50380.0,2.1833249650774147
29579.0,51830.0,2.1175633241489553
29579.0,41595.0,2.422811843251033
29579.0,41959.0,2.515654451492952
29579.0,8790.0,1.287860556686982
29579.0,39711.0,2.059873910717678
29579.0,46112.0,1.9582408959924562
29579.0,47201.0,2.7935141489247775
29579.0,45343.0,2.9306773344477044
29579.0,48611.0,1.41475086430522
29579.0,49655.0,2.238838003999137
29579.0,47632.0,2.6366848946365247
29579.0,47681.0,2.398819069439492
29579.0,50112.0,2.43099377569145
29579.0,41080.0,1.111297457247118
29579.0,40460.0,2.229306812474346
29579.0,39922.0,1.235021010780286
29579.0,40146.0,1.6775746887999248
29579.0,40152.0,2.4278760321065933
29579.0,40168.0,2.919845828956394
29579.0,40367.0,1.5943004476485492
29579.0,40443.0,2.232504373662911
29579.0,43747.0,2.250446590803142
29579.0,44681.0,2.8979336631208086
29579.0,41659.0,1.8966230582033012
29579.0,41741.0,1.9137617870468993
29579.0,41860.0,1.1518047710873571
29921.0,16568.0,2.052582748596935
30066.0,32092.0,2.845286472495914
30092.0,30953.0,2.1458526305644856
30705.0,31349.0,2.470003887684118
31941.0,32283.0,1.6492890579834416
31982.0,26907.0,1.7810519562030442
31988.0,38533.0,1.59658070133033
31988.0,48521.0,1.1781319581148635
31988.0,37230.0,2.1608006795880472
31988.0,43525.0,2.5549476127111292
31721.0,35390.0,1.0721288746703088
31316.0,32250.0,2.151086105538246
31416.0,31831.0,2.096095138256237
31570.0,19373.0,1.6280553568319298
32040.0,32358.0,1.3245648372257737
32064.0,39600.0,2.042540351092587
32064.0,38126.0,1.9943748686696703
32064.0,38386.0,2.9444857801435056
32064.0,44703.0,1.4043997308007634
32064.0,45162.0,1.7294430474522862
32064.0,47815.0,2.8856554973384183
32064.0,47951.0,2.2741345114114973
32064.0,51866.0,1.9818458648733788
32064.0,45321.0,2.3380209074063765
32007.0,28422.0,1.4667873374748663
31229.0,51936.0,2.1847056335300925
30819.0,42662.0,1.66393301248551
30819.0,32326.0,1.2344075972191786
30819.0,35764.0,1.0015156463350863
30819.0,42192.0,1.5778771441405524
30819.0,20003.0,2.750660550341366
30819.0,31534.0,1.044655032049896
30819.0,41640.0,1.525451972619944
30819.0,10707.0,2.812374989699802
30819.0,32247.0,2.101876613943842
30819.0,34714.0,2.7630262006968405
30819.0,39397.0,1.3215931002133448
30819.0,2330.0,2.837111868771309
30819.0,49752.0,2.8275922776058398
30819.0,44933.0,1.314109231567255
30819.0,45290.0,1.8292906508866993
30819.0,48219.0,2.4704386043924123
30736.0,4309.0,1.367953709215011
30759.0,36837.0,2.5534328056019766
30759.0,35955.0,2.1593400941637713
31004.0,33110.0,1.986946179083365
31004.0,34982.0,2.1951109133093683
31029.0,39258.0,2.622903759370476
31124.0,31602.0,1.2101227273185173
31155.0,31665.0,1.511146343868623
31186.0,27536.0,2.8477376461053527
30909.0,31521.0,1.8215282364520333
29059.0,35576.0,1.0145007252724545
28929.0,44609.0,1.3677509752079304
28929.0,26784.0,1.299972796365041
28929.0,30013.0,1.7085184547654344
29073.0,50518.0,2.3944304897235584
28618.0,18161.0,2.501159249530658
28658.0,28850.0,1.7700679035116993
28658.0,40844.0,2.025027853086346
28602.0,30400.0,1.26002527573373
29536.0,30788.0,2.3521536118286592
29536.0,30925.0,1.9900435955976195
29536.0,30759.0,1.2023978231799224
29276.0,30339.0,2.9620633693427596
29398.0,37132.0,1.1676955449097128
26721.0,3093.0,2.6861703060728073
26789.0,38421.0,2.7189398420086475
26875.0,36557.0,2.9917046004935974
26662.0,28153.0,1.6201024750149755
27284.0,40900.0,2.5611066966569886
27366.0,28596.0,1.3739180383868166
28495.0,39800.0,1.0184425724027237
28497.0,37198.0,2.82477917826892
28555.0,33127.0,1.4220439524930646
26931.0,24044.0,2.6665366462552833
26944.0,42268.0,1.7670863073738288
27004.0,28406.0,2.371065148220068
36893.0,35977.0,2.2652191014363066
37186.0,36196.0,2.899378614570586
37236.0,50772.0,2.5568299504913474
37236.0,39295.0,2.8186534121141102
37236.0,44039.0,2.1056772915309816
37236.0,44117.0,1.3698820171417425
37236.0,43588.0,1.4602360447004312
37236.0,42248.0,2.26242304008898
37236.0,42053.0,1.1321779631660656
37236.0,42343.0,1.0700804902569687
37236.0,40837.0,1.9872220145170392
37236.0,35054.0,2.031422008157569
37236.0,36683.0,2.370655399665369
37236.0,42640.0,2.6839764171092755
37236.0,42783.0,1.958905818201563
37236.0,50201.0,2.3631246091147764
37236.0,51821.0,1.4556599043292238
37236.0,43171.0,2.353554151122554
37236.0,47867.0,1.808433103904477
36637.0,37632.0,2.981980295509649
36637.0,40808.0,2.3377218630071996
36637.0,45448.0,2.6785829739021416
36637.0,51980.0,2.9306719816463156
36637.0,42940.0,1.9116602217009975
36637.0,9418.0,1.7955956594233404
36637.0,10092.0,2.721999071768108
36823.0,38227.0,1.8999291969330403
36840.0,35912.0,2.563298983567815
36211.0,35466.0,1.475857064150303
36257.0,40712.0,2.4117964023728766
36308.0,37503.0,1.3846056127510018
36308.0,39429.0,2.167420167720757
36308.0,40098.0,2.8483425622439014
36308.0,40256.0,1.6619979693619278
36308.0,40383.0,1.4099751966791343
36308.0,36907.0,1.955122783860578
36308.0,37069.0,1.9444352781510983
36308.0,38818.0,2.7794179435123016
36308.0,39459.0,1.2550374866906913
36308.0,39967.0,1.1444997492992217
36129.0,22722.0,1.0362173154066423
36129.0,35482.0,2.2795678495916345
35925.0,36178.0,2.71665832585795
35987.0,35288.0,2.7511467470193622
36411.0,38346.0,1.5180240025570835
36415.0,40567.0,1.104198275065677
36485.0,35464.0,1.7339804928530815
37937.0,38024.0,1.517012683787749
37939.0,43742.0,2.167951904509761
37939.0,47272.0,2.414610458662188
37939.0,40168.0,1.4383500030898824
37939.0,8761.0,2.839732692060156
37939.0,20180.0,1.6953867186802247
37939.0,38300.0,1.629011011198047
37939.0,39039.0,1.5787713644457393
37766.0,38921.0,2.4849756488716683
37766.0,39216.0,2.021634394299248
37766.0,47347.0,2.178824613516844
38256.0,10022.0,2.9701684017534773
38335.0,36965.0,2.0772279337934156
38337.0,48409.0,1.0942527325523888
38338.0,23618.0,2.5780196545410012
38251.0,40624.0,1.1214951179367645
38044.0,37198.0,2.889827162832095
38044.0,38750.0,1.2016980801858466
38063.0,36812.0,1.8311429793153604
38150.0,36836.0,2.523004972920961
37591.0,37780.0,2.292949177282389
37277.0,35096.0,2.733415873904243
37295.0,50518.0,2.949899798520046
37325.0,40191.0,2.206753848422493
37325.0,45000.0,1.368642271898082
37325.0,44056.0,2.12152056856408
37325.0,42389.0,2.404755840851972
37325.0,39707.0,2.14167649278829
37325.0,40737.0,2.664894098092712
37405.0,141.0,2.3037249416455485
37447.0,2094.0,2.7071798754284777
37541.0,36461.0,2.7843429351755837
37582.0,46145.0,1.8361061930060356
37582.0,49772.0,2.46319594635749
35826.0,35171.0,1.9997841538253789
32459.0,39042.0,2.6787659011946143
32459.0,30860.0,2.0052426874919034
32459.0,35502.0,1.029528046717299
32459.0,35506.0,2.5257623822574082
32459.0,36697.0,1.3833969740193615
32299.0,40925.0,1.083309352478159
32299.0,50166.0,1.9660422539904483
32299.0,42086.0,1.1556645269514132
32299.0,43111.0,1.2007139237767708
32299.0,43130.0,1.994711283672967
32299.0,41987.0,1.2221337854971155
32299.0,5205.0,1.76868829860254
32299.0,7449.0,1.194567820229504
32299.0,17324.0,1.7824260301637047
32299.0,18871.0,1.8954069006700354
32306.0,43039.0,1.217308763557306
32630.0,41945.0,2.8027241930107305
32670.0,10327.0,1.904821800294392
32731.0,32836.0,1.1268514989364777
32789.0,48440.0,1.8482070607910228
32491.0,37566.0,1.9867974609402976
32497.0,43427.0,2.6863394220838295
32214.0,32929.0,1.0433319530563039
32262.0,34433.0,2.1091001815145667
32262.0,36312.0,2.3090445610401926
32201.0,15609.0,1.8471480452306457
32172.0,32509.0,2.165172760849659
32126.0,32474.0,2.640215000264084
32132.0,32384.0,2.5852481156577154
35397.0,39352.0,2.3122753162226672
35633.0,36652.0,2.6126432028031057
35123.0,23682.0,2.430789295445912
35144.0,18434.0,1.835186499980387
35319.0,16223.0,2.0886025497962812
35386.0,38227.0,2.173657617131644
35731.0,42084.0,2.115124118620439
35731.0,37663.0,1.1369519709321523
35731.0,35317.0,2.89850738822051
35731.0,36317.0,2.8360235880421376
35017.0,44150.0,1.2893516910108542
34385.0,35596.0,2.688645863742564
34385.0,35060.0,2.4718257268319483
34424.0,50182.0,2.741086780551748
34476.0,2904.0,1.8492242414666353
34550.0,38191.0,2.890743230915133
33169.0,40348.0,1.923196028489652
34588.0,52258.0,2.6816351276121275
34705.0,38764.0,1.7808697960368887
34600.0,20660.0,2.584686921968388
34611.0,44098.0,2.4797400179562032
11702.0,15165.0,1.2454433178013729
11686.0,38976.0,1.580600676799065
11686.0,39032.0,1.7180349345563175
11686.0,42169.0,2.9744233349797593
11686.0,38228.0,2.496850911681289
454.0,1319.0,2.536502317074034
454.0,1059.0,1.6537523291721163
454.0,1118.0,2.9833316679352797
454.0,1920.0,2.6922860020180934
454.0,2439.0,2.473670166744067
454.0,4580.0,2.1010027592291163
454.0,5256.0,2.2604873007004023
454.0,5701.0,1.9416601005709127
454.0,6466.0,2.2466022861804524
454.0,6474.0,1.2170617890459587
454.0,6479.0,1.211722592759621
454.0,6595.0,2.9560762432379466
454.0,2982.0,1.2563974818982693
454.0,3253.0,2.8147389320934937
454.0,10801.0,1.5495169212567836
454.0,13898.0,2.0633080565735096
454.0,10366.0,2.577047590825026
454.0,7885.0,1.8069614660788875
454.0,7912.0,2.983594577047972
454.0,8001.0,1.5260223048177148
454.0,8380.0,1.8942550447642417
454.0,8881.0,2.029938036850605
454.0,9220.0,2.827471355814433
454.0,9973.0,2.863734635079174
454.0,1653.0,1.3918456916738422
454.0,1805.0,1.4085868597408253
454.0,2314.0,2.7390288187108096
454.0,2342.0,2.358002047726825
454.0,2485.0,1.9649885722735378
454.0,2495.0,2.062677583878096
454.0,1652.0,2.4635851498709567
454.0,1566.0,2.2113725958908184
466.0,1744.0,2.6960752537570514
482.0,6389.0,1.3994021023532957
396.0,447.0,2.4108226541625504
412.0,733.0,1.9341277766402027
417.0,2938.0,1.3982503341306542
427.0,5385.0,2.49785609997619
427.0,11035.0,1.172322310523907
432.0,598.0,2.448868907722197
432.0,57.0,2.213227274951556
386.0,2968.0,2.1631769504858376
386.0,13606.0,2.674346586322442
386.0,1669.0,2.1315146234467948
386.0,377.0,1.7441634789059857
386.0,10702.0,2.91285063713792
386.0,9621.0,2.5609018833627966
386.0,6187.0,1.5482913984977003
386.0,9266.0,2.0110080945492905
386.0,9004.0,2.854965548586357
386.0,2799.0,2.6150038212226105
386.0,717.0,2.0018161166109127
386.0,743.0,2.634879546151941
386.0,796.0,2.92795653107943
386.0,979.0,1.5514570319127703
386.0,4271.0,2.1653834201397
386.0,6555.0,2.0896666721314556
386.0,6562.0,2.293648130376588
386.0,7589.0,2.3523547351085923
386.0,7722.0,1.0630884167045922
386.0,7998.0,2.60319140947625
386.0,6139.0,1.810172098705248
386.0,5881.0,2.4668905220777084
386.0,617.0,2.4444285781310797
486.0,569.0,1.3469091006637548
486.0,3451.0,2.4585989767616114
486.0,1374.0,1.6599689695891406
486.0,1438.0,1.2055464046121194
486.0,2417.0,1.9222644990035114
619.0,5133.0,2.3568903452852363
619.0,5321.0,1.0694889850392981
619.0,9030.0,2.925288537265436
619.0,10996.0,2.8334621032830594
619.0,14129.0,2.5670426451507997
619.0,15052.0,2.120067502214831
619.0,2829.0,2.8127736540678847
604.0,10974.0,1.6305487120717985
612.0,4135.0,2.2860604450239244
612.0,2314.0,1.3413586077401105
637.0,19521.0,2.404176147587677
641.0,2934.0,2.7133489992311963
646.0,13777.0,2.2086613270031354
657.0,2231.0,2.8520172857341315
657.0,2523.0,1.1999493409182698
631.0,598.0,1.405933368857048
631.0,1613.0,2.859381557537252
631.0,2334.0,2.2957442518781876
631.0,7121.0,2.0997263505945565
627.0,4681.0,2.8429394562726085
599.0,1246.0,2.5140157806279397
496.0,2578.0,2.3537410865285113
525.0,34409.0,1.9706537780420152
525.0,45591.0,1.4532080837080412
525.0,19914.0,2.965091341586071
525.0,46107.0,2.608295350895752
553.0,40718.0,1.9759273630175826
553.0,19408.0,1.382836619359714
553.0,3544.0,2.8333418466877824
530.0,575.0,1.4951044747253417
530.0,1038.0,2.3938160306511285
530.0,1508.0,2.0688914767510367
549.0,3748.0,1.3869114454593825
212.0,1499.0,1.357340123953551
212.0,944.0,1.5734750601938563
238.0,2667.0,2.3566636034349617
238.0,5993.0,2.9022859024054357
238.0,6035.0,1.2023431180307889
238.0,9045.0,2.4023654052149084
246.0,2150.0,1.0474908498665982
249.0,1311.0,2.4857131251181834
249.0,4574.0,1.6622314116699592
249.0,6828.0,2.2011121473764463
263.0,1384.0,1.5708115543254244
263.0,546.0,2.971140948997255
263.0,51878.0,2.8725928235197746
263.0,3316.0,1.3151493279559885
263.0,7739.0,1.5932547366965162
196.0,10041.0,1.0204648969638814
196.0,17047.0,2.508826194156998
196.0,24100.0,1.8385158009490636
196.0,31338.0,2.8092125322176216
196.0,34902.0,2.8741463754104744
196.0,51841.0,2.057584063814902
196.0,136.0,2.8836808813759385
196.0,23667.0,1.9014813762775642
196.0,6218.0,2.335024675987579
196.0,6647.0,2.551161306370848
196.0,9792.0,2.6022952337862053
196.0,12463.0,2.717199108744034
196.0,4265.0,1.5154137038343984
196.0,504.0,2.4555645792808196
196.0,2322.0,1.765277397172231
196.0,2458.0,2.0734452732797264
273.0,4165.0,2.6373396621698406
279.0,6386.0,2.178388111663589
293.0,136.0,1.1266622259735868
294.0,1244.0,1.2885134702330097
300.0,4156.0,2.7480405703014386
188.0,453.0,1.750511718160121
188.0,1039.0,1.0241533889052774
188.0,88.0,2.5290042238933816
190.0,460.0,2.5976155169164246
165.0,27056.0,2.6360282462224003
165.0,32622.0,2.710337043705521
165.0,44903.0,1.3695282608802106
165.0,40602.0,2.1229759462025557
165.0,36609.0,1.337697316515717
165.0,8905.0,2.7620301913528165
165.0,20318.0,2.580949879313917
165.0,37554.0,1.99201789868449
165.0,8017.0,1.4906135082073293
165.0,48523.0,2.5812522362310935
165.0,50037.0,1.0947420627014526
165.0,50511.0,1.4841987795272433
165.0,4740.0,2.474667867690532
165.0,10555.0,2.479824382916304
165.0,16194.0,2.3351636447229684
165.0,17684.0,1.6184688681602402
165.0,19693.0,2.2267715423378647
165.0,20621.0,2.1306166293576623
165.0,27877.0,1.667611671519271
165.0,37967.0,2.886772510309659
165.0,43189.0,1.8967018443763126
165.0,28560.0,2.2719781477781273
165.0,30868.0,1.5806408516043091
165.0,31078.0,1.211100233764715
165.0,31103.0,2.2658207960707895
165.0,32023.0,2.4679023779125693
165.0,32808.0,1.400783723116351
165.0,4139.0,1.8143381308293465
165.0,8472.0,2.435807504147691
165.0,8936.0,2.45499354986617
165.0,6375.0,1.8334456122411946
185.0,361.0,2.5799268991916557
187.0,399.0,2.1949364130206934
342.0,450.0,2.1483172913634503
342.0,1783.0,1.429788439755775
342.0,16104.0,2.172608259949323
349.0,570.0,2.6823228180358645
349.0,7060.0,1.7317334133885476
349.0,7285.0,2.1986589515064767
349.0,7454.0,1.7023022986553151
373.0,981.0,1.4959500778296286
374.0,4124.0,2.4243248628643723
374.0,5575.0,1.0142574700559321
374.0,8902.0,2.0354246786225607
374.0,10619.0,2.2281806890852685
374.0,5519.0,2.4930514823496193
374.0,3411.0,2.2143824012748747
374.0,3798.0,1.9927185494184614
374.0,4081.0,2.5628463275034825
374.0,4133.0,1.8727748864804235
334.0,1852.0,2.8407291437630127
328.0,1624.0,1.6199416618391806
328.0,1384.0,1.5309016220082396
328.0,1255.0,2.358313793850877
328.0,3364.0,1.3418597568768489
661.0,2644.0,1.4775139288190953
661.0,2203.0,1.2970169874158786
1081.0,1569.0,2.749206809735931
1094.0,4561.0,1.2411024736589928
1110.0,1444.0,1.4674981351906697
1110.0,1338.0,1.9373765489450525
1110.0,1417.0,1.5563745783377407
1111.0,38770.0,1.2657796726617836
1073.0,8329.0,1.1010499030347727
1063.0,5415.0,1.0693379606307105
1063.0,4890.0,1.9208883635122245
1063.0,2047.0,2.740803747688682
1132.0,16414.0,1.3067404995851315
1183.0,3049.0,1.9065018979385229
1183.0,6271.0,2.2485686364970343
1183.0,3082.0,1.6688213937585674
1183.0,2021.0,1.8899206277274363
1183.0,2167.0,1.3381286131338164
1205.0,1829.0,1.730152227387724
1134.0,7648.0,2.8507269094332863
1150.0,34687.0,2.5755591671910363
1044.0,36304.0,1.969730190275843
1044.0,38907.0,2.395282567193005
1044.0,25217.0,2.6445059285722534
1044.0,36158.0,1.2017569540925555
1044.0,42364.0,2.7120585051655377
1044.0,38802.0,2.6395928999172438
1044.0,36457.0,1.5170114955082452
1044.0,5514.0,2.0784006670446393
1044.0,1499.0,1.4685976125569127
1044.0,3364.0,1.2676680627453654
1044.0,1392.0,1.4124157190641091
1044.0,30874.0,2.785187696542703
1044.0,36482.0,2.74706214337834
1044.0,14533.0,2.010686427635163
1044.0,14569.0,2.1427194323209378
1044.0,14832.0,2.755518884939181
1044.0,22864.0,2.6082919837522827
1044.0,23374.0,2.206058707164071
1044.0,2802.0,1.4998446812200548
1044.0,3327.0,1.87752092570627
1044.0,5499.0,1.2663255056334428
1044.0,6438.0,1.8673956242153518
1044.0,6633.0,1.5954739392253663
1044.0,7055.0,2.040726744688067
1044.0,3691.0,1.866323323069195
1061.0,2199.0,2.7266539555803035
1061.0,2241.0,1.053941538644361
1061.0,4639.0,1.0667069253843533
1049.0,1449.0,2.4924060711430847
1049.0,43894.0,2.9963229120318573
1208.0,2311.0,1.1151230475034657
1580.0,4724.0,2.784211403641831
1580.0,23537.0,1.2953591722901339
1618.0,1976.0,2.5780319242034655
1624.0,1059.0,1.448408902828885
1626.0,4508.0,1.1441463073034166
1626.0,2867.0,1.7805493180108196
1403.0,7188.0,1.2349736708729855
1408.0,15005.0,2.5354897156114555
1409.0,301.0,2.216975804370675
1409.0,1670.0,2.7592875489546276
1398.0,3506.0,2.849053789875157
1398.0,2117.0,1.8488203226801385
1398.0,2175.0,1.6749054140450816
1398.0,2910.0,1.2422638530101495
1690.0,5849.0,2.2996926283841317
1690.0,4203.0,2.7342715716615134
1690.0,4692.0,2.933468180177428
1703.0,2211.0,2.6415701161823897
1708.0,2167.0,1.7297222481137968
1735.0,2064.0,1.9006181591858236
1735.0,4098.0,2.5119009095664007
1735.0,6381.0,1.0482178823341528
1679.0,1896.0,2.0048349401956163
1337.0,2938.0,1.7251525168969406
1337.0,22534.0,2.3689631163119502
1337.0,2330.0,1.0649477749562806
1337.0,1825.0,1.0265569032266642
1337.0,4607.0,1.2038545525066076
1305.0,8370.0,1.980617371523179
1305.0,7407.0,1.6995196798947232
1283.0,6921.0,1.224736029130479
1299.0,23317.0,2.3061886101834754
1299.0,40922.0,1.7482554218251067
1300.0,5141.0,2.161561160355059
1343.0,2039.0,2.0340481304121987
1343.0,2350.0,2.73873808405504
1343.0,2104.0,1.9609188460365516
1343.0,2236.0,1.0564440019448678
1343.0,1745.0,1.4500410416869558
914.0,2001.0,1.6785311080248637
914.0,18812.0,1.9822306672530816
878.0,3433.0,2.4325488286996855
880.0,890.0,1.8637532818071256
949.0,45631.0,1.9060485647601497
949.0,9727.0,2.592518194016535
949.0,35751.0,2.4136675665386695
949.0,2150.0,1.2899574696499372
949.0,5459.0,1.9495487970032839
949.0,1895.0,2.4888737473782854
949.0,2304.0,2.7361856618066267
949.0,3188.0,1.8325963740698967
949.0,8920.0,1.3464824775738202
949.0,9420.0,1.8306658304326913
949.0,10710.0,2.4110755317012043
949.0,10932.0,2.7719931808341265
949.0,12472.0,2.9344121504260166
949.0,18767.0,1.4152783556821458
949.0,6489.0,1.9436232471318107
949.0,7239.0,2.0119348165306294
949.0,7327.0,2.202991728934904
949.0,20251.0,1.5786209256864128
949.0,47914.0,2.069202105724179
949.0,43132.0,2.7907419912028897
949.0,22825.0,1.1702019676196085
949.0,34756.0,2.2372203837649316
949.0,39180.0,2.801295996795053
949.0,39845.0,2.5389548986443167
919.0,4549.0,2.990177834915814
919.0,5300.0,2.6234670728063056
922.0,1266.0,2.738367297965384
929.0,1164.0,1.5572801101502773
932.0,9604.0,1.5566051617633674
867.0,4873.0,2.212856955156162
867.0,2103.0,1.0390542129256415
867.0,5026.0,2.7919591338414986
867.0,5155.0,1.7348044500873014
867.0,5159.0,1.1018354449177015
710.0,1169.0,1.250572302817799
742.0,2458.0,2.400734771626342
782.0,5537.0,2.537259475534925
782.0,7896.0,2.667113972680304
782.0,9409.0,1.2630875493945168
800.0,1508.0,2.0311075212398713
800.0,1074.0,1.551490439331957
805.0,40639.0,1.722097461608942
805.0,44376.0,1.063216404394957
683.0,141.0,1.7735889044338773
669.0,3274.0,2.2358104610119645
681.0,1243.0,1.5833246189582024
826.0,3515.0,1.6727010161468878
826.0,19662.0,1.6061756882005735
826.0,1800.0,2.3176462367293746
860.0,1118.0,1.4695899439419717
810.0,1825.0,2.6836974922670445
824.0,14766.0,2.812283050068579
1039.0,15728.0,1.4607429948411608
1039.0,2621.0,1.4786815550985013
1039.0,3327.0,2.140005620195055
1039.0,3360.0,1.3328916324659286
1039.0,7527.0,1.6117158258539697
1011.0,4707.0,2.0214345532124725
971.0,2167.0,1.1639591801024796
982.0,19786.0,2.304678038704032
1007.0,3665.0,1.9930491601011584
23.0,6805.0,2.04006488463047
23.0,34322.0,2.691587205095588
23.0,28589.0,1.1394147272169397
23.0,41787.0,2.5787867428816718
23.0,14178.0,1.5975151041546873
23.0,35927.0,2.954046155613451
23.0,36310.0,1.4159404214550813
23.0,42363.0,1.0707961516786222
23.0,4159.0,1.4968085532266797
23.0,19593.0,1.9312145845928412
23.0,10977.0,1.5845181564443673
23.0,18700.0,2.8876309881894624
23.0,4873.0,1.4741738473415786
23.0,43441.0,2.903731394410079
23.0,3486.0,1.024413051933896
23.0,39918.0,1.4846557832644374
23.0,42534.0,1.2069678920168867
23.0,44984.0,1.44265090478197
23.0,42724.0,1.3490384886751696
23.0,31526.0,1.443238845512618
23.0,50401.0,2.887190684004512
23.0,47488.0,2.7012768214582104
23.0,47551.0,1.0190339030170468
23.0,40288.0,1.198458343818279
23.0,9661.0,2.4336507217218184
23.0,475.0,2.7116295539908553
23.0,2150.0,2.302154048186442
23.0,7904.0,2.0189086582563966
23.0,19447.0,2.5506065719358766
23.0,7035.0,2.5383903821932483
23.0,5575.0,1.4098647220763716
23.0,4192.0,2.9088336482073145
23.0,4607.0,2.787973905844355
23.0,2802.0,1.6060579139841764
23.0,19786.0,1.2440550019871093
23.0,26799.0,1.4719545471258781
23.0,27442.0,1.5179545045535456
23.0,27574.0,2.2904418967465725
23.0,27717.0,1.603293102330264
23.0,27675.0,2.4580011506987507
23.0,22234.0,2.315209036745511
23.0,23142.0,1.9535108528343108
23.0,23848.0,1.926567402844778
23.0,23913.0,2.7070947163393404
23.0,35779.0,2.612460051947492
23.0,31862.0,1.0010000483893442
23.0,28844.0,2.6934695586669966
23.0,30337.0,1.5137723981456714
23.0,31084.0,1.70067882991831
23.0,31848.0,2.255077148754182
23.0,15314.0,1.453294181143821
23.0,15734.0,1.0515833011643545
23.0,15903.0,2.15277414563288
23.0,15911.0,1.9597535800048254
23.0,15928.0,2.121542366032852
23.0,16007.0,2.43082734881916
23.0,14097.0,1.5719668821068506
23.0,14107.0,2.074620521719315
23.0,14280.0,1.6608348043114551
23.0,14325.0,1.2061474354665054
23.0,14367.0,2.2008006173705956
23.0,14381.0,1.1628782003278204
23.0,35981.0,2.5542531643469872
23.0,19236.0,1.7073281764528674
23.0,19924.0,2.374003337159127
23.0,20255.0,1.1425186260869946
23.0,16270.0,2.5826468499176185
23.0,17932.0,2.4357928049343123
23.0,18489.0,2.0581809502621162
23.0,18543.0,1.4449126760937203
23.0,18916.0,1.3334549704487082
23.0,47786.0,2.950932189761145
23.0,49702.0,2.793589577196893
23.0,49771.0,2.7129416959409403
23.0,50040.0,1.5971115539121252
23.0,4448.0,2.164539677594637
23.0,47675.0,2.237998737578519
23.0,39717.0,1.0712062525856885
23.0,39980.0,1.3481158245565068
23.0,42489.0,2.768266488619102
23.0,44884.0,1.209923156787799
23.0,44800.0,1.2137339728519843
23.0,44592.0,2.361365939354969
23.0,42920.0,2.63815224514847
23.0,43087.0,2.6382665608502704
23.0,2694.0,2.079999492914479
23.0,3465.0,2.6803700842735614
23.0,3542.0,1.4919274921829941
23.0,2402.0,1.1476868278599828
23.0,4787.0,2.7279601889284506
23.0,4978.0,2.1324640788415716
23.0,5238.0,1.818923430654171
23.0,4582.0,1.143757112125347
23.0,4566.0,2.1632018557111614
23.0,4502.0,2.8771803999039602
23.0,5343.0,1.1590670213661343
23.0,9504.0,2.2092630667594357
23.0,9981.0,1.346179385480527
23.0,8471.0,2.577430051275363
23.0,8493.0,2.1765781301985
23.0,8501.0,1.3827421808931528
23.0,8614.0,2.374927669433564
23.0,8686.0,2.19917219039925
23.0,10038.0,1.6556279368382965
23.0,10915.0,2.4626373402427246
23.0,11054.0,2.9285089511199462
23.0,12507.0,1.6737648630674309
23.0,13900.0,1.539356820565089
23.0,13915.0,2.865200809041153
23.0,10080.0,1.456853599449298
23.0,10154.0,2.6982034599844766
23.0,10211.0,2.4402916557137293
23.0,10435.0,2.7615524307762174
23.0,8217.0,2.3155411447181002
23.0,6493.0,2.8019700583283975
23.0,6553.0,2.6693426048488256
23.0,6561.0,1.2290600108242622
23.0,6643.0,2.06946005585771
23.0,6648.0,2.4752329221727347
23.0,6723.0,1.762200115962068
23.0,6745.0,1.9744759701496268
23.0,6769.0,2.5271746443171987
23.0,6847.0,1.6316502434287758
23.0,5711.0,2.7260937025316094
23.0,5912.0,2.821030121173133
23.0,6024.0,2.7182184014172543
23.0,6208.0,2.9700479450140373
23.0,6275.0,1.7865144968061122
23.0,7857.0,2.5989440233156635
23.0,7044.0,2.9884236109350155
23.0,7092.0,1.902757593219671
23.0,2693.0,2.2826442622528513
24.0,18.0,2.338597319955193
24.0,1678.0,1.6637875251277188
24.0,956.0,1.6344155376072724
24.0,5373.0,2.5418737856813935
24.0,643.0,2.737843422806578
34.0,4398.0,2.3212668828636387
34.0,475.0,1.7035400725517649
34.0,1255.0,2.0579356677029415
34.0,32.0,2.759735976659864
34.0,950.0,1.605281327909404
34.0,12.0,2.8402190391104662
34.0,210.0,2.1038145910506687
34.0,297.0,2.914194667459255
34.0,514.0,1.7415996254899906
34.0,1540.0,2.346756514890248
35.0,9830.0,2.0297413191812037
35.0,17313.0,1.2869031098020705
35.0,18392.0,2.425670104783416
15.0,361.0,2.374141808028324
11.0,6377.0,2.928215992002837
5.0,50205.0,2.7009985775379657
5.0,6664.0,1.6003500969420228
5.0,44947.0,2.44572054498338
5.0,40107.0,2.092146718519838
5.0,231.0,1.5318777098235938
5.0,2667.0,1.7883781299543846
5.0,256.0,1.3704623164481295
5.0,1700.0,2.748830987842193
5.0,1355.0,2.642708892515469
5.0,1276.0,2.107823720477904
5.0,6095.0,2.2917364724811873
5.0,278.0,1.9216477356072466
5.0,2922.0,2.668007145280591
5.0,434.0,1.8741403248916364
5.0,218.0,2.033521246648398
5.0,14110.0,2.952967370022039
5.0,14988.0,1.4448931542353736
5.0,15819.0,1.7803376156604134
5.0,19151.0,2.134488979549195
10.0,3748.0,2.215930031601663
10.0,262.0,2.776423445800294
104.0,2761.0,1.047179824071825
104.0,30796.0,2.001424383803757
104.0,3506.0,1.8493806078086792
104.0,18420.0,2.9086448812803285
104.0,2069.0,1.6482073172978753
104.0,2262.0,2.466949446251647
104.0,23060.0,1.9693910716558276
104.0,40348.0,2.112791577287097
104.0,30862.0,1.7397696314034257
104.0,30907.0,2.702543258216111
104.0,32028.0,2.7424410782915114
104.0,33114.0,1.5863088259259814
104.0,36421.0,1.7641485808740949
104.0,16213.0,2.916361556312977
104.0,20698.0,2.9494679257610668
104.0,26574.0,2.5211528455877494
104.0,27364.0,2.3442403161065464
104.0,38657.0,1.556376004592229
104.0,39432.0,1.2266382172240762
104.0,10574.0,2.6350827218366253
104.0,41779.0,1.0511568826171462
123.0,487.0,2.8428683266774035
123.0,535.0,1.0378335869325295
123.0,243.0,1.7214249927529
141.0,227.0,1.4014968367603413
143.0,1801.0,2.370331300768635
143.0,2975.0,2.615484204433837
143.0,32025.0,1.845057030760414
143.0,35263.0,2.0289269317841927
114.0,260.0,1.2473431885742539
106.0,41274.0,2.600523530128982
110.0,100.0,1.6971225244360577
113.0,1091.0,2.875106159169408
96.0,10606.0,2.7839976000842013
96.0,34322.0,2.9188792983495553
96.0,154.0,2.3182557536533586
96.0,9193.0,2.4578744605854688
96.0,7450.0,2.089988053270433
96.0,36064.0,2.551055554053308
96.0,956.0,2.9098589666776693
96.0,2587.0,1.8000192484997781
96.0,2417.0,2.1124599982606878
96.0,2540.0,1.2830018655177118
96.0,34756.0,2.775241110891005
96.0,262.0,2.4398233990861593
96.0,25173.0,1.621260051444487
96.0,28536.0,1.2706055381979344
96.0,39742.0,2.567193860458481
96.0,2466.0,2.094988848016146
96.0,138.0,1.4402277387531677
96.0,8490.0,2.306785055744064
96.0,8807.0,2.965843622177406
96.0,9149.0,2.014420506794205
96.0,8286.0,2.826689894264838
96.0,7315.0,2.0493009204849644
96.0,7413.0,1.6703871608453593
96.0,7489.0,2.8277463417488713
96.0,7272.0,2.3173343249015512
96.0,19177.0,1.149043332644561
96.0,19312.0,2.1605810911648646
96.0,19395.0,2.7903396593019347
96.0,13772.0,2.587154632891406
96.0,18415.0,1.2126952580221257
96.0,1782.0,2.068623267968455
96.0,1960.0,1.7219998137769863
96.0,1994.0,2.909173347153274
96.0,552.0,2.840310258898746
96.0,6016.0,1.1993284277254084
96.0,6325.0,1.650339426311485
96.0,2612.0,1.6561670045239747
96.0,2629.0,1.597485631620839
96.0,2649.0,1.246267073530816
96.0,5283.0,1.195315841496523
100.0,250.0,2.951631680763989
100.0,269.0,1.7134512675305054
100.0,303.0,1.073800844312004
100.0,3345.0,1.0692349920224897
100.0,225.0,2.0557433519549786
98.0,57.0,2.540536003277772
155.0,8067.0,1.069715129257853
80.0,4886.0,2.7169477167056684
80.0,101.0,1.3630833261590833
80.0,5366.0,1.3671131910383272
80.0,2243.0,1.520413208716651
80.0,3612.0,1.0838477710899401
82.0,41.0,2.99241383956966
82.0,453.0,2.045268480981276
82.0,3635.0,1.2204037696447942
82.0,2839.0,1.7746722891493647
82.0,1101.0,2.864806098705839
82.0,1604.0,2.076072953496582
82.0,1746.0,1.6000777469366558
82.0,2178.0,2.453995544368881
82.0,6355.0,2.894936341803674
82.0,5323.0,1.2894853765266605
83.0,74.0,2.5405370420897917
83.0,377.0,2.239698290267631
83.0,100.0,2.4613836801198294
83.0,275.0,1.062548523653332
83.0,23896.0,2.7415028039504294
85.0,68.0,1.0535843963924352
90.0,570.0,1.675277026646513
79.0,15336.0,2.138684442835371
79.0,15886.0,2.01809682811378
79.0,162.0,1.4187082274820966
79.0,4630.0,1.1326553425635009
79.0,5021.0,1.5425342212218007
79.0,8929.0,1.224554960422228
39.0,1238.0,2.030866217572979
39.0,1366.0,1.8144201873925547
39.0,6001.0,2.8289296549213834
43.0,2862.0,1.637697695830371
45.0,369.0,1.582096781270832
45.0,297.0,2.588776200387241
45.0,4840.0,2.961222505815526
45.0,7783.0,1.5802473472476328
45.0,7953.0,2.7769236044159236
78.0,315.0,1.3745693468503193
64.0,22529.0,1.4833403233312372
64.0,1976.0,1.8238491206866154
64.0,156.0,2.257467780464796
64.0,6888.0,1.4399501664604262
48.0,59.0,1.3315759649509054
49.0,976.0,2.8839161728371296
49.0,30094.0,2.2414447137418705
6656.0,18173.0,2.5393028279616576
6656.0,19974.0,1.626260829695211
6656.0,10625.0,2.7031872123065703
6656.0,9377.0,2.0774527327194776
6656.0,8157.0,1.6323986021532084
6656.0,22002.0,1.0901104533754173
6656.0,8699.0,2.418148349753065
6656.0,9466.0,2.634850723770459
6656.0,8377.0,1.7832458001402998
6656.0,11071.0,2.359173311280067
6656.0,19281.0,2.912238688766632
6656.0,23404.0,1.4709127620776363
6656.0,19027.0,2.5021262269689206
6656.0,18732.0,2.3839531150463884
6656.0,16369.0,1.6820226677310126
6656.0,16400.0,2.055838353753547
6629.0,27223.0,2.2728211757176275
6629.0,9920.0,2.3624163441400876
6629.0,15745.0,2.1772799066868185
6629.0,16829.0,1.9865873627103825
6629.0,22395.0,2.2980480368470815
6629.0,17519.0,2.2032370595824613
6629.0,21907.0,2.2232268781601867
6629.0,20115.0,1.0833999310982703
6629.0,18338.0,1.599642572799143
6629.0,2141.0,1.3867715196231603
6629.0,26730.0,2.3928525708798825
6629.0,30975.0,2.538251329014188
6629.0,44348.0,1.526038514014816
6629.0,17483.0,2.2728957837626966
6629.0,17966.0,1.2696131817574234
6652.0,10469.0,2.8723833533594916
6444.0,20880.0,2.4481109887626085
6507.0,43193.0,1.3989808595204996
6533.0,9029.0,2.425499721703977
6933.0,14232.0,1.3604435244708162
6933.0,9099.0,2.9654665942846146
6933.0,2168.0,1.1179190651919768
6933.0,10566.0,1.636754827236069
6956.0,20073.0,2.791654836373539
7000.0,9184.0,2.298778206986232
7040.0,4771.0,2.045257396750437
7052.0,6191.0,2.3692835195526216
6862.0,9019.0,2.963828983558196
6862.0,10768.0,1.709778226019204
6876.0,2600.0,2.2161336124227526
6876.0,9019.0,2.8880659997799087
6876.0,9704.0,2.143926482988359
7188.0,10906.0,2.769039490008706
7188.0,19577.0,1.5968511367079792
7188.0,15768.0,1.4796479924940307
7188.0,10462.0,1.8792578750087956
7189.0,4456.0,1.0826894353184915
7202.0,14028.0,2.6525704221692115
7202.0,14848.0,1.2240480498501936
7211.0,9543.0,1.0063114593538536
7280.0,8731.0,1.6927174641223814
7280.0,23213.0,1.0417336053390645
7152.0,44245.0,2.512188996650432
7164.0,10049.0,1.479582388569835
6710.0,37081.0,2.781552193585357
6710.0,20502.0,1.189481755374866
6710.0,36162.0,2.0772236897929206
6710.0,47679.0,1.7306693347681699
6673.0,9220.0,1.540100478758288
6815.0,9971.0,1.486462766937545
6844.0,47906.0,1.6928937655679064
6844.0,15416.0,2.668295922928081
6794.0,8933.0,2.0994555102869317
6397.0,18566.0,1.1660698764847657
5337.0,18329.0,1.8893226409081099
5337.0,43742.0,1.1428037014914616
5337.0,38351.0,2.2799973903677646
5337.0,2215.0,1.5322911451948011
5337.0,13612.0,2.0464128793126646
5337.0,19126.0,1.7240552346222235
5337.0,34813.0,1.5776246580157431
5326.0,10410.0,2.141990184561242
5186.0,28403.0,2.0472804031517144
5186.0,8682.0,1.979575152063527
5272.0,3420.0,1.2853715624210884
5278.0,25316.0,1.7895798692731655
5510.0,23814.0,2.3089267166198932
5580.0,3371.0,1.0901493146579464
5617.0,7353.0,2.939680550336017
5686.0,7486.0,2.6986913425303953
5696.0,8049.0,2.4546132278005457
5487.0,10680.0,2.6029913878101354
5487.0,17547.0,1.3841163143499333
5487.0,37960.0,2.1945803608459737
5388.0,7093.0,2.1521694145462
5422.0,7882.0,1.3979770384567056
5462.0,7160.0,1.6593218963974548
5120.0,8615.0,1.3126548692854665
5121.0,6704.0,2.714731397384541
5125.0,50642.0,2.5303378489988364
5125.0,49979.0,2.656534506745916
5139.0,5268.0,2.292647263043931
5142.0,12276.0,2.945172384050613
5079.0,16175.0,1.5135957316267459
5079.0,26478.0,1.0129929127609985
5079.0,34972.0,2.71459639860294
5167.0,49932.0,1.4027538187109325
5167.0,35318.0,1.8194105658232567
5167.0,35904.0,2.081084927775736
5167.0,9884.0,1.1519440739308735
5167.0,27103.0,1.7802899738214972
5167.0,32252.0,1.8964042022046448
6236.0,17775.0,2.969098784285218
6254.0,49708.0,1.6486917997544288
6254.0,18668.0,2.4023854521393737
6256.0,8650.0,2.84791406933371
6263.0,16665.0,1.6299574975729116
6268.0,8057.0,2.071704802326545
6272.0,2112.0,2.9900700609312434
6272.0,399.0,1.0590212046641938
6308.0,41647.0,1.7653315502097122
6308.0,22709.0,2.4458895740086346
6308.0,48351.0,1.784421491903406
6308.0,37922.0,1.52608682145235
6308.0,38637.0,1.9160402982933291
6308.0,41004.0,1.7491134215238584
6321.0,6839.0,1.8815318179093792
6285.0,8146.0,1.4174235568931495
5844.0,36638.0,2.5256685923830036
5850.0,7680.0,1.3253733924586977
5877.0,10204.0,1.2034393587013192
5885.0,7931.0,1.4816170478941766
5898.0,7668.0,2.9928404316934434
5961.0,14772.0,2.0688644834217453
5961.0,18381.0,1.914413092089253
5973.0,8056.0,1.3204049201381507
5973.0,9759.0,1.7686068339049772
5827.0,23136.0,2.8382359360494824
5811.0,7666.0,2.2892422256367126
5730.0,41636.0,1.2559104645566432
5775.0,7267.0,2.408921816226477
5775.0,9502.0,1.179466236487384
5775.0,9554.0,1.0499500789526175
5775.0,13801.0,2.547418643554471
6181.0,8516.0,1.1581944824046446
6185.0,5332.0,2.367427441304117
6190.0,8055.0,1.009615392051529
6228.0,17481.0,1.05077366036769
6042.0,7589.0,1.1184220298235827
5027.0,20700.0,1.0203501018072367
5027.0,23145.0,1.4967517402284205
9094.0,51914.0,1.063866800947988
9113.0,12472.0,2.349423470926772
10208.0,13581.0,1.0980412898160739
10232.0,548.0,1.4809593604423323
10240.0,13578.0,2.064574642056109
8980.0,8757.0,2.3492103119775196
8980.0,13814.0,2.9638477761348714
9039.0,37119.0,1.580331484557358
9085.0,12469.0,1.3228981209914652
10622.0,14524.0,1.2795442369330499
10630.0,9938.0,2.3719985101864944
10611.0,18727.0,1.203360737287503
10516.0,11249.0,1.9569435140725253
10570.0,13907.0,1.030250306510763
8755.0,12438.0,1.7360992648520406
8755.0,22815.0,2.962858486972693
8755.0,14263.0,2.9027771322176257
8755.0,28122.0,2.7568664245250165
8755.0,15483.0,2.841194916281048
8755.0,14280.0,2.1966645596563756
8755.0,7353.0,2.4810758571073412
8755.0,16228.0,1.8797289582910213
8755.0,14680.0,2.280954022721827
8755.0,32613.0,2.9396912395146977
8755.0,20211.0,2.7688870601583355
8755.0,23304.0,2.698606897074683
8755.0,26841.0,2.333171871317512
8755.0,13874.0,1.0141098687825796
8755.0,14343.0,1.8227007800561341
8755.0,14454.0,2.7555147429447326
8755.0,11207.0,2.730927804995744
8755.0,13785.0,2.039255873142003
8755.0,13807.0,2.949429081054439
8755.0,14026.0,1.8693487198758667
8755.0,17189.0,2.8433746847804215
8755.0,17392.0,1.1100913129087315
8755.0,18660.0,2.684776909233425
8755.0,11075.0,2.3695073431860854
8858.0,11187.0,1.149277511061737
8865.0,40096.0,1.6528318283560381
8865.0,46056.0,1.9138803651974416
8865.0,39295.0,1.4716723062870938
8865.0,18338.0,1.568059914796051
8865.0,39830.0,1.5386092115323557
8883.0,49721.0,1.656978215179501
8930.0,19994.0,1.9674415782831096
11387.0,19092.0,2.2072570255263235
11387.0,28376.0,2.920806893161216
11400.0,11187.0,2.4432734398217706
11430.0,15086.0,1.440522461484877
11430.0,16265.0,1.3919147932025215
11374.0,14881.0,2.4589707888543737
11209.0,30469.0,1.9090323597159338
11209.0,641.0,1.0757076555748957
11209.0,22544.0,2.4606156683655644
11209.0,38909.0,2.6019648563292974
11209.0,15167.0,1.2813591108937123
11209.0,16010.0,2.792872949431905
11209.0,18246.0,2.744451133733064
11209.0,14639.0,2.4253044274147495
11209.0,6577.0,1.7469741937513608
11313.0,14837.0,1.9167510422998095
11384.0,3737.0,1.3894030487996443
11643.0,1059.0,2.152367690282455
11643.0,40967.0,2.3557161144656975
11643.0,31908.0,1.8842516764290285
11657.0,7341.0,1.2392358527624716
11515.0,1586.0,2.9364504394781794
11551.0,14983.0,2.0713765967548596
11577.0,15055.0,1.5946133560965094
11591.0,41240.0,1.8651414725897626
11616.0,50551.0,2.740394960220514
10784.0,9228.0,1.857869006785122
10966.0,23750.0,2.9236883999776246
10996.0,9316.0,2.0100214316102463
10996.0,17229.0,2.222789894230027
11077.0,14562.0,2.2766217205321597
11084.0,907.0,1.6521777065480763
11089.0,14301.0,2.2094291460691453
11136.0,10540.0,1.4245030145568138
11147.0,14645.0,1.971477925762379
11169.0,6686.0,1.5986481308270442
8163.0,10909.0,2.157837600484279
8163.0,2282.0,2.7465747748279705
8163.0,10737.0,2.6302742768790512
8163.0,3465.0,1.1016805268810028
8188.0,17446.0,2.5080368912288007
8188.0,34220.0,2.2202664297707617
8188.0,15235.0,2.5376615392721953
8188.0,14983.0,1.161512122032558
8188.0,19212.0,1.2231081840061873
8188.0,23877.0,1.3923212268869858
8081.0,22173.0,1.6716203340785891
8076.0,7531.0,1.530052657637095
7922.0,8630.0,2.3445600207455914
7927.0,8630.0,2.283263981619448
7992.0,10274.0,2.446516887398749
7998.0,14958.0,2.8291693893810868
7998.0,15838.0,2.096854164884726
7998.0,18012.0,1.8238290383326783
8014.0,2.0,1.6684333065199404
8040.0,10302.0,1.3806516767265467
8256.0,48201.0,1.6176886982208438
8380.0,15034.0,1.9343722565663266
8380.0,7011.0,1.0438975682091178
8380.0,10692.0,2.84728096993452
8211.0,10408.0,1.285046622556328
8192.0,36965.0,2.984389633741231
8192.0,36480.0,1.671030170271793
7450.0,10159.0,1.012948759220887
7450.0,6166.0,2.6061589242553955
7496.0,9849.0,1.7540284750147643
7505.0,4290.0,2.34251327381095
7550.0,9832.0,1.0707795203211952
7569.0,9981.0,1.9401715123300356
7569.0,10425.0,2.216744933339439
7569.0,12491.0,2.2026802594404273
7569.0,16416.0,2.6417318675789625
7395.0,9788.0,1.9454465944607857
7395.0,10003.0,2.472025953128837
7302.0,9585.0,1.3264134822845883
7329.0,9139.0,2.4121669234613488
7336.0,805.0,1.5740687050594901
7336.0,8373.0,1.9793595833005098
7336.0,9609.0,2.125428856581509
7387.0,18950.0,1.7573881235309774
7387.0,9422.0,1.6802673213754555
7387.0,19211.0,1.8794039387419548
7772.0,9956.0,2.1379167774259242
7646.0,15351.0,1.0091721924327155
7654.0,402.0,2.8661079532338176
7654.0,23479.0,1.6355693098404618
8436.0,50094.0,2.7203986025479527
8436.0,11255.0,1.1288277136567246
8436.0,17655.0,1.0569442428682454
8497.0,11024.0,1.488995173629885
8385.0,7083.0,2.4360497790819546
8691.0,19830.0,1.4633317888191264
8691.0,13652.0,2.4807645462367924
8691.0,14247.0,2.2921679484542743
8691.0,13972.0,2.5216306857231734
8725.0,8420.0,2.990612075574896
8532.0,17057.0,1.2197068219224407
8532.0,2215.0,2.1711926047243724
8532.0,15361.0,2.7155565152653853
8690.0,11034.0,2.0010562982771813
8690.0,14540.0,1.3086565011022413
5005.0,8771.0,1.1639949322211507
2703.0,1456.0,2.9425288807255674
2703.0,17811.0,1.5158484038552207
2703.0,36178.0,1.4749823984466566
2703.0,16742.0,2.4914987604566994
2703.0,16920.0,1.8755422635337333
2703.0,6572.0,2.9087437478210085
2703.0,16414.0,2.045106424044108
2703.0,17451.0,2.4410867292911997
2703.0,10301.0,1.2339683220277267
2703.0,22809.0,2.176413684506321
2703.0,26627.0,2.2877437513255536
2703.0,41562.0,1.976419557534089
2703.0,38520.0,2.8268132739645644
2703.0,27329.0,2.0935042377170925
2703.0,4320.0,2.5202902020135216
2703.0,3616.0,2.134953998581736
2703.0,17723.0,1.8131320080704172
2703.0,4421.0,1.0920696862034212
2703.0,4796.0,2.673974744281061
2703.0,23877.0,2.0342655625999804
2703.0,14984.0,2.426975492241482
2703.0,18708.0,2.121056902646081
2703.0,18824.0,1.6950351380206485
2703.0,18833.0,2.8805474024525433
2703.0,22015.0,1.5021371448322594
2703.0,18280.0,1.9700328174633772
2703.0,17572.0,2.1533163153792927
2703.0,17610.0,1.757422816807778
2703.0,18004.0,2.5323544849440456
2703.0,18199.0,1.5823623700062694
2703.0,23731.0,1.7363299129910852
2703.0,24005.0,1.170474128510356
2703.0,24050.0,2.7155143989409325
2703.0,22862.0,2.736559935204454
2703.0,23083.0,1.9259562397595125
2703.0,23108.0,2.3326560838463415
2703.0,23216.0,1.4557990746086307
2703.0,23326.0,2.14055317542831
2703.0,23358.0,2.086609002795739
2703.0,17501.0,1.998028282829334
2703.0,17461.0,1.135601796757815
2703.0,3201.0,2.462113671171611
2703.0,12513.0,2.4378239568448508
2703.0,14626.0,2.2860064357317165
2703.0,15252.0,1.6194314976010156
2703.0,4434.0,1.1097243049980445
2703.0,8306.0,1.9408741865436936
2703.0,35364.0,2.385596864011067
2703.0,26724.0,2.914916324620725
2703.0,26968.0,1.6816690918216226
2703.0,17881.0,2.9981539363146057
2603.0,7188.0,2.2888465584440087
2603.0,9609.0,1.6914061602340251
2603.0,17054.0,1.9171467265883595
2603.0,9273.0,2.0457151042247466
2603.0,10985.0,1.775004316458111
2637.0,5719.0,2.9445656372289255
2697.0,3821.0,1.711724706805829
2995.0,3433.0,1.6134795446500971
3068.0,5691.0,2.751655498008822
3068.0,3550.0,1.9957395230489667
2974.0,4221.0,1.3004664225236728
2857.0,3348.0,1.2342922001456973
2867.0,3371.0,1.7563584302670485
2893.0,3383.0,2.2277621693958336
2944.0,3433.0,1.0655798353599384
2954.0,3433.0,1.7021201563770005
2958.0,3000.0,1.9320756181545407
3126.0,8146.0,2.4842744850952037
3126.0,10579.0,2.5914508472047904
3126.0,7765.0,1.6113434887064282
3126.0,8154.0,2.11195905129546
3126.0,5337.0,2.8975023710779872
3126.0,10183.0,1.5684412712328712
3126.0,3058.0,2.8532239039498055
3114.0,4845.0,2.7838143097087436
3114.0,4597.0,1.0598399652837764
3114.0,3070.0,2.9378462010862556
2722.0,3150.0,2.802278851488893
2722.0,1570.0,2.6518334267912484
2722.0,3235.0,1.9174734652138388
2722.0,4087.0,1.2739213895745192
2828.0,35536.0,1.2944284974769413
2828.0,48450.0,1.2729531483592316
2828.0,27634.0,2.539670289445798
2828.0,34403.0,2.814907250918838
2033.0,19298.0,2.1804233767108516
2033.0,27394.0,2.817459516028257
2033.0,8771.0,1.0052502545658248
2033.0,8467.0,1.7834905619086028
2033.0,9937.0,2.2322028211565956
2033.0,14299.0,1.3882264299953397
2033.0,23358.0,1.0481452142819812
2033.0,10224.0,2.678162625713276
2033.0,23306.0,2.4864724814419943
2033.0,14504.0,1.5302406592029352
2027.0,5264.0,2.8168444516051006
2027.0,4816.0,2.0704458288954033
2027.0,19665.0,2.7289318121275823
2067.0,1056.0,2.57183215278405
2080.0,42662.0,1.1279140792469358
2087.0,3049.0,2.1089780186925076
2111.0,2507.0,2.7542220710701546
2114.0,8560.0,2.261293425774329
2011.0,2314.0,1.9316689533242473
1993.0,16414.0,1.4099590993419056
1791.0,1507.0,2.2808066580530237
1792.0,598.0,1.7973377179232795
1792.0,3117.0,1.3584660947463325
1762.0,2361.0,1.3044795243339284
1781.0,4828.0,2.9566348819910004
1781.0,6134.0,2.799111633170787
1898.0,2074.0,1.6769799373487024
1941.0,1823.0,2.5167666910536814
1941.0,2456.0,2.760583400286495
1808.0,2024.0,1.0212426880699657
1835.0,2561.0,2.77120946792902
1835.0,15809.0,1.2634001219141813
2158.0,10696.0,1.286306694142585
2158.0,3111.0,1.6916687593770108
2158.0,5421.0,2.3308586498892514
2158.0,9470.0,2.4920629008407573
2158.0,10132.0,1.8892722918627753
2433.0,4709.0,1.2347615161352536
2440.0,2929.0,2.850121746981224
2459.0,4381.0,1.519411191931327
2459.0,4551.0,1.4843942001080737
2459.0,5199.0,1.8395214572027883
2459.0,2482.0,2.7427959556214256
2459.0,4484.0,1.6811604772542397
2417.0,16071.0,2.9008200285873773
2382.0,5210.0,2.8423883897293054
2382.0,4989.0,2.407034159710732
2383.0,8242.0,2.773502151322704
2408.0,4245.0,2.132067636262739
2411.0,39573.0,2.2164762000319267
2411.0,40107.0,1.910941862760862
2465.0,1915.0,1.0434798339997642
2464.0,5431.0,1.5638478432169411
2209.0,5998.0,2.5938066122097294
2224.0,6080.0,1.1206119249968212
2280.0,8067.0,2.2769703769753766
2280.0,3058.0,2.318549917985065
2280.0,2796.0,1.194382347998026
2280.0,2886.0,1.5550825718798134
2280.0,3016.0,1.1364302203312373
2280.0,20654.0,2.224507834324389
2280.0,25330.0,1.795705634191616
2280.0,10618.0,2.0280936556205518
2280.0,3603.0,2.3165837732905974
2280.0,9984.0,2.5998054291115276
2192.0,9044.0,1.4486135004728307
2177.0,3498.0,1.224407634262905
2287.0,2799.0,2.314744731074427
2356.0,2779.0,1.034519610870103
3943.0,14123.0,1.0300673965139606
3943.0,10041.0,1.7588518459523497
3943.0,6574.0,2.6534790622700024
3943.0,42163.0,2.661940669590898
3943.0,7556.0,2.9207996638545737
3943.0,32400.0,1.9791294852252626
3943.0,2241.0,2.2468319404501944
3943.0,3665.0,1.028450562846174
3943.0,7782.0,1.105485173026269
3943.0,8197.0,1.7988372500871033
3943.0,8440.0,2.2673576005420095
3943.0,6996.0,1.6033793601746622
3943.0,6620.0,2.8153730691175385
3943.0,20159.0,1.1850182809178083
3943.0,20703.0,1.3497068321084689
3943.0,10112.0,2.214301555892927
3943.0,12327.0,2.468076946719151
3943.0,8107.0,2.5749696058397022
3943.0,6673.0,2.2575416676856905
3943.0,4838.0,1.2498743422098602
3943.0,5951.0,2.106490123406764
3943.0,6434.0,1.4599140209207937
4020.0,20180.0,1.2440631687928212
4020.0,6828.0,2.3414605406908997
4020.0,20753.0,1.7985561648359958
4020.0,34542.0,2.64853686944131
4020.0,3487.0,2.2524536412181773
4020.0,9214.0,1.4164190650860353
4020.0,9700.0,2.5318914211682797
4047.0,3429.0,1.311278780842237
4060.0,8912.0,1.8310499293432578
4082.0,4847.0,2.5100874694517246
3926.0,3389.0,1.0220220704022986
3926.0,5523.0,1.8066660869015556
3835.0,41361.0,1.1790805406669036
3835.0,50771.0,2.5301207758851736
3835.0,15278.0,2.550263088860355
3835.0,15386.0,1.5038515587629728
3835.0,38520.0,1.092314507800061
3835.0,805.0,2.285991713910077
3835.0,27785.0,2.457032619722517
3835.0,31751.0,1.3409278731618341
3835.0,44387.0,1.743986162377625
3838.0,4886.0,1.5280983975014224
3840.0,4845.0,1.238661433439618
4092.0,510.0,1.6964681574136307
4092.0,5722.0,2.214874750973318
4092.0,7247.0,1.4850655708552294
4092.0,12450.0,2.3305214233218
4092.0,13604.0,1.3021371928712304
4092.0,5756.0,2.477434107043391
4092.0,4120.0,1.444466956459728
4092.0,10919.0,1.6065637067315373
4092.0,23721.0,2.387108561221768
4670.0,10664.0,1.1423831103862678
4795.0,18423.0,2.2913356903543027
4795.0,31325.0,1.3851226884579397
4795.0,5916.0,1.0204129354508986
4795.0,16093.0,1.6921830722392326
4795.0,17497.0,1.6004718298222436
4795.0,18137.0,1.3031071197918944
4566.0,14886.0,1.7052341556086668
4566.0,15402.0,2.154344105788584
4566.0,5871.0,1.8726953719558284
4573.0,5865.0,1.8054654963727719
4616.0,6029.0,1.6795588143656373
4859.0,6264.0,2.2085177566512044
4873.0,6272.0,1.8118346277081623
4887.0,16672.0,1.194079083281514
4889.0,6297.0,1.0904779778309175
4903.0,4765.0,1.574849195711598
4910.0,8535.0,2.1583798769500993
4910.0,8442.0,2.190000245018956
4930.0,6363.0,2.2348280087626855
4855.0,8380.0,2.197077806267008
4527.0,5465.0,2.5273734890775126
4146.0,17209.0,2.785220793059721
4146.0,22329.0,2.3967495867870805
4199.0,5426.0,2.212390237360419
4226.0,5461.0,1.9422473890505267
4263.0,5499.0,2.794919886832388
4278.0,5861.0,2.4631341519022882
4278.0,5504.0,1.991046644199548
4129.0,5413.0,1.3129604864730715
4301.0,23889.0,1.968406704885108
3451.0,37851.0,1.460817487764807
3451.0,5920.0,1.6323146925417888
3451.0,16401.0,2.9759283229154607
3451.0,8437.0,1.7767387177803664
3458.0,35888.0,1.4347710100342475
3458.0,34482.0,1.219263731997728
3337.0,4263.0,2.594878366027979
3343.0,13584.0,1.0672627475859924
3398.0,52110.0,1.674431876740444
3575.0,41685.0,1.8634850285213451
3575.0,42787.0,2.215905091334039
3606.0,3122.0,1.6600902594710003
3606.0,9267.0,2.195703620057785
3480.0,8316.0,1.1118215825752102
3499.0,4105.0,2.0766390055088206
3508.0,5300.0,1.6587852374438519
3178.0,44883.0,1.599049641828704
3178.0,49844.0,2.6407045317359645
3178.0,40562.0,2.8885851050013276
3178.0,50647.0,1.7573079591294618
3178.0,41191.0,1.9494928868922212
3178.0,43096.0,1.3297110875126033
3178.0,44331.0,1.7433265170563295
3178.0,44925.0,1.1475235070648926
3181.0,3637.0,1.1622245802095246
3194.0,4265.0,2.784472415388539
3194.0,3235.0,1.5374295478400033
3194.0,3831.0,2.766350293930049
3206.0,3777.0,1.5279170496457273
3211.0,6905.0,1.1700770302067585
3312.0,2560.0,1.8675273624923276
3312.0,1091.0,2.5688882263842014
3312.0,4037.0,1.4747250512517553
3252.0,1955.0,2.8196303941473735
3288.0,3074.0,2.7162000610438968
3790.0,15791.0,2.2736331551234725
3790.0,4501.0,2.4393512575504404
3790.0,22002.0,1.49864637904717
3790.0,9971.0,2.9309093200702843
3790.0,30094.0,1.5981485333857666
3790.0,8635.0,1.8074417708410582
3790.0,7680.0,2.4344634132624563
3790.0,17572.0,1.4923864003412937
3790.0,9278.0,2.3883320968261392
3790.0,5226.0,2.2839688584662867
3790.0,10183.0,2.2608919622500556
3790.0,5622.0,2.87551323516003
3790.0,14856.0,1.2416798478746816
3790.0,10587.0,1.7671478931258562
3790.0,22579.0,2.881816988442864
3790.0,26876.0,2.424877005938221
3790.0,4753.0,1.2347164755446547
3790.0,5274.0,1.8248264604856728
3790.0,7797.0,2.923494133431272
3790.0,6353.0,1.598818365563891
3668.0,20304.0,1.1870254113790217
3789.0,4740.0,1.2101746360316785
3677.0,45431.0,2.9237936500924473
3704.0,7670.0,2.1799354453314823
3727.0,4681.0,2.529078914668499
3768.0,3360.0,1.5038951326450094
3776.0,965.0,1.6976626570196145
10939.0,1244.0,1.106645119844332
26157.0,27352.0,1.2883335308258308
