4.0,96.0,2.5801988455517204
4.0,2560.0,2.0687599559156666
25579.0,5003.0,1.974413517453576
25579.0,7652.0,1.0780857706817224
25579.0,8841.0,1.9425780750882655
25579.0,8904.0,2.2239730421837365
25579.0,9158.0,2.7870772315601746
25579.0,4398.0,1.7022996736924618
25579.0,773.0,1.7919021557919594
25579.0,1367.0,2.6095711424420878
25579.0,2093.0,1.35476670791348
25579.0,2274.0,2.310315535996098
25579.0,2968.0,1.2160960269195866
25579.0,3803.0,1.4064992231273887
25579.0,9964.0,1.009914853355131
25579.0,12342.0,1.007413125157519
25579.0,12373.0,1.507392517700597
25579.0,13822.0,1.366438985683829
25579.0,14841.0,1.53205408420462
25579.0,32076.0,1.9466251339450822
25579.0,32323.0,2.5905869764079004
25579.0,31567.0,2.984853003153163
25579.0,31608.0,2.18514540563135
25579.0,31708.0,1.6855704553310318
25579.0,31967.0,2.858726074615525
25579.0,32015.0,2.4868738548156593
25579.0,31485.0,2.987445724683165
25579.0,32694.0,1.2576524060225498
25579.0,34693.0,1.7915363480219468
25579.0,34704.0,1.8143320771581382
25579.0,34743.0,1.0159763091615415
25579.0,34749.0,1.4554858690102679
25579.0,35190.0,1.1635382437129893
25579.0,35334.0,2.1244820187091493
25579.0,35365.0,1.385545815242897
25579.0,35424.0,1.8029324388884234
25579.0,34644.0,2.3929317574727085
25579.0,34322.0,2.445749889421335
25579.0,27530.0,1.6926730104789502
25579.0,27779.0,1.4831388482337022
25579.0,27794.0,2.6389813558175743
25579.0,27982.0,1.0830947435992666
25579.0,27082.0,2.177642775020707
25579.0,22208.0,1.093489321779539
25579.0,23395.0,2.624767358561404
25579.0,23757.0,1.1253383254725247
25579.0,23868.0,1.6333218615996845
25579.0,26712.0,1.5143978521519665
25579.0,31402.0,2.8438119746015755
25579.0,30816.0,2.9790852179215155
25579.0,30873.0,1.1772501277346619
25579.0,30929.0,2.40738243179774
25579.0,31026.0,1.8032295143558479
25579.0,31206.0,2.2386203589613274
25579.0,30078.0,2.403913945835268
25579.0,30031.0,1.8988792653773463
25579.0,28927.0,2.262689801106376
25579.0,28350.0,2.3984371446092325
25579.0,28382.0,1.146999400601118
25579.0,28710.0,2.859768898756747
25579.0,28858.0,1.0476250765043131
25579.0,35569.0,2.9248144709835597
25579.0,40820.0,1.1068129235065465
25579.0,35637.0,1.8566044721138908
25579.0,37524.0,2.9467513584688785
25579.0,37709.0,2.025126285591482
25579.0,36224.0,2.9359482773789076
25579.0,36251.0,2.3290453690337323
25579.0,37276.0,1.448115501097563
25579.0,38749.0,2.0883342760977914
25579.0,39512.0,2.026669025146325
25579.0,35624.0,1.8390168679371632
25579.0,37757.0,2.624520228675162
25579.0,37811.0,2.2173781282289093
25579.0,37916.0,2.206366256062567
25579.0,38460.0,2.3406313310547606
25579.0,38606.0,1.3483193216845655
25579.0,38283.0,2.53394497877399
25579.0,37198.0,2.822842102089096
25579.0,37286.0,2.3359220292523997
25579.0,37440.0,1.1972169915209239
25579.0,37603.0,1.0083642250266986
25579.0,37666.0,1.2890603970226964
25579.0,39648.0,2.509956630121698
25579.0,39770.0,2.9068448816492123
25579.0,39420.0,1.4521399305944225
25579.0,38775.0,2.0573956683201327
25579.0,38921.0,1.9799131354221704
25579.0,39025.0,1.0325310101299139
25579.0,39063.0,1.0078991693679322
25579.0,39075.0,2.2063035164235427
25579.0,39429.0,2.646215539517881
25579.0,37179.0,2.601816725722065
25579.0,36074.0,2.9812989566521955
25579.0,36170.0,1.3477247987788308
25579.0,35968.0,2.2998442526447027
25579.0,35711.0,2.970916453250698
25579.0,35791.0,2.18170145896108
25579.0,35800.0,1.401427485221709
25579.0,35848.0,1.1184496430711237
25579.0,35930.0,2.8424573293170314
25579.0,36282.0,1.0731919449850047
25579.0,36837.0,1.932880458738501
25579.0,36957.0,2.974914036509951
25579.0,37068.0,2.458475518246818
25579.0,37108.0,1.9847798968205266
25579.0,37129.0,1.2141439736749178
25579.0,36327.0,2.585522983896115
25579.0,36355.0,2.3517869545193903
25579.0,36453.0,1.3883891737743832
25579.0,36513.0,1.9426524887075585
25579.0,36548.0,1.940922030180909
25579.0,36635.0,2.720490783064699
25579.0,49875.0,2.825508796375029
25579.0,50540.0,1.6406554655775025
25579.0,48063.0,2.691550587105374
25579.0,45622.0,1.4845043693975062
25579.0,45834.0,1.448141676432937
25579.0,45977.0,1.1584738641778112
25579.0,47202.0,1.200260726074847
25579.0,47374.0,2.3896696063908784
25579.0,47805.0,1.3369539534473955
25579.0,45317.0,2.417618479820206
25579.0,42192.0,1.8283440347282338
25579.0,42259.0,1.1441105787147212
25579.0,42352.0,2.769293640850478
25579.0,42363.0,2.555208946403096
25579.0,42416.0,1.6872050464513342
25579.0,41832.0,1.5031631450328418
25579.0,41763.0,2.432012308973569
25579.0,40602.0,1.9690220172060535
25579.0,40725.0,2.566436049993212
25579.0,40875.0,2.463338436824227
25579.0,40881.0,1.208789800194852
25579.0,40925.0,2.412887702784041
25579.0,41014.0,1.0400626342991488
25579.0,41494.0,2.2824218199502724
25579.0,41736.0,1.6189273397102175
25579.0,42440.0,2.255043751265167
25579.0,43672.0,1.856246562219179
25579.0,44154.0,2.9119501269106176
25579.0,44365.0,2.2443396774279156
25579.0,44901.0,1.2874489557689095
25579.0,45002.0,2.6317463864115087
25579.0,42997.0,1.6099506195348692
25579.0,43036.0,1.55374320510714
25579.0,43274.0,1.0619457740062315
25579.0,45363.0,1.6009530886391892
25375.0,41968.0,2.9959654220644136
25394.0,26590.0,2.4178019240545185
25398.0,48525.0,2.6295548921660448
25415.0,4956.0,2.7103331117800566
25415.0,6923.0,2.6170261162690176
25415.0,36176.0,1.3062595534831363
25415.0,44255.0,1.7720732945159874
25415.0,44319.0,1.7026273828617546
25415.0,45694.0,2.212383353103194
25415.0,45929.0,2.6678505705614666
25415.0,43496.0,2.3405392510279395
25415.0,37593.0,1.0011692554587024
25415.0,38250.0,1.2964378850068936
25415.0,39334.0,1.3160500603851388
25415.0,39437.0,1.153018086443303
25415.0,41842.0,2.183201618427092
25120.0,27223.0,1.4234589618292441
25153.0,26486.0,1.778486265151549
25206.0,40275.0,1.0545519435430875
25220.0,32418.0,2.6220876157312483
25281.0,26918.0,2.5543169887698336
25359.0,28279.0,1.5151068853913146
25425.0,16419.0,2.205009858761783
22400.0,23681.0,1.481825833645705
22400.0,23449.0,1.3145989418290898
22504.0,18951.0,2.6699545417470194
22504.0,32951.0,1.4359622995782297
22504.0,32957.0,1.663296456669893
22504.0,45589.0,2.6151136987589005
22385.0,43150.0,2.593673479488002
22385.0,32719.0,1.6055972117370105
22367.0,16234.0,2.530179593252454
22367.0,14090.0,1.0999373537665054
22367.0,50294.0,2.7586340299548433
22367.0,52191.0,1.2810837390106322
22367.0,48395.0,1.283504273366284
22367.0,36029.0,1.1937871889822893
22367.0,36594.0,2.8858285104264816
22367.0,37266.0,1.7906813673935464
22367.0,38290.0,2.7073002636157213
22367.0,38491.0,2.1396549341523086
22367.0,39802.0,2.112456454253007
22367.0,35783.0,1.7132822264057792
22367.0,35608.0,1.6738422526721528
22367.0,34236.0,1.3492698341365035
22367.0,34262.0,1.8513832636836378
22367.0,34825.0,2.2109650963670022
22367.0,34846.0,2.2754903950988337
22367.0,35153.0,1.6331035272692314
22367.0,35431.0,1.628422124851741
22367.0,35739.0,2.2605308750464483
22367.0,46029.0,1.741147135388231
22367.0,47186.0,1.4332679421681036
22367.0,47821.0,1.630654854298833
22367.0,47966.0,2.8028787042329615
22367.0,44662.0,2.3988666530168308
22367.0,40494.0,2.0517994125549235
22367.0,40665.0,1.9587717691111541
22367.0,40716.0,1.1044735804091925
22367.0,41000.0,2.862166895267514
22367.0,41250.0,2.0484624591257976
22367.0,32357.0,2.6486781883563415
22367.0,32298.0,1.2130466167851608
22367.0,4923.0,2.3461128652915435
22367.0,27758.0,2.4763466547900244
22367.0,27918.0,2.412378808300487
22367.0,31319.0,1.2900596467628407
22367.0,31414.0,1.5602517768588016
22367.0,31949.0,1.430171373421546
22367.0,26535.0,1.7454186070543125
22367.0,26366.0,1.815356144232636
22367.0,7626.0,1.9789998517654963
22367.0,16122.0,2.5013539364699735
22367.0,20420.0,1.5579232713071824
22682.0,40820.0,2.1848124210954927
22682.0,44051.0,2.456093301271669
22733.0,23743.0,1.1655362395233626
22733.0,24099.0,1.8085481968330899
22784.0,12476.0,1.0596913528406402
22806.0,26460.0,2.128233902923017
22522.0,36926.0,1.8724069980853004
22522.0,40535.0,1.755411077551957
22522.0,40900.0,1.9767942407713308
22545.0,26370.0,1.3440733795574538
22624.0,23619.0,2.6642961128204052
22879.0,44245.0,2.3853481008352126
23274.0,25262.0,2.191394532955874
23293.0,8520.0,1.9581974819498995
23481.0,47350.0,1.5191592069159021
23506.0,44100.0,2.342599985026195
23506.0,45993.0,1.500329859757537
23506.0,51944.0,2.7457865451187615
23149.0,52155.0,1.2952104961191737
23149.0,45017.0,1.2502990850130273
23149.0,32459.0,2.8805176704001862
23149.0,44175.0,2.9221434367347214
23188.0,1333.0,2.1486028420000505
23188.0,44935.0,2.7028954141672124
23188.0,47933.0,2.1785517178050733
23203.0,36204.0,2.7922974001385867
23254.0,20860.0,1.6021945448079296
24765.0,26416.0,1.4049233945108046
24937.0,25181.0,1.7999265740860624
24966.0,23943.0,1.4094061914350289
24987.0,26671.0,1.0625834221685422
24991.0,26664.0,2.9412788292956993
23523.0,2080.0,1.3718282786504685
23554.0,39276.0,2.786695855307887
23580.0,9701.0,1.5142283248632429
24599.0,35152.0,2.4864397215036265
24645.0,43371.0,2.69131966450671
24698.0,3430.0,2.68619193436839
23087.0,27572.0,2.3636200075314364
23087.0,28505.0,2.3948303237089603
23087.0,30234.0,2.9211393827676555
23087.0,34481.0,1.2985128687903094
23087.0,14232.0,1.9631032664276598
23087.0,15416.0,2.0617945734396717
23087.0,44318.0,2.9582249253202417
23087.0,35472.0,1.2315103330783783
23087.0,40561.0,2.213093130755547
23087.0,41804.0,2.7044088501134946
23087.0,41989.0,1.1754598556381557
22916.0,7013.0,1.141558831569232
22922.0,23849.0,2.823067920056776
22976.0,26494.0,2.7836316989553906
22976.0,27158.0,2.325036232919218
23035.0,31388.0,1.0698104340854107
23059.0,25167.0,1.305863988874703
23067.0,23967.0,2.67405187660097
26143.0,74.0,1.2922145869117645
26297.0,10490.0,2.0867477372494996
26120.0,16763.0,2.5864356368240697
26088.0,31385.0,1.8847628455090406
26046.0,23175.0,1.6011527599201598
25619.0,27726.0,2.201883203666704
25659.0,29994.0,1.2253863880581741
25723.0,27861.0,2.6446575075197885
25847.0,20313.0,1.0998676476293756
25868.0,27392.0,2.6614685234997886
26476.0,27940.0,1.6892166221084879
26648.0,30929.0,1.9877016699148435
26648.0,31231.0,2.089282980388665
26648.0,25326.0,1.7355930542508862
26648.0,8376.0,1.8433744909339909
26648.0,8886.0,2.6085112815799762
26648.0,9907.0,2.311707155862819
26648.0,11220.0,2.8870673341555966
26648.0,8048.0,1.900836999154297
26648.0,13945.0,2.7058239119104632
26648.0,30972.0,2.676976540601065
26648.0,31365.0,2.8180010064866163
26648.0,30361.0,1.428088767863384
26648.0,30389.0,2.7912199861890103
26648.0,30469.0,1.379889396716506
26648.0,30501.0,2.3060025809071023
26648.0,30507.0,2.6920071981177482
26648.0,30522.0,1.0127159052598063
26648.0,30796.0,2.150446193710521
26648.0,34463.0,2.970442055088178
26648.0,34494.0,1.6253024716061781
26648.0,34513.0,1.9276155795248313
26648.0,35168.0,2.7788040709585307
26648.0,35178.0,2.1502348399583613
26648.0,35991.0,1.9948023215912232
26648.0,36017.0,2.85627398518088
26648.0,32706.0,2.7697417657174572
26648.0,31896.0,1.9281189265813943
26648.0,32209.0,1.9760114689070365
26648.0,32423.0,2.9581907397797877
26648.0,32469.0,2.0068233884644737
26648.0,19495.0,1.0024153848318784
26648.0,19804.0,1.2690168470228906
26648.0,21937.0,2.9941176265599267
26648.0,23560.0,1.6443398859318445
26648.0,23799.0,1.58577525898883
26648.0,18586.0,1.1349496143319433
26648.0,14178.0,2.3726300718549154
26648.0,14556.0,2.0954971638636235
26648.0,18432.0,1.8014343923272111
26648.0,28787.0,1.2888563617260376
26648.0,28865.0,2.5268782011893256
26648.0,28909.0,2.948210689368004
26648.0,29984.0,1.151010019048601
26648.0,30093.0,2.453972246565078
26648.0,30133.0,1.9269974925604978
26648.0,28749.0,1.9152572713207936
26648.0,27202.0,2.5438923396855944
26648.0,27814.0,1.5640286461926074
26648.0,28179.0,2.1059266206241425
26648.0,28415.0,2.5134248517304196
26648.0,28601.0,1.1067962615115545
26648.0,37265.0,2.0943704842337905
26648.0,42905.0,1.9611440779220535
26536.0,38416.0,1.0666927068726142
26587.0,37284.0,1.5330568071609703
25597.0,35889.0,2.809296488480729
25597.0,38760.0,1.2921015889820526
25597.0,39009.0,2.8413630435997357
25597.0,39049.0,2.0847663590355365
25597.0,39456.0,2.33217858854744
25597.0,39512.0,2.042897832420847
25597.0,37459.0,2.6464590175828313
25597.0,37557.0,2.5268668182414222
25597.0,37651.0,2.376555364954637
25597.0,37802.0,1.0420015385664265
25597.0,38015.0,1.0705904939251765
25597.0,46171.0,1.2508266433087294
25597.0,47722.0,1.2205369953120087
25597.0,47752.0,1.1655983375647265
25597.0,47839.0,1.6768837780691686
25597.0,48450.0,1.636547810889906
25597.0,45576.0,1.0634975803852211
25597.0,45462.0,2.798402464375612
25597.0,40312.0,2.94045894314766
25597.0,41270.0,1.3046629749731669
25597.0,41908.0,2.2731736263329583
25597.0,42946.0,2.225538380368317
25597.0,37385.0,1.488330666672222
25597.0,37309.0,2.3273994167517653
25597.0,36535.0,2.2129260771954113
25597.0,14190.0,2.161364447256147
25597.0,31328.0,2.2894988697749343
25597.0,31972.0,1.6947013303698264
25597.0,32149.0,2.3330656208322367
25597.0,34361.0,2.005875653248819
25597.0,36288.0,2.843385326836229
25597.0,36330.0,1.3733185009479878
25597.0,36746.0,2.516780028399276
25597.0,36797.0,1.6165886198269368
25597.0,37221.0,2.127664226029534
25597.0,32805.0,2.1500840435078903
25597.0,34863.0,2.290344469420942
25597.0,35336.0,2.393576372596704
25597.0,35680.0,1.0919243887804457
25597.0,37329.0,1.1166200417330452
16777.0,47243.0,2.4389349024784086
16778.0,1367.0,1.2975882441006432
16852.0,22456.0,1.821491776629329
16878.0,13910.0,1.131225895587708
16889.0,7119.0,1.8135066763523835
16894.0,28897.0,1.055953654207818
16952.0,18943.0,1.1461313883739406
16959.0,47449.0,1.8847185857583353
16965.0,6788.0,2.670839606482782
16965.0,18950.0,1.2582354016095783
16419.0,20473.0,1.43123869193179
16577.0,10461.0,2.3005114802415907
16672.0,14886.0,1.7579927984866026
16700.0,19915.0,2.303363521016301
16700.0,22489.0,2.564521002996015
16711.0,18628.0,2.9152321876678116
17218.0,19223.0,1.534052546233474
17355.0,22068.0,1.2322462050031242
17358.0,7087.0,2.739059610333225
17358.0,19477.0,2.6146966510139835
16968.0,13554.0,2.4161966737667
16968.0,17608.0,1.3646199955068479
17044.0,18635.0,1.534034909161388
17062.0,19042.0,2.641072061505146
17062.0,19044.0,2.7437402976992002
17070.0,9089.0,2.3561670303017794
15636.0,15538.0,1.0072865082297207
15649.0,8739.0,2.140576596832231
15936.0,16920.0,2.2729683879926124
15949.0,18173.0,1.8016929420072636
15288.0,45893.0,1.0392712628376524
15288.0,44879.0,1.6870798079555205
15288.0,34888.0,1.4472001472787763
15288.0,41755.0,1.8324242764434968
15288.0,42400.0,2.005873411994926
15288.0,4762.0,2.1954830986697473
15288.0,17530.0,2.4306725691752713
15288.0,18573.0,2.2902503347572467
15288.0,19625.0,1.0079103174725759
15288.0,19784.0,2.429775251186297
15288.0,23504.0,2.9514696139161614
15288.0,44876.0,2.0089998681853496
15483.0,8420.0,1.3480690369616544
15574.0,17695.0,2.9141734684493183
15961.0,35213.0,2.367864828099881
15977.0,28672.0,1.4926079762044324
15977.0,52027.0,2.7213992982458595
16282.0,20006.0,1.4717767940131512
16201.0,38383.0,1.0540857754021182
16194.0,14683.0,1.8522956497461267
16003.0,5268.0,1.6733788961241276
16003.0,19813.0,1.8436731124407357
17394.0,19298.0,1.1956490817706633
17494.0,19362.0,2.249648654348011
18322.0,5986.0,2.279958049185124
18331.0,9663.0,1.8824575784756519
18335.0,18420.0,1.3910559471672317
18335.0,22170.0,1.2897483637122458
18335.0,34272.0,1.7168805148908086
18008.0,25280.0,1.6676354867992016
18008.0,46071.0,1.0757777886042663
18008.0,19943.0,2.818273838086756
18012.0,26947.0,2.4109688845851176
18381.0,45514.0,2.5563988688105583
18404.0,15282.0,1.7161032958795324
18414.0,20001.0,1.3987582284821405
18450.0,20092.0,1.803953279703475
18519.0,6114.0,1.661780299713927
17572.0,28230.0,1.9645580853639204
17572.0,415.0,1.3809499738975906
17572.0,16490.0,2.40981229548037
17575.0,40278.0,2.5412045846567493
17590.0,19353.0,1.525248980854954
17748.0,19974.0,1.9184936283353728
17811.0,44214.0,2.8094860055095237
17526.0,39327.0,1.9819740109354291
17546.0,20003.0,1.3466258398003779
17834.0,40207.0,2.5539117824469404
17834.0,43009.0,2.502211957511446
17948.0,20835.0,2.686237909741726
17960.0,19776.0,1.940793884053228
17986.0,47525.0,2.0611340502331155
17914.0,41380.0,2.1206245694670205
13949.0,16313.0,2.3865140344939153
13967.0,16864.0,1.1226506834975292
13967.0,27390.0,1.120585795652746
13521.0,16198.0,1.417150556824573
13630.0,4972.0,1.4638437101685229
13995.0,34205.0,1.2687623114289879
14160.0,16313.0,1.099114243372256
14205.0,15004.0,2.6421218763056213
14436.0,16825.0,1.4941796075924907
14071.0,1959.0,2.3150338153713097
14002.0,8095.0,2.7167955642239
14002.0,22241.0,2.459419746234343
14002.0,22770.0,2.3146188349423698
14008.0,16277.0,2.1438698472421787
14018.0,16479.0,1.7049316610939569
14064.0,10864.0,1.3833531732751314
14114.0,6798.0,1.179611998086279
11957.0,25249.0,2.7556618340348895
11957.0,15238.0,1.694311969910076
11993.0,8080.0,1.8708661506206217
12033.0,15460.0,2.368292349024725
12034.0,16096.0,2.676078563661405
13133.0,1990.0,1.52007993765151
11905.0,13652.0,2.666058637378119
11777.0,1770.0,1.2075859257464259
11795.0,14707.0,1.4197784937868865
11798.0,1367.0,2.889310623831686
11849.0,13798.0,1.7693963910626522
11870.0,15445.0,2.8917790977573747
13187.0,23513.0,2.512801096712062
13418.0,18168.0,2.9296708021650257
13464.0,23964.0,1.491876208114875
13464.0,26764.0,1.7077353316560728
13190.0,4409.0,1.5700372699065623
13333.0,15278.0,2.5222988761520915
13388.0,10674.0,2.454803091384969
15099.0,17422.0,2.315968429426797
15118.0,8531.0,1.2308171932342378
15184.0,7477.0,1.5193071971689533
15184.0,50080.0,1.1087266927452541
15249.0,14745.0,1.591295862675589
15272.0,17584.0,1.3747969707394558
15040.0,16414.0,1.9560755062465773
14819.0,23757.0,1.3704750601355304
14911.0,2839.0,1.192810536038327
14912.0,8263.0,2.971964105791774
14912.0,6180.0,2.1907695719463014
14765.0,18001.0,1.3151142812084646
14582.0,28446.0,1.5114259685277702
14582.0,7209.0,1.164723177949281
14582.0,23964.0,2.5382844414384786
14582.0,28907.0,2.5100533881532696
14582.0,31055.0,2.9342637142852865
14582.0,32720.0,1.736664484900962
14582.0,34598.0,2.4130781329567164
14582.0,27965.0,2.5414041847809625
14582.0,27801.0,2.4686703344459606
14582.0,25123.0,2.991757528902124
14467.0,7287.0,2.255126244009225
14508.0,13720.0,2.558096610041984
14740.0,17921.0,2.6846637699862326
14740.0,19845.0,2.2493532200260695
14749.0,17156.0,2.585494109337052
14736.0,13976.0,1.24714066972396
14622.0,36099.0,1.6631266975696195
14651.0,19679.0,2.654518173901737
14696.0,42318.0,1.4227892360933274
18544.0,21969.0,2.553816923027502
18604.0,22073.0,1.1780793597138055
18604.0,39193.0,1.8098664167741667
18604.0,26964.0,1.9890211319503786
18604.0,3435.0,2.6734674235181264
18604.0,22452.0,1.6948797253268055
18604.0,22258.0,2.854192841096669
18604.0,9193.0,1.1431625865547677
18604.0,21905.0,2.366950537009248
18604.0,22086.0,2.932214954824332
18604.0,22224.0,1.0448547514980049
21289.0,40697.0,1.3029709313514688
21289.0,47977.0,1.4897130331986732
21289.0,50302.0,1.714263763947318
21289.0,50324.0,2.644987916283844
21289.0,50460.0,2.7503944960545126
21289.0,50724.0,1.7748238363587554
21289.0,49877.0,2.6304240742222476
21289.0,24055.0,1.9732837201871551
21289.0,49805.0,1.1631544084412315
21224.0,19668.0,1.373204005126718
21262.0,22463.0,1.6235173753867518
21297.0,48450.0,2.8431957005862216
21297.0,3348.0,2.9748573424696136
21297.0,19771.0,2.42967879980528
21297.0,28424.0,2.043395469446296
21297.0,48333.0,2.300083305978217
21433.0,30753.0,2.7382614934165876
21433.0,30264.0,1.0613677629834102
21433.0,30231.0,2.9313917837295866
21433.0,26913.0,1.5589420760374173
21441.0,22412.0,2.051082520542269
21463.0,22632.0,1.505319373862216
21494.0,22684.0,2.3420747146964787
21533.0,30983.0,1.3520095374608352
21331.0,22663.0,2.8009919941776644
20749.0,26782.0,2.915188247037814
20749.0,28314.0,2.362276074845764
20749.0,30659.0,2.5146775020101373
20749.0,31041.0,2.4962278064947743
20749.0,31156.0,2.3121418140008085
20749.0,27612.0,1.1533835128596739
20749.0,27822.0,1.5697806558254197
20749.0,27882.0,2.2704995832001096
20749.0,27934.0,2.5330765365738674
20749.0,28135.0,2.821401344874676
20749.0,29951.0,1.3144738854456905
20749.0,27536.0,2.785639191727212
20749.0,6738.0,1.6696112999724637
20749.0,8135.0,2.21029951287961
20749.0,27040.0,1.9705497520816984
20749.0,27123.0,1.702712152214516
20749.0,27291.0,2.4542190738239267
20749.0,27033.0,2.8176867158168255
20749.0,22345.0,1.328189011025056
20749.0,27019.0,2.6520699716303127
20749.0,22525.0,2.3252471093292444
20749.0,22555.0,1.9478587260116964
20749.0,22630.0,2.4947772927485787
20749.0,22735.0,1.7050906687996055
20749.0,22958.0,1.490465806986091
20776.0,20389.0,1.9457890114757366
20816.0,5057.0,1.3545623408374667
20874.0,22489.0,1.2351196147756154
21537.0,22732.0,1.2091795943170291
21074.0,22020.0,1.896643679035102
21118.0,22606.0,2.6515654101456057
21135.0,22347.0,2.7523884380278076
21196.0,2153.0,1.7258208157716526
21196.0,26450.0,2.52891962297797
21208.0,17409.0,1.7273034673556371
21027.0,22607.0,1.8074549451956403
20901.0,22091.0,2.813340337220069
20991.0,22890.0,2.2253189896312326
20991.0,23072.0,2.3765163177040467
21016.0,22411.0,1.3799745274964565
21016.0,22464.0,1.722598288402834
21542.0,26918.0,2.023989805770868
21543.0,25222.0,2.028236567337596
22247.0,8367.0,1.3043758500918061
22247.0,49811.0,1.4843490422558123
22247.0,44313.0,2.283777576506802
22247.0,44354.0,1.5161781718405314
22288.0,5480.0,2.2312829161565384
22324.0,50544.0,2.973305742954901
22324.0,52234.0,1.2906482800525965
22364.0,22476.0,2.0715626322025784
22224.0,15573.0,1.3832882692002155
21826.0,37520.0,2.919159060639382
21862.0,22785.0,2.4984597110112943
21903.0,28667.0,2.853139772235793
21907.0,38434.0,1.935949769266533
21916.0,23004.0,1.1373173768639744
21930.0,47251.0,2.3257722424236413
21768.0,23078.0,2.3233028970067346
21570.0,22730.0,2.2396471698913727
21614.0,40098.0,1.6525240489341138
21714.0,26372.0,2.471407243658494
21963.0,36950.0,2.0858377349858266
21963.0,49844.0,1.2952023519354103
21963.0,32555.0,2.101399929232953
21963.0,39300.0,1.5649756458131763
21963.0,35729.0,2.419984990246376
21963.0,36456.0,2.905931236053828
21963.0,36883.0,1.8253487152899979
21963.0,38107.0,2.634615912656467
21976.0,31481.0,2.677137664578467
22010.0,23095.0,2.7510609255998717
22031.0,23111.0,1.403153775844091
22157.0,3257.0,1.3526958703706236
22157.0,4217.0,2.9506346752715515
22188.0,32474.0,2.2602129136109723
19250.0,1304.0,1.0229857811574024
19250.0,16765.0,1.311247754931278
19250.0,7942.0,1.9857522588081158
19250.0,8742.0,2.6159166779639045
19250.0,13535.0,2.056431090167682
19250.0,14654.0,2.682422836090913
19250.0,16743.0,2.166136419171207
19250.0,17400.0,1.4708851085872947
19250.0,2970.0,1.472541353118691
19250.0,22384.0,1.5352665714523093
19250.0,20523.0,1.594559288191942
19250.0,20767.0,2.039048356949087
19250.0,22017.0,2.3177947886531953
19250.0,22029.0,2.808631277532409
19114.0,23408.0,1.780023856872225
19169.0,20459.0,1.1041079868582375
19183.0,31989.0,1.3882522480354345
19183.0,23354.0,2.4810586312572456
19338.0,20649.0,1.2498808789830014
19346.0,33135.0,1.186639720410549
19346.0,5109.0,1.4330790952145096
19346.0,20831.0,1.831980514518081
19346.0,27769.0,2.5247638184472603
19346.0,32174.0,2.6205377824475704
19346.0,52063.0,1.7539965571829934
19085.0,20459.0,2.854601402071812
19086.0,36704.0,2.3257874138726278
18646.0,52023.0,1.6118603678589098
18646.0,44652.0,1.903116054143203
18880.0,20304.0,2.8593426030916507
18882.0,1319.0,2.6275959559491575
19054.0,20645.0,2.487900482361127
18784.0,20276.0,2.3320007094481086
18755.0,22395.0,2.0977422386025926
18704.0,20124.0,1.22748877587857
18704.0,14028.0,2.291572825902308
18708.0,20216.0,1.3076889008673558
20701.0,37557.0,2.8402225896716855
20701.0,35451.0,2.8699905499820955
20701.0,37381.0,1.635972667349858
20701.0,40117.0,1.1868053176390783
20701.0,43736.0,1.7571503975433012
20701.0,14147.0,1.6478742974591054
19631.0,45130.0,1.3062278725035623
20688.0,39998.0,1.2267758002259466
20688.0,40585.0,1.681132542436924
20695.0,27723.0,2.3947868750539456
20695.0,35028.0,1.4805320636666608
20695.0,38031.0,2.513552367629578
19407.0,20767.0,1.8695041464600584
19407.0,22394.0,1.091265198332053
19407.0,26656.0,1.639510897260776
19441.0,19762.0,1.2981461282750097
19393.0,14556.0,1.7394824421358543
19504.0,20716.0,1.9250749274374173
19552.0,19744.0,2.2428404279366454
19552.0,9268.0,2.0596559896822257
19552.0,22145.0,1.7144756054391492
19552.0,20885.0,1.5784410081493656
19552.0,22034.0,2.0743017149400917
19552.0,22303.0,2.950371540696931
19552.0,22557.0,2.2985499788828765
19552.0,20588.0,1.5588825816600864
19552.0,19169.0,1.7912208880716185
19552.0,20632.0,1.928919774004293
19548.0,16784.0,2.787076444668485
11771.0,16022.0,2.9470033253725503
41728.0,47917.0,2.6615105549631095
41728.0,41773.0,1.850314972404524
41728.0,19044.0,2.1250918751980663
41728.0,45380.0,2.8037310538566853
41728.0,51916.0,1.7312929732960642
41728.0,40677.0,1.0571627953758629
41728.0,45463.0,2.3409256612259277
41728.0,45808.0,1.66113857241237
41728.0,46097.0,2.7383522119439956
41728.0,46098.0,2.6041593196729504
41728.0,47184.0,1.7111597504283453
41728.0,47282.0,1.015121021225814
41728.0,47453.0,1.9714268452677828
41728.0,44039.0,2.148416787362197
41728.0,44267.0,2.354003437414213
41728.0,47716.0,2.5448430536745885
41728.0,48530.0,1.9726214525078252
41728.0,48586.0,1.7510387854783482
41728.0,50025.0,1.3016820590223162
41728.0,50044.0,2.903011962900073
41728.0,50047.0,1.489980216680212
41728.0,35082.0,2.3607572418982112
41728.0,35132.0,1.2684524678284013
41728.0,40346.0,1.352672080883348
41728.0,13551.0,1.4095316485840315
41728.0,17718.0,1.5883353993354503
41728.0,40444.0,1.3093754903255923
41728.0,42255.0,2.270356907558989
41728.0,42705.0,1.5308794842307576
41728.0,43018.0,1.530830830053346
41728.0,40629.0,2.3559896697108282
41728.0,41372.0,2.592076189201868
41728.0,45479.0,1.9976795088890777
41812.0,39398.0,1.867702932353847
41815.0,5611.0,2.218547705095589
41815.0,14581.0,1.6477556150297459
41815.0,47505.0,1.9541087858595665
41455.0,45298.0,2.226141428026416
41486.0,19836.0,1.0604908707735414
41577.0,47854.0,1.5113869386789627
41577.0,44230.0,2.570698549344482
41587.0,39235.0,2.900880733706326
43527.0,45264.0,1.579354423873575
43563.0,41562.0,1.9882884219085708
43563.0,47560.0,1.9676681366140443
43603.0,47305.0,2.414157784928644
43603.0,42268.0,2.1693106588862907
43603.0,40881.0,1.667514117547005
43603.0,43779.0,1.7611628777432897
43603.0,40898.0,2.1143604393858437
43603.0,40983.0,2.1940729659303715
43603.0,41066.0,1.086593018488558
43603.0,41214.0,2.9675640699214902
43603.0,41401.0,2.0373044458522194
43603.0,41422.0,2.164900270932127
43603.0,44977.0,1.987418019091566
43512.0,40431.0,2.823305289416792
43509.0,3486.0,2.59196740889231
43242.0,35190.0,2.096954970801434
43242.0,38629.0,1.8862470873813735
43268.0,42600.0,1.7123950264099141
43293.0,40270.0,1.2828994585209037
43852.0,42132.0,2.6082858393391266
43898.0,20347.0,1.7374179380661106
41916.0,49969.0,2.841110519057679
41916.0,50591.0,2.6444198258245812
41916.0,15609.0,1.4292204756335087
41916.0,40107.0,2.3395190860197705
41965.0,39437.0,2.559093948483931
41985.0,39495.0,2.8371006409327926
42326.0,39630.0,2.905969173235719
42348.0,765.0,2.3144008414940345
42448.0,39752.0,2.2983476007479533
41882.0,52234.0,1.94492798857109
43058.0,40096.0,1.8107566615038844
43133.0,38529.0,2.9835496712946883
43182.0,35883.0,1.9863904271039285
42661.0,27662.0,2.9119232081348674
42706.0,42515.0,1.3118145103252237
42780.0,39016.0,1.2729911661163322
39204.0,37566.0,1.4871029711093315
39225.0,37613.0,2.269895728696712
39309.0,40397.0,2.310082443556638
39185.0,30147.0,2.897026063415029
39375.0,39138.0,1.1325554699230143
39402.0,36038.0,2.3343910868823974
39100.0,43057.0,1.5154822094330216
38979.0,41870.0,2.50274571222834
38979.0,26988.0,2.731376911618784
39009.0,46016.0,1.3837873325854877
39408.0,38088.0,2.614142888669144
39592.0,52229.0,1.2014126966100658
39663.0,39149.0,2.5739905368753533
38970.0,37388.0,1.4868845822123855
39459.0,42515.0,2.6689737883974365
39459.0,42169.0,2.9694348990882293
39479.0,37796.0,1.9023060527917217
38429.0,34370.0,1.1072217400240218
38429.0,40672.0,2.499494531185107
38429.0,39288.0,1.770799187163884
38429.0,39822.0,2.071224076283185
38429.0,40947.0,1.3877469183992106
38429.0,38871.0,1.2028491431473083
38429.0,40970.0,2.934473979111666
38429.0,25207.0,1.2015747597928832
38429.0,38008.0,1.1073567843375718
38429.0,38196.0,1.2064456151308982
38429.0,38425.0,1.3144296667563793
38429.0,38501.0,2.508877788721411
38429.0,38670.0,1.7012119457926262
38429.0,41512.0,1.2836792946548896
38429.0,42354.0,1.0665655803434362
38429.0,43587.0,1.6895766469624853
38429.0,43688.0,2.4496260375251877
38403.0,50364.0,2.8177120801316873
39683.0,43198.0,1.495974913931566
38771.0,35977.0,1.7561650023408588
38786.0,37269.0,2.9657156701167238
38511.0,19022.0,1.2642971536359313
40542.0,38520.0,2.359617129716972
40775.0,38645.0,2.5348903968233514
40806.0,38951.0,1.4498907716861855
40287.0,3246.0,2.243153215136031
40121.0,38191.0,2.2536103332899238
40122.0,47821.0,2.674483789220462
40122.0,47176.0,2.8296540596427926
40122.0,45631.0,1.9784083234822507
40235.0,32926.0,1.2709949885285785
40846.0,39053.0,2.4616311161554183
40846.0,4146.0,2.866069287259914
40846.0,41524.0,2.9121488253455468
41053.0,41434.0,1.984961945382432
41194.0,14255.0,1.9986674001645557
40963.0,38423.0,2.583649712308878
40963.0,13896.0,1.2311250720485767
40916.0,42653.0,2.9941780032711005
40916.0,48031.0,1.3712402275116105
40916.0,44941.0,1.9683063726908545
39975.0,38088.0,1.7751802718363825
39774.0,42495.0,2.7609830643739888
39774.0,47395.0,1.3184544239981193
39774.0,47405.0,2.7783897040885166
39774.0,37989.0,1.336985418273158
39774.0,38080.0,2.279873093015379
39774.0,41285.0,2.6152764251624974
39774.0,48399.0,1.52674525034913
39774.0,47487.0,1.716178317053896
39774.0,47640.0,1.2328243777968297
39774.0,48245.0,1.8867409954564132
39844.0,39028.0,1.2170974241988746
39853.0,38716.0,1.0570202407365128
39853.0,47605.0,1.7196549655366242
52399.0,48378.0,2.8957700530937953
52399.0,45838.0,2.2559646988126625
52410.0,45249.0,1.977200061161443
52413.0,50364.0,2.3957591964908147
52482.0,45329.0,1.4811779494601656
52503.0,45353.0,1.1117003161194083
52183.0,47927.0,1.7864305776552238
52183.0,45603.0,1.9061931347170191
53272.0,52134.0,1.2697034787476125
53415.0,28010.0,1.7551435722306044
52703.0,45668.0,1.6969974702910142
53054.0,50728.0,1.8742275278243432
53054.0,51852.0,2.0456750819599883
53054.0,51864.0,1.6917568813542407
52086.0,47505.0,2.34443795090935
50189.0,1851.0,2.3841280482996225
50277.0,44684.0,1.234179924439627
50315.0,44245.0,1.483015332368474
50315.0,44551.0,2.165039856182424
50566.0,39189.0,2.892060159147486
48453.0,40084.0,1.3383751618214308
48566.0,43742.0,2.0552046115896356
48703.0,43805.0,1.2178698985015202
48813.0,22970.0,2.8056593346121055
49874.0,45993.0,2.3688432258349685
50602.0,45426.0,1.8066753951999108
50794.0,43910.0,1.8925531211831759
50830.0,231.0,2.591946330065292
50875.0,9144.0,2.3126601668587337
50615.0,44525.0,1.5499918634530498
50680.0,14134.0,1.6100433543311854
50765.0,44687.0,2.204908171050487
58219.0,45878.0,2.5121111433277656
58664.0,51998.0,1.6633030284769643
58675.0,15253.0,1.1021381131945545
58675.0,50551.0,2.8682069106397483
58675.0,35185.0,2.4577522841805735
58675.0,50500.0,2.475656012077402
57213.0,48517.0,1.146508640827381
57213.0,28770.0,2.8051170660634748
57250.0,48530.0,1.947784770212937
57538.0,50385.0,1.873861362103064
57647.0,49782.0,2.7375305022047036
59737.0,52232.0,1.376935844544489
59921.0,51973.0,1.8254720138454015
60062.0,4996.0,1.3939104953456871
60082.0,35204.0,2.5892158937596115
60322.0,52177.0,1.272748386875306
59625.0,3571.0,1.578596112152223
59559.0,45808.0,1.647836934816187
58856.0,12494.0,1.5950647465116659
59026.0,42638.0,2.8875721468097635
59131.0,42641.0,2.96971622891405
59550.0,52058.0,1.8373027124905452
57202.0,51934.0,2.4106670871015554
57202.0,52036.0,2.832545505832995
57202.0,51910.0,1.5632567841543865
57202.0,49823.0,2.3180820856866378
57202.0,50070.0,1.6784046943875968
55457.0,48409.0,1.6399650512689856
55495.0,47475.0,2.5252182477751566
55499.0,46056.0,1.7050063574993863
55499.0,46129.0,2.579616028610176
55598.0,48409.0,2.1576177933077547
55806.0,47453.0,1.393570450914548
55839.0,47627.0,2.844822344093853
55215.0,47294.0,2.3781034339906055
53506.0,38915.0,1.8709948208617904
53771.0,10625.0,2.6521526079183015
53859.0,46083.0,1.134809629459045
56765.0,48204.0,1.4098783466055198
56809.0,44719.0,1.448612868100487
56885.0,10875.0,2.8881706305292343
56936.0,40347.0,2.1278910985065247
57017.0,48397.0,2.5775543561301544
57055.0,50445.0,2.174812069224661
56104.0,47809.0,1.0731473867919437
56156.0,50713.0,1.140362199935987
56297.0,47933.0,1.8238148071892568
45957.0,41945.0,2.6160380634380225
46077.0,15951.0,2.079447783833132
46077.0,7334.0,1.6662549047245077
46077.0,42414.0,2.286896802651684
46077.0,43399.0,1.8607571083462542
45501.0,47873.0,2.929265879752557
45661.0,43482.0,1.8027437057293871
45719.0,44142.0,1.8820493714396545
46142.0,42050.0,2.9797939681670345
46152.0,42063.0,2.4702265196125763
46182.0,42268.0,2.6038904473081086
46182.0,45833.0,1.9064379819243396
46223.0,43917.0,1.973022990282349
46288.0,50373.0,2.1815205552478454
46124.0,43878.0,1.3054158871338821
46093.0,45717.0,2.9309857043500553
46093.0,48509.0,2.399982314156695
44268.0,40950.0,2.6367569720522246
44268.0,42733.0,1.7010773940217319
44268.0,36901.0,1.7211539728545004
44274.0,40943.0,2.1361239812249693
44609.0,41040.0,2.784482155222886
44705.0,41093.0,1.6016210059388651
44206.0,42627.0,1.2196837089613224
43981.0,40716.0,2.2530506075809957
43981.0,41833.0,1.6545817618152308
44152.0,51852.0,1.2701684103372117
44152.0,42077.0,2.72783258669375
44152.0,48348.0,2.8902322865544154
44155.0,40790.0,2.3585454154794445
45112.0,41361.0,1.0032891252371225
45121.0,46023.0,1.3376590076937893
45173.0,41361.0,1.167336535051027
45178.0,41245.0,2.3238416583402035
45281.0,44376.0,2.6148990092018938
45049.0,7494.0,2.3964202971163835
44762.0,41824.0,1.680445316511715
44787.0,18080.0,1.5874148551226002
44999.0,41271.0,2.480516631949941
45037.0,41292.0,2.325167585079101
46320.0,40681.0,2.932073931320531
48036.0,50732.0,2.6705819657028917
48234.0,43482.0,1.0123003657619345
48266.0,43993.0,1.4671352776781956
48266.0,52003.0,1.1640463558237186
48266.0,8407.0,1.0673727803771753
48266.0,28210.0,2.960678569240324
48266.0,34773.0,1.8075387076125846
48266.0,41559.0,2.4939235034477862
48266.0,44071.0,2.7006226155154156
47435.0,51876.0,2.7762769228796986
47445.0,50629.0,2.384910232346595
47189.0,6010.0,2.9998204947846743
46498.0,42436.0,1.8348920131349487
46498.0,42588.0,1.4162371746226021
46756.0,38290.0,2.005117664374274
46385.0,41234.0,2.4550899342243797
46389.0,28696.0,1.8825542127284083
46433.0,9081.0,1.441911544606691
46433.0,48559.0,2.4727265068708286
46435.0,19914.0,2.7834891768648222
47045.0,42749.0,2.299155742834899
47069.0,45738.0,2.0303093250505375
47018.0,37352.0,1.970381876272913
46917.0,50364.0,2.9870892303061614
46796.0,44903.0,1.3364224366636013
46796.0,42630.0,2.6095607438054786
46796.0,43955.0,1.4454021981068892
46856.0,5537.0,2.293325175646361
46867.0,10707.0,2.8060471759502184
46916.0,42660.0,1.229055359298003
30536.0,31333.0,2.903791932462215
30596.0,43914.0,2.574226969281476
30596.0,39276.0,1.2046633858689266
30596.0,36710.0,1.4878025175646243
30596.0,40687.0,1.365396926257613
30596.0,44499.0,1.7100106856050774
30596.0,38696.0,1.5601713369808636
30596.0,15344.0,1.8699512785597616
30596.0,34403.0,1.8999406398477043
30596.0,34516.0,1.5008518922572427
30596.0,35234.0,2.1818526714550197
30596.0,43550.0,1.674299063280347
30596.0,40936.0,1.64219597224139
30596.0,40481.0,2.9748012485088213
30596.0,36658.0,2.131471799533517
30596.0,37428.0,2.3750077343595883
30307.0,23395.0,1.9755626426112265
30307.0,42662.0,2.496445809122365
30307.0,40438.0,2.6798302365575832
30350.0,50105.0,2.2136372517756318
29579.0,48557.0,2.1768357149930893
29579.0,7340.0,1.950057618805827
29579.0,45770.0,1.2730043884633349
29579.0,41065.0,1.097997461966547
29579.0,47227.0,2.730966490677388
29579.0,41089.0,1.4526132348889231
29579.0,40156.0,1.6047636320787007
29579.0,45715.0,2.471208877010772
29579.0,46056.0,2.253133056009461
29579.0,43592.0,1.5462085728961323
29579.0,50023.0,2.2764307955721277
29579.0,27590.0,2.7147542554822777
29579.0,43736.0,2.49645226539198
29579.0,14181.0,1.6260326630437774
29579.0,47238.0,1.2227126055200586
29579.0,39752.0,2.862193633261869
29579.0,31822.0,1.2771820027390022
29579.0,47220.0,2.4792066315486414
29579.0,50092.0,1.5917942839478059
29579.0,40079.0,1.925605396119854
29579.0,40113.0,1.3152771628772881
29579.0,47758.0,1.2414325515843398
29579.0,51973.0,1.0902565558694368
29579.0,43910.0,1.9747071522456576
29579.0,46023.0,1.9666787421228684
29579.0,45759.0,2.8225396258512783
29579.0,47355.0,2.9381402893292803
29579.0,43973.0,2.2590007639475127
29579.0,52168.0,2.6147312641658313
29579.0,50231.0,2.908654002176939
29579.0,50326.0,2.5267487693358732
29579.0,50380.0,1.1261763507126061
29579.0,51830.0,1.091638718613538
29579.0,41595.0,2.017860269671871
29579.0,41959.0,1.631544019075846
29579.0,8790.0,2.2654004403096835
29579.0,39711.0,1.9168861458971738
29579.0,46112.0,1.7678629845941192
29579.0,47201.0,1.6047582885402827
29579.0,45343.0,1.892005121341232
29579.0,48611.0,1.3680675695184463
29579.0,49655.0,1.5082966243137323
29579.0,47632.0,2.357107991235692
29579.0,47681.0,1.8904838374835322
29579.0,50112.0,1.4405790226153499
29579.0,41080.0,1.7769743997936867
29579.0,40460.0,1.1352634044627414
29579.0,39922.0,2.6455923939381756
29579.0,40146.0,2.6061487912453636
29579.0,40152.0,2.658505305419192
29579.0,40168.0,2.1114917186006883
29579.0,40367.0,2.31674226709157
29579.0,40443.0,1.9461944933062567
29579.0,43747.0,2.0553505804761025
29579.0,44681.0,2.6241583837124423
29579.0,41659.0,2.648765137840959
29579.0,41741.0,2.714510510837382
29579.0,41860.0,1.1255309287526498
29921.0,16568.0,2.542536048108427
30066.0,32092.0,1.0625181775436372
30092.0,30953.0,1.6748068067299775
30705.0,31349.0,1.697836716198127
31941.0,32283.0,1.676636124020503
31982.0,26907.0,2.731689181894175
31988.0,38533.0,1.6621338340429233
31988.0,48521.0,1.3445333021897041
31988.0,37230.0,2.412544822414654
31988.0,43525.0,2.6275530167323007
31721.0,35390.0,2.733245150321058
31316.0,32250.0,1.9731956975711948
31416.0,31831.0,2.826009229690147
31570.0,19373.0,2.1013197523437723
32040.0,32358.0,1.999465189012132
32064.0,39600.0,1.29344533900328
32064.0,38126.0,1.4117862696889492
32064.0,38386.0,1.4741063989120056
32064.0,44703.0,1.7766436106130048
32064.0,45162.0,1.321004762314289
32064.0,47815.0,2.263532304212567
32064.0,47951.0,1.3174548583399235
32064.0,51866.0,2.0402955093940793
32064.0,45321.0,2.200624198151112
32007.0,28422.0,1.0487765649393743
31229.0,51936.0,2.6327089045150487
30819.0,42662.0,2.3400400235935592
30819.0,32326.0,1.0610768102188262
30819.0,35764.0,1.4457876388586015
30819.0,42192.0,1.975453499898949
30819.0,20003.0,2.305968273594795
30819.0,31534.0,2.3595582839287976
30819.0,41640.0,2.8439080732270656
30819.0,10707.0,1.7216114749567886
30819.0,32247.0,2.6705840963483185
30819.0,34714.0,2.2294683972662925
30819.0,39397.0,1.0561966325185446
30819.0,2330.0,2.134681455485752
30819.0,49752.0,2.3334793184763676
30819.0,44933.0,2.7146918805358773
30819.0,45290.0,2.5529850608032065
30819.0,48219.0,2.6689933884564363
30736.0,4309.0,1.4119192419166724
30759.0,36837.0,2.455137141845693
30759.0,35955.0,1.2972200901756907
31004.0,33110.0,1.0317472052125263
31004.0,34982.0,1.4490306081698912
31029.0,39258.0,2.382431171506253
31124.0,31602.0,1.6472287735817452
31155.0,31665.0,1.9269915554084325
31186.0,27536.0,1.9922992984791736
30909.0,31521.0,2.2913112834684464
29059.0,35576.0,2.9898090945360067
28929.0,44609.0,1.1175902252745487
28929.0,26784.0,1.6086008315790212
28929.0,30013.0,2.771392659591169
29073.0,50518.0,1.7763150117069992
28618.0,18161.0,2.4666136408714
28658.0,28850.0,1.068003129387673
28658.0,40844.0,2.915633366968569
28602.0,30400.0,2.4566696727053356
29536.0,30788.0,1.9574846119501697
29536.0,30925.0,2.907094755927177
29536.0,30759.0,1.4659578711565258
29276.0,30339.0,2.4410064125538975
29398.0,37132.0,1.3425974099829614
26721.0,3093.0,2.8736098397792578
26789.0,38421.0,1.6131410757078548
26875.0,36557.0,1.6659032951632387
26662.0,28153.0,1.033019808849817
27284.0,40900.0,2.8576344632448936
27366.0,28596.0,1.5371959120257157
28495.0,39800.0,2.6019416917514966
28497.0,37198.0,1.1172789081755419
28555.0,33127.0,1.830696488698246
26931.0,24044.0,1.956147261279681
26944.0,42268.0,1.611585788174939
27004.0,28406.0,2.9851217384678383
36893.0,35977.0,1.0425547398770663
37186.0,36196.0,2.4452167008473005
37236.0,50772.0,1.4511450231429868
37236.0,39295.0,1.9325320657165492
37236.0,44039.0,2.266521464600939
37236.0,44117.0,2.095082059120706
37236.0,43588.0,1.4078475164543454
37236.0,42248.0,1.3371764246463735
37236.0,42053.0,1.237664747528795
37236.0,42343.0,1.1970174750988452
37236.0,40837.0,2.072817434743808
37236.0,35054.0,1.518841757302757
37236.0,36683.0,2.5942555670801664
37236.0,42640.0,1.0743593908438354
37236.0,42783.0,2.0730164784464686
37236.0,50201.0,1.2373184980342575
37236.0,51821.0,1.6113389760864638
37236.0,43171.0,2.9238849636725566
37236.0,47867.0,2.2199727012565105
36637.0,37632.0,2.930573487377568
36637.0,40808.0,1.8063233815390294
36637.0,45448.0,1.5873303105680332
36637.0,51980.0,2.480388169419996
36637.0,42940.0,2.2589472820977505
36637.0,9418.0,2.1000000090641198
36637.0,10092.0,2.5424155082296496
36823.0,38227.0,2.93348093640732
36840.0,35912.0,2.296501627592865
36211.0,35466.0,2.632417570796174
36257.0,40712.0,2.0843857493781104
36308.0,37503.0,1.4521830649768026
36308.0,39429.0,2.7985330454811903
36308.0,40098.0,2.561554954522374
36308.0,40256.0,1.663216168019024
36308.0,40383.0,2.230081605703834
36308.0,36907.0,1.3746591535666997
36308.0,37069.0,2.213748655450833
36308.0,38818.0,1.6482713685097956
36308.0,39459.0,2.4732557738842624
36308.0,39967.0,2.109775656338372
36129.0,22722.0,1.808348832269109
36129.0,35482.0,1.4113486582135037
35925.0,36178.0,1.5859287009428011
35987.0,35288.0,2.2005709712712997
36411.0,38346.0,1.6450923258446817
36415.0,40567.0,1.5506765538525835
36485.0,35464.0,2.0011172939824178
37937.0,38024.0,2.5131783883455143
37939.0,43742.0,2.121196904299664
37939.0,47272.0,2.322579320371987
37939.0,40168.0,1.442230974259147
37939.0,8761.0,1.6179336758945255
37939.0,20180.0,2.2361974683963544
37939.0,38300.0,1.9041604858830863
37939.0,39039.0,2.8488333620894246
37766.0,38921.0,2.82009915872011
37766.0,39216.0,2.346058687942824
37766.0,47347.0,2.9794969005749623
38256.0,10022.0,2.4595490640743725
38335.0,36965.0,1.9808039378173732
38337.0,48409.0,2.844116755430577
38338.0,23618.0,2.3234776603480842
38251.0,40624.0,2.6173612108258526
38044.0,37198.0,2.5103418436483875
38044.0,38750.0,1.174915891990016
38063.0,36812.0,1.5515612295335999
38150.0,36836.0,1.7473125150436064
37591.0,37780.0,2.816358462858791
37277.0,35096.0,1.128022817364982
37295.0,50518.0,2.010365242467045
37325.0,40191.0,1.6538874103568617
37325.0,45000.0,2.702350115358451
37325.0,44056.0,2.7124172089891436
37325.0,42389.0,2.903144893144269
37325.0,39707.0,1.795118956493119
37325.0,40737.0,2.737287319099054
37405.0,141.0,2.0780719506846936
37447.0,2094.0,1.1758547044791035
37541.0,36461.0,1.5127291526763247
37582.0,46145.0,2.4550664909453173
37582.0,49772.0,2.929852069870006
35826.0,35171.0,2.433630823875911
32459.0,39042.0,2.3323780689185467
32459.0,30860.0,1.3928840989736009
32459.0,35502.0,1.6698785444805255
32459.0,35506.0,2.2141707104495714
32459.0,36697.0,1.3953614031121717
32299.0,40925.0,1.4405185454465919
32299.0,50166.0,2.1080160407629887
32299.0,42086.0,2.3136277375493455
32299.0,43111.0,1.8428627967507305
32299.0,43130.0,1.7478943066172277
32299.0,41987.0,1.9961622534866732
32299.0,5205.0,1.5422791468179924
32299.0,7449.0,2.5461326790083803
32299.0,17324.0,2.5261955902226108
32299.0,18871.0,2.8705300724861127
32306.0,43039.0,2.281366420401751
32630.0,41945.0,1.9607301240350348
32670.0,10327.0,1.4781853646447392
32731.0,32836.0,2.727130161620604
32789.0,48440.0,1.5191471582946852
32491.0,37566.0,1.0802316567454766
32497.0,43427.0,2.306277605227021
32214.0,32929.0,1.9091769829166965
32262.0,34433.0,1.663339252931387
32262.0,36312.0,2.474574243760073
32201.0,15609.0,2.7723005095164623
32172.0,32509.0,2.2511574391759748
32126.0,32474.0,2.3587776091284436
32132.0,32384.0,2.2204675309677295
35397.0,39352.0,2.120779353692594
35633.0,36652.0,2.002816205530982
35123.0,23682.0,1.7832451558519407
35144.0,18434.0,1.1660744821851994
35319.0,16223.0,2.3279584646574363
35386.0,38227.0,2.347327769095804
35731.0,42084.0,2.451080278009356
35731.0,37663.0,1.4194259248475642
35731.0,35317.0,2.601671810544957
35731.0,36317.0,1.4314409144848828
35017.0,44150.0,2.4233028661921985
34385.0,35596.0,1.209800138350433
34385.0,35060.0,1.8325626356936489
34424.0,50182.0,2.7413969411686
34476.0,2904.0,2.004642906984003
34550.0,38191.0,2.3435636179820785
33169.0,40348.0,1.2850439969817984
34588.0,52258.0,2.3869386042226868
34705.0,38764.0,2.5019950119924967
34600.0,20660.0,1.3607355984959737
34611.0,44098.0,1.7167809272125862
11702.0,15165.0,2.3967418283478317
11686.0,38976.0,1.4254637122924059
11686.0,39032.0,2.1958042036765733
11686.0,42169.0,1.328367158815149
11686.0,38228.0,2.482118891260165
454.0,1319.0,1.632304865453524
454.0,1059.0,2.6560871554180814
454.0,1118.0,1.4702596422894059
454.0,1920.0,2.891856847636417
454.0,2439.0,2.3457084029981905
454.0,4580.0,1.3531970332391523
454.0,5256.0,1.8719237402643627
454.0,5701.0,1.9595698098440124
454.0,6466.0,1.7245094201806668
454.0,6474.0,1.8579346987733802
454.0,6479.0,2.308533890389344
454.0,6595.0,1.73596126712602
454.0,2982.0,1.7165543733037836
454.0,3253.0,2.796202319000514
454.0,10801.0,1.0834644170007302
454.0,13898.0,1.7019061158143345
454.0,10366.0,2.2975900912341816
454.0,7885.0,2.3632908537477695
454.0,7912.0,2.4801962214518065
454.0,8001.0,1.974279089103814
454.0,8380.0,1.8791839968350035
454.0,8881.0,1.306164738781842
454.0,9220.0,1.4251547609628592
454.0,9973.0,1.6449716303313242
454.0,1653.0,1.6633243409016774
454.0,1805.0,1.8081296463172376
454.0,2314.0,2.003387148563139
454.0,2342.0,2.934554230066567
454.0,2485.0,2.027990061315908
454.0,2495.0,2.9075377727749765
454.0,1652.0,1.1818745474240027
454.0,1566.0,1.6955579904034312
466.0,1744.0,2.64712043787403
482.0,6389.0,2.0919473172202485
396.0,447.0,2.120668993901455
412.0,733.0,1.466363696130176
417.0,2938.0,2.9800553762263817
427.0,5385.0,1.5314218755169935
427.0,11035.0,2.789932185801301
432.0,598.0,1.7552028064536511
432.0,57.0,2.009657743770374
386.0,2968.0,2.0494181526305324
386.0,13606.0,1.2613463478314928
386.0,1669.0,1.5247910425408429
386.0,377.0,1.6649696365668094
386.0,10702.0,2.3769783115920307
386.0,9621.0,1.0052565545312244
386.0,6187.0,1.951629102122906
386.0,9266.0,1.2333954648501921
386.0,9004.0,1.49570719369073
386.0,2799.0,1.8002950973735246
386.0,717.0,2.450022800874851
386.0,743.0,2.2490452922002544
386.0,796.0,1.947281564027383
386.0,979.0,2.4501290940302143
386.0,4271.0,2.679389021645995
386.0,6555.0,2.8380117413175077
386.0,6562.0,1.8720029760177939
386.0,7589.0,2.402362941395249
386.0,7722.0,2.794429968918042
386.0,7998.0,1.3079957294139124
386.0,6139.0,1.2361728145689614
386.0,5881.0,2.577518125140418
386.0,617.0,2.551274231342041
486.0,569.0,2.888835907747077
486.0,3451.0,1.2178322656487173
486.0,1374.0,1.2414033934541822
486.0,1438.0,1.048697827957235
486.0,2417.0,2.962137499269092
619.0,5133.0,1.0426767938555335
619.0,5321.0,2.592078500399256
619.0,9030.0,2.862055270398021
619.0,10996.0,2.8623369444269837
619.0,14129.0,1.6967196594154286
619.0,15052.0,1.8830064727615428
619.0,2829.0,1.1185654225154753
604.0,10974.0,2.3881798546780098
612.0,4135.0,2.889544694391932
612.0,2314.0,1.3668785704338875
637.0,19521.0,1.6661124414000725
641.0,2934.0,2.532729269316338
646.0,13777.0,2.4017544781534252
657.0,2231.0,2.1199878606777185
657.0,2523.0,2.903738697420243
631.0,598.0,2.6216632264685256
631.0,1613.0,1.5224854294394867
631.0,2334.0,1.894917379104208
631.0,7121.0,1.0705210769364546
627.0,4681.0,2.0437598589879418
599.0,1246.0,2.6676270607737615
496.0,2578.0,2.5496995294952205
525.0,34409.0,2.83053837391677
525.0,45591.0,2.064110153694844
525.0,19914.0,1.466648005229677
525.0,46107.0,2.314494293212862
553.0,40718.0,1.8451530723722809
553.0,19408.0,1.8297382207836623
553.0,3544.0,1.6156977071668313
530.0,575.0,2.18222399344825
530.0,1038.0,1.6898458891633552
530.0,1508.0,2.6089500749378916
549.0,3748.0,2.616917304520417
212.0,1499.0,2.0474935482722345
212.0,944.0,1.9513578638466036
238.0,2667.0,1.5498720869652884
238.0,5993.0,2.1586600054385254
238.0,6035.0,2.8685150545943143
238.0,9045.0,1.631909777221829
246.0,2150.0,2.800281510754555
249.0,1311.0,2.3385857657789053
249.0,4574.0,2.0896467655130975
249.0,6828.0,2.09078466708617
263.0,1384.0,1.6999713514663977
263.0,546.0,2.191361657336762
263.0,51878.0,2.837547178605875
263.0,3316.0,2.669574668490661
263.0,7739.0,2.9385333867461974
196.0,10041.0,2.0549638669580745
196.0,17047.0,2.991834863642418
196.0,24100.0,1.875909081580616
196.0,31338.0,2.0655825686850626
196.0,34902.0,2.1943447310840556
196.0,51841.0,2.131536209204678
196.0,136.0,1.5414959860484365
196.0,23667.0,1.5470882674464181
196.0,6218.0,2.798491048784367
196.0,6647.0,2.571493091087259
196.0,9792.0,2.723826129033162
196.0,12463.0,1.6806166392310409
196.0,4265.0,2.976668529979939
196.0,504.0,1.2282938990034653
196.0,2322.0,2.28690208372151
196.0,2458.0,1.1139302786785954
273.0,4165.0,2.7019105676691653
279.0,6386.0,1.8931808555520375
293.0,136.0,2.0748726071141577
294.0,1244.0,1.4555321063754083
300.0,4156.0,1.7845766930645113
188.0,453.0,2.639778712167973
188.0,1039.0,2.3834670980586683
188.0,88.0,1.5223794604030556
190.0,460.0,1.9060702260859927
165.0,27056.0,2.557378959038962
165.0,32622.0,2.037640663518768
165.0,44903.0,1.1391369414360206
165.0,40602.0,1.5025720589336355
165.0,36609.0,1.775905391565072
165.0,8905.0,2.7998563633347393
165.0,20318.0,2.0849760578613044
165.0,37554.0,2.8609113529387207
165.0,8017.0,2.836577151955294
165.0,48523.0,2.0619459034898218
165.0,50037.0,2.7780703924805774
165.0,50511.0,2.173460834491257
165.0,4740.0,1.8626758203157776
165.0,10555.0,2.814507378643907
165.0,16194.0,1.5945762993220698
165.0,17684.0,2.496209129152307
165.0,19693.0,2.6977140333119847
165.0,20621.0,1.7413118314989844
165.0,27877.0,1.3380286537491781
165.0,37967.0,2.563929167595684
165.0,43189.0,2.2036937151224496
165.0,28560.0,2.9522086977453195
165.0,30868.0,2.3067230043238203
165.0,31078.0,1.238626020063694
165.0,31103.0,2.2500320765268667
165.0,32023.0,2.3465334485089597
165.0,32808.0,1.6507955874514437
165.0,4139.0,2.0022144849491736
165.0,8472.0,1.57412554717847
165.0,8936.0,1.8900386429369822
165.0,6375.0,2.267352585619667
185.0,361.0,2.351641424745557
187.0,399.0,2.6574101207613383
342.0,450.0,2.1918825058644567
342.0,1783.0,1.351142180834282
342.0,16104.0,1.2144339640307673
349.0,570.0,1.03617030253552
349.0,7060.0,1.6842277484401211
349.0,7285.0,2.899902012236732
349.0,7454.0,1.5749197955788428
373.0,981.0,1.0542359731932773
374.0,4124.0,1.4355167454963094
374.0,5575.0,1.9676562830997566
374.0,8902.0,1.3861326941368048
374.0,10619.0,2.9651005522425553
374.0,5519.0,2.1695056871806013
374.0,3411.0,1.2658771925477645
374.0,3798.0,1.5396796080498973
374.0,4081.0,1.5038815366609188
374.0,4133.0,2.415656029817834
334.0,1852.0,2.8315655153075987
328.0,1624.0,1.1756143274627442
328.0,1384.0,1.5749372206141776
328.0,1255.0,1.8824966311530669
328.0,3364.0,2.9129462702612794
661.0,2644.0,1.9366258066171502
661.0,2203.0,2.5388428845630218
1081.0,1569.0,2.1240869310385917
1094.0,4561.0,2.9676161644405163
1110.0,1444.0,1.9056160451338207
1110.0,1338.0,2.7328206560529558
1110.0,1417.0,1.3607246188182545
1111.0,38770.0,1.7246193369314815
1073.0,8329.0,2.9130083897452153
1063.0,5415.0,2.321608010374442
1063.0,4890.0,1.9185599200710242
1063.0,2047.0,2.631069837179754
1132.0,16414.0,1.6598911308564788
1183.0,3049.0,1.3511406163008097
1183.0,6271.0,1.1687920601552797
1183.0,3082.0,1.6855779793884509
1183.0,2021.0,1.6753693576200253
1183.0,2167.0,2.9653147183659216
1205.0,1829.0,2.0756396369703576
1134.0,7648.0,2.6548810272957675
1150.0,34687.0,1.5112610218016083
1044.0,36304.0,1.1464874298173036
1044.0,38907.0,1.503293295546056
1044.0,25217.0,1.9767162998002976
1044.0,36158.0,2.77454070054402
1044.0,42364.0,2.0532605335210197
1044.0,38802.0,1.2855724575890524
1044.0,36457.0,2.2711178639397804
1044.0,5514.0,1.6076996376531887
1044.0,1499.0,2.054486960061128
1044.0,3364.0,2.7280263540148075
1044.0,1392.0,1.313956960878211
1044.0,30874.0,1.049455636623845
1044.0,36482.0,1.8963282446284107
1044.0,14533.0,1.6907327175547022
1044.0,14569.0,2.5706882857702587
1044.0,14832.0,1.343012676997245
1044.0,22864.0,1.0895818578900263
1044.0,23374.0,2.691064663087062
1044.0,2802.0,1.9449034618024412
1044.0,3327.0,2.7063361492786133
1044.0,5499.0,1.5673888244320264
1044.0,6438.0,2.569211018491117
1044.0,6633.0,1.2654347277639348
1044.0,7055.0,2.338673683606915
1044.0,3691.0,2.938821624547323
1061.0,2199.0,1.175251960099213
1061.0,2241.0,2.2173923314905895
1061.0,4639.0,2.5098189288730492
1049.0,1449.0,1.251744044416236
1049.0,43894.0,2.2651061117019458
1208.0,2311.0,2.91665910370942
1580.0,4724.0,1.4633802423507882
1580.0,23537.0,1.0787239853514685
1618.0,1976.0,2.3336823211358118
1624.0,1059.0,1.1340070557338482
1626.0,4508.0,1.5625820090443578
1626.0,2867.0,2.9526722417420856
1403.0,7188.0,2.4670837097307645
1408.0,15005.0,1.2941412457388382
1409.0,301.0,1.6168922115884417
1409.0,1670.0,2.7042699624463085
1398.0,3506.0,2.461728155094323
1398.0,2117.0,2.806616337037804
1398.0,2175.0,2.650035260009578
1398.0,2910.0,2.0911384383247
1690.0,5849.0,1.4367643319645982
1690.0,4203.0,1.029712837215272
1690.0,4692.0,2.504714711030403
1703.0,2211.0,1.2590953702459085
1708.0,2167.0,2.957178600595154
1735.0,2064.0,1.2249994424666022
1735.0,4098.0,2.6266365674862615
1735.0,6381.0,1.0387326420968939
1679.0,1896.0,1.288502864142546
1337.0,2938.0,2.229449657604736
1337.0,22534.0,2.1301884126764006
1337.0,2330.0,2.855940958018868
1337.0,1825.0,2.8200505622890697
1337.0,4607.0,2.2536207465887617
1305.0,8370.0,1.8203967552051183
1305.0,7407.0,2.1228976049549044
1283.0,6921.0,2.922121744221383
1299.0,23317.0,2.208544220353947
1299.0,40922.0,2.2305493620708043
1300.0,5141.0,1.3764239083447984
1343.0,2039.0,1.5436353458204581
1343.0,2350.0,2.2706165675501477
1343.0,2104.0,2.9321352137579115
1343.0,2236.0,2.143509733320846
1343.0,1745.0,2.7101615124422516
914.0,2001.0,1.0129219353270147
914.0,18812.0,1.3835212500181533
878.0,3433.0,1.5391932586146009
880.0,890.0,1.7483429938881014
949.0,45631.0,1.3630558818317526
949.0,9727.0,2.406049129846472
949.0,35751.0,2.9398744109166293
949.0,2150.0,1.541209729079487
949.0,5459.0,1.8916627427118449
949.0,1895.0,2.0110023470965084
949.0,2304.0,1.7255312539526448
949.0,3188.0,1.4099069697375297
949.0,8920.0,1.4925383882468175
949.0,9420.0,1.74815877041444
949.0,10710.0,1.047199325375819
949.0,10932.0,1.3208720722214933
949.0,12472.0,2.3842907390017807
949.0,18767.0,2.006409559175533
949.0,6489.0,2.8514639586917045
949.0,7239.0,2.033511871671907
949.0,7327.0,2.545191819659333
949.0,20251.0,2.769191164384631
949.0,47914.0,1.9816075798288242
949.0,43132.0,2.531946991593739
949.0,22825.0,2.186994859550371
949.0,34756.0,2.2122423378176816
949.0,39180.0,2.0754426430404336
949.0,39845.0,1.6254061245609412
919.0,4549.0,1.6801312726238753
919.0,5300.0,1.2284646215824813
922.0,1266.0,1.1927535403379501
929.0,1164.0,2.9553675668610286
932.0,9604.0,2.4618424677525272
867.0,4873.0,1.4744287398566187
867.0,2103.0,2.6306595253939777
867.0,5026.0,1.8135630620916758
867.0,5155.0,1.890442617341588
867.0,5159.0,1.8553370723183948
710.0,1169.0,2.223103483439774
742.0,2458.0,2.1534719315179447
782.0,5537.0,1.7530485130186042
782.0,7896.0,1.5000161763161606
782.0,9409.0,1.5710592826193737
800.0,1508.0,2.9689517645953596
800.0,1074.0,2.1907534286845207
805.0,40639.0,2.224779966854872
805.0,44376.0,1.1129439797702187
683.0,141.0,2.817165538275593
669.0,3274.0,2.174363225181769
681.0,1243.0,2.244769547295215
826.0,3515.0,1.7201095660396286
826.0,19662.0,1.678981379118641
826.0,1800.0,2.345452561909976
860.0,1118.0,1.463641090760277
810.0,1825.0,2.590180331349515
824.0,14766.0,2.5785376254313483
1039.0,15728.0,2.0316400687320235
1039.0,2621.0,1.0572390794645865
1039.0,3327.0,2.611393053035219
1039.0,3360.0,1.4246800034512233
1039.0,7527.0,1.5516224247646961
1011.0,4707.0,2.264157931066988
971.0,2167.0,2.0839872087408944
982.0,19786.0,2.3904941319496027
1007.0,3665.0,1.5446471480346702
23.0,6805.0,1.3058600710628083
23.0,34322.0,1.7100827967719452
23.0,28589.0,1.8131723525165433
23.0,41787.0,2.9907450546993606
23.0,14178.0,1.1812847853230193
23.0,35927.0,2.1013749530496053
23.0,36310.0,2.074969584652994
23.0,42363.0,2.832184040246329
23.0,4159.0,2.7156477700077004
23.0,19593.0,1.7043642235377423
23.0,10977.0,2.2170170057155465
23.0,18700.0,2.6632454419456346
23.0,4873.0,2.690395919007112
23.0,43441.0,2.0057326309936587
23.0,3486.0,2.141280965211335
23.0,39918.0,1.8245670235688667
23.0,42534.0,2.141049396295718
23.0,44984.0,2.155865763714805
23.0,42724.0,2.1719668128801914
23.0,31526.0,1.419934205554034
23.0,50401.0,2.9819267862046486
23.0,47488.0,2.7364119785651457
23.0,47551.0,1.4761854097754672
23.0,40288.0,2.2675449010717776
23.0,9661.0,2.001515625334959
23.0,475.0,2.2981609145266644
23.0,2150.0,1.3847147326417169
23.0,7904.0,1.6044119455577524
23.0,19447.0,1.9695166769968286
23.0,7035.0,2.50841309799611
23.0,5575.0,1.007204465821199
23.0,4192.0,2.4817078661827274
23.0,4607.0,2.1063545715640126
23.0,2802.0,2.272403944103985
23.0,19786.0,2.702187473876243
23.0,26799.0,2.2204985555524552
23.0,27442.0,2.48821470215234
23.0,27574.0,2.0312357008211226
23.0,27717.0,1.940777668021378
23.0,27675.0,2.041452012408152
23.0,22234.0,1.0954305144967222
23.0,23142.0,2.5891618412936355
23.0,23848.0,1.8939492289339037
23.0,23913.0,1.0387487906770618
23.0,35779.0,2.1593116590100925
23.0,31862.0,2.2859577899306514
23.0,28844.0,1.6768075467636558
23.0,30337.0,2.0375623953196205
23.0,31084.0,2.222269467771876
23.0,31848.0,2.1055052720977567
23.0,15314.0,2.5992786292733028
23.0,15734.0,2.556117688209911
23.0,15903.0,1.8983603298921754
23.0,15911.0,2.3996041875993903
23.0,15928.0,1.0011586970215467
23.0,16007.0,1.0874762509900573
23.0,14097.0,2.7061350999466054
23.0,14107.0,1.3064207448360288
23.0,14280.0,1.2904809886900745
23.0,14325.0,1.2228378957245407
23.0,14367.0,1.542947010255358
23.0,14381.0,1.6558678305637606
23.0,35981.0,2.6576738109578684
23.0,19236.0,1.7572895918399118
23.0,19924.0,2.37963631785097
23.0,20255.0,2.1796064021911588
23.0,16270.0,1.6039979961858573
23.0,17932.0,1.8505710884091775
23.0,18489.0,1.5767763261819643
23.0,18543.0,2.1812460156153275
23.0,18916.0,1.9012681843810908
23.0,47786.0,2.559569752652854
23.0,49702.0,1.8584298871320433
23.0,49771.0,2.4727142233760735
23.0,50040.0,1.8908783392767818
23.0,4448.0,1.6158965884765981
23.0,47675.0,2.4266320639126384
23.0,39717.0,1.3456541442553231
23.0,39980.0,2.1336665094045095
23.0,42489.0,1.1910354536921874
23.0,44884.0,2.9595800415549203
23.0,44800.0,2.6221011588909695
23.0,44592.0,2.338170838642495
23.0,42920.0,2.573199472576597
23.0,43087.0,1.3087763839462208
23.0,2694.0,1.4165795820106828
23.0,3465.0,1.2233431803067008
23.0,3542.0,1.1741681606716177
23.0,2402.0,2.595138232171538
23.0,4787.0,2.1421512509518
23.0,4978.0,2.512802963967204
23.0,5238.0,2.0910201327483087
23.0,4582.0,1.1013502467173713
23.0,4566.0,2.5058380468463453
23.0,4502.0,2.611229671623443
23.0,5343.0,2.5668161744011164
23.0,9504.0,1.8675045953957035
23.0,9981.0,2.7642318134013246
23.0,8471.0,2.6795072804492506
23.0,8493.0,1.1259288434233101
23.0,8501.0,2.2193370498481397
23.0,8614.0,1.347994888954478
23.0,8686.0,1.8037506178009104
23.0,10038.0,1.903854738123197
23.0,10915.0,2.5931344550079913
23.0,11054.0,2.1143456794808135
23.0,12507.0,2.7443581444877294
23.0,13900.0,2.7479868082784513
23.0,13915.0,2.968652527501532
23.0,10080.0,2.9495141382913745
23.0,10154.0,1.3547519001205854
23.0,10211.0,1.0349639976916982
23.0,10435.0,1.981152048076513
23.0,8217.0,2.218542486965397
23.0,6493.0,1.1754813619354327
23.0,6553.0,1.8318568669202908
23.0,6561.0,2.355922777722821
23.0,6643.0,2.647697548032237
23.0,6648.0,1.9378823851268498
23.0,6723.0,1.022587819486326
23.0,6745.0,2.6934339106487153
23.0,6769.0,1.6251510835469711
23.0,6847.0,2.752499172130121
23.0,5711.0,1.3276258865430581
23.0,5912.0,1.830513483197814
23.0,6024.0,2.6184759291693025
23.0,6208.0,1.6109926649711925
23.0,6275.0,1.7641356439417604
23.0,7857.0,2.012724455926909
23.0,7044.0,2.4328955600316453
23.0,7092.0,2.496273077378312
23.0,2693.0,1.0254018248269268
24.0,18.0,2.935372742656788
24.0,1678.0,1.372115823987396
24.0,956.0,1.8741126376190895
24.0,5373.0,2.5024901560671555
24.0,643.0,2.345346165881533
34.0,4398.0,2.013958082020406
34.0,475.0,1.630506896004735
34.0,1255.0,1.227747474317348
34.0,32.0,2.3432495799755104
34.0,950.0,1.275903619927263
34.0,12.0,1.6225709942114241
34.0,210.0,2.888882935933683
34.0,297.0,1.7850675399624552
34.0,514.0,1.721049939855229
34.0,1540.0,1.9267727821590712
35.0,9830.0,2.244013949058047
35.0,17313.0,2.254851010138042
35.0,18392.0,1.6428696598324581
15.0,361.0,2.596818257811414
11.0,6377.0,2.7622010046163945
5.0,50205.0,1.9646899850659427
5.0,6664.0,1.3675543302260027
5.0,44947.0,1.2845228736151928
5.0,40107.0,1.12063549158475
5.0,231.0,2.6355002804557155
5.0,2667.0,1.4256148822238097
5.0,256.0,2.430516932567231
5.0,1700.0,1.3087862050506327
5.0,1355.0,2.9219176099814694
5.0,1276.0,2.769802482935608
5.0,6095.0,1.8976480739581305
5.0,278.0,1.521449450813785
5.0,2922.0,2.266858316840795
5.0,434.0,2.0543025326960747
5.0,218.0,1.898460780050307
5.0,14110.0,2.766790646213666
5.0,14988.0,1.2060713021910803
5.0,15819.0,2.140546690921993
5.0,19151.0,2.8591479863996594
10.0,3748.0,1.1721025767989592
10.0,262.0,2.0902713958605554
104.0,2761.0,1.4578775247842923
104.0,30796.0,1.4658851575729472
104.0,3506.0,2.339149986178984
104.0,18420.0,1.9522103796932346
104.0,2069.0,1.6226913950985895
104.0,2262.0,1.5554731330887015
104.0,23060.0,1.78260699115253
104.0,40348.0,2.8183070574691356
104.0,30862.0,2.807575559260772
104.0,30907.0,2.7407319700648434
104.0,32028.0,2.4792375589365165
104.0,33114.0,2.14922362785752
104.0,36421.0,2.752346254640941
104.0,16213.0,2.7021027768028594
104.0,20698.0,2.862107977481469
104.0,26574.0,1.2910411748347688
104.0,27364.0,2.021785191157835
104.0,38657.0,2.930431155410945
104.0,39432.0,2.2132615228575796
104.0,10574.0,2.8284528202670653
104.0,41779.0,1.1402624585890189
123.0,487.0,2.3719205964743653
123.0,535.0,1.3399263694895598
123.0,243.0,2.553658419677168
141.0,227.0,2.5713244319366044
143.0,1801.0,2.904760928626941
143.0,2975.0,2.6634678717850204
143.0,32025.0,2.3994107570724563
143.0,35263.0,2.160715658050136
114.0,260.0,2.867950654268252
106.0,41274.0,1.4069375767883912
110.0,100.0,1.131928607398991
113.0,1091.0,2.6241953294166995
96.0,10606.0,1.966350179989764
96.0,34322.0,2.43621135251692
96.0,154.0,1.8591569645174748
96.0,9193.0,1.9368975944357867
96.0,7450.0,2.792016158985774
96.0,36064.0,1.4913502197828872
96.0,956.0,1.482121920385381
96.0,2587.0,2.0688783662068735
96.0,2417.0,2.930384403133181
96.0,2540.0,1.0389573829840681
96.0,34756.0,1.1018922397942694
96.0,262.0,2.4118789238488274
96.0,25173.0,1.1608836870282964
96.0,28536.0,1.782946637191852
96.0,39742.0,2.0919244953777163
96.0,2466.0,1.4552295679084852
96.0,138.0,1.61507859292937
96.0,8490.0,2.990276701965186
96.0,8807.0,2.0553366303009164
96.0,9149.0,1.7942060134088964
96.0,8286.0,2.921455231584228
96.0,7315.0,2.2198477756331734
96.0,7413.0,2.2089179842431665
96.0,7489.0,1.3920422363376457
96.0,7272.0,1.3444791001141483
96.0,19177.0,1.7868961873668079
96.0,19312.0,2.870451033081184
96.0,19395.0,2.167193807301129
96.0,13772.0,1.7165705177568116
96.0,18415.0,1.351864978153902
96.0,1782.0,2.6731848273659304
96.0,1960.0,1.4403368397878706
96.0,1994.0,1.565157271529152
96.0,552.0,1.3918672907897462
96.0,6016.0,1.891066601188098
96.0,6325.0,2.5509777618534977
96.0,2612.0,2.252982326824365
96.0,2629.0,2.994501345047631
96.0,2649.0,2.830602238034147
96.0,5283.0,2.041440424236106
100.0,250.0,2.1783568480374678
100.0,269.0,1.4079156893218234
100.0,303.0,2.6299839159893104
100.0,3345.0,2.206386723910403
100.0,225.0,1.1230671332403326
98.0,57.0,2.087664692101063
155.0,8067.0,2.0033868009611244
80.0,4886.0,1.5189187645895779
80.0,101.0,1.6891582619103949
80.0,5366.0,2.600033617179945
80.0,2243.0,1.4781039812898147
80.0,3612.0,1.4696999455229451
82.0,41.0,1.4318332760241135
82.0,453.0,1.6731552415481887
82.0,3635.0,2.494452996239267
82.0,2839.0,2.693423767265746
82.0,1101.0,1.7742219994569441
82.0,1604.0,1.9313781950191502
82.0,1746.0,2.373154413900326
82.0,2178.0,1.9073500347177037
82.0,6355.0,1.080790055934782
82.0,5323.0,1.4049901155774573
83.0,74.0,1.6021472687432776
83.0,377.0,2.149517778580882
83.0,100.0,1.369673321327559
83.0,275.0,2.7765377410723424
83.0,23896.0,1.1545724841955145
85.0,68.0,2.079635229079533
90.0,570.0,1.0602392201194464
79.0,15336.0,2.5066271865250638
79.0,15886.0,2.621920879775211
79.0,162.0,1.6935387556521935
79.0,4630.0,1.8806915046414638
79.0,5021.0,2.4762288902000265
79.0,8929.0,2.8311080087613814
39.0,1238.0,1.702502061753319
39.0,1366.0,2.6015519127039815
39.0,6001.0,2.589150875140379
43.0,2862.0,1.3115035931016386
45.0,369.0,2.04156740294605
45.0,297.0,1.61436528842152
45.0,4840.0,1.8974866093218807
45.0,7783.0,1.4877088066584114
45.0,7953.0,1.496462983791934
78.0,315.0,2.5409937004072884
64.0,22529.0,2.2444822871438825
64.0,1976.0,2.7961409404371644
64.0,156.0,1.2765593818110372
64.0,6888.0,2.0373775523755406
48.0,59.0,2.1634103972454812
49.0,976.0,1.058250097173223
49.0,30094.0,2.5117091928914648
6656.0,18173.0,2.746659574455088
6656.0,19974.0,1.8276766519926404
6656.0,10625.0,2.3904573420419855
6656.0,9377.0,1.1137054097619405
6656.0,8157.0,2.9600817598741314
6656.0,22002.0,2.2165279378001506
6656.0,8699.0,1.6906719363933342
6656.0,9466.0,1.2184830089235377
6656.0,8377.0,1.9600820892173585
6656.0,11071.0,1.3423694258935734
6656.0,19281.0,2.3135076337726357
6656.0,23404.0,2.5130810604523592
6656.0,19027.0,2.248532345797827
6656.0,18732.0,1.3798399860295607
6656.0,16369.0,2.9310860555766105
6656.0,16400.0,1.1517710148812959
6629.0,27223.0,2.9040748219674875
6629.0,9920.0,2.8434351405666516
6629.0,15745.0,2.7735799468058544
6629.0,16829.0,2.6786492748171433
6629.0,22395.0,2.166031535400099
6629.0,17519.0,1.5796082480893883
6629.0,21907.0,1.4534146340280885
6629.0,20115.0,2.399381454282656
6629.0,18338.0,2.0083734648210703
6629.0,2141.0,1.2709201064785085
6629.0,26730.0,2.399311612206219
6629.0,30975.0,1.9826777072467443
6629.0,44348.0,2.9457557434344888
6629.0,17483.0,2.3939488574119094
6629.0,17966.0,1.561124410914817
6652.0,10469.0,2.722467505978758
6444.0,20880.0,1.6046375528162828
6507.0,43193.0,2.1293121728801117
6533.0,9029.0,1.4936813792841799
6933.0,14232.0,1.8546340811874418
6933.0,9099.0,2.696023130721602
6933.0,2168.0,2.5912940273477005
6933.0,10566.0,1.1876174021327184
6956.0,20073.0,2.5975595548822077
7000.0,9184.0,2.9423748262693685
7040.0,4771.0,2.926210039176967
7052.0,6191.0,2.0874398434325654
6862.0,9019.0,1.1736208584656742
6862.0,10768.0,1.239765392898418
6876.0,2600.0,2.3227844679451803
6876.0,9019.0,2.621841909778165
6876.0,9704.0,2.9691688991268825
7188.0,10906.0,2.8773512462683426
7188.0,19577.0,1.7844542619830521
7188.0,15768.0,1.2685410594638014
7188.0,10462.0,1.2034131864919766
7189.0,4456.0,1.9897662674964824
7202.0,14028.0,2.6326548043514393
7202.0,14848.0,1.6856852840533756
7211.0,9543.0,1.0020247753775298
7280.0,8731.0,1.5840483187117453
7280.0,23213.0,1.1417829441252734
7152.0,44245.0,2.764137519257975
7164.0,10049.0,1.609161293532305
6710.0,37081.0,2.46122904432989
6710.0,20502.0,1.4506748080125134
6710.0,36162.0,1.5897116334200052
6710.0,47679.0,1.6220082007833685
6673.0,9220.0,1.1437313567031397
6815.0,9971.0,2.952073966827582
6844.0,47906.0,2.2517012164242596
6844.0,15416.0,2.594820983277862
6794.0,8933.0,2.52323558024079
6397.0,18566.0,1.730708871871648
5337.0,18329.0,2.1938067921962183
5337.0,43742.0,1.1348442897765059
5337.0,38351.0,1.3596902622023963
5337.0,2215.0,2.3022370642659267
5337.0,13612.0,2.3758329618846523
5337.0,19126.0,2.7003734734070135
5337.0,34813.0,1.9906596843286062
5326.0,10410.0,1.8994557509821628
5186.0,28403.0,1.8992929218477603
5186.0,8682.0,1.7116159034594516
5272.0,3420.0,1.651215756389882
5278.0,25316.0,2.858817437810405
5510.0,23814.0,1.9473229860069394
5580.0,3371.0,2.2978985720971155
5617.0,7353.0,1.6580968233677418
5686.0,7486.0,1.2794318789019743
5696.0,8049.0,1.8990754873019828
5487.0,10680.0,2.030161198753368
5487.0,17547.0,2.377873339999163
5487.0,37960.0,2.058374015430698
5388.0,7093.0,2.301024678271449
5422.0,7882.0,1.325562124255457
5462.0,7160.0,2.3773731178480864
5120.0,8615.0,1.6502602663852235
5121.0,6704.0,1.0123846418086373
5125.0,50642.0,1.8614173539060592
5125.0,49979.0,1.4456378981731868
5139.0,5268.0,2.455694575121788
5142.0,12276.0,2.2891047534182465
5079.0,16175.0,2.2985816767236527
5079.0,26478.0,1.280195772058193
5079.0,34972.0,2.612327353964913
5167.0,49932.0,1.8306741938100655
5167.0,35318.0,2.889773141839462
5167.0,35904.0,2.5464508287681937
5167.0,9884.0,2.1439102268784342
5167.0,27103.0,1.8862312331233408
5167.0,32252.0,2.136231547544435
6236.0,17775.0,2.747507774534993
6254.0,49708.0,2.9168707637151563
6254.0,18668.0,1.4012401148387919
6256.0,8650.0,2.5564927322437683
6263.0,16665.0,1.8827626533638142
6268.0,8057.0,1.6605717849998063
6272.0,2112.0,2.8832631729004827
6272.0,399.0,2.8439510548300815
6308.0,41647.0,2.227109206015008
6308.0,22709.0,2.426560157874167
6308.0,48351.0,2.175121419178444
6308.0,37922.0,2.215273378996785
6308.0,38637.0,2.7286235710488826
6308.0,41004.0,1.2937508679794327
6321.0,6839.0,1.6460032699573854
6285.0,8146.0,1.589617313838843
5844.0,36638.0,1.5011074696702895
5850.0,7680.0,1.8706335684713098
5877.0,10204.0,1.4458453892071617
5885.0,7931.0,1.3889992695075313
5898.0,7668.0,1.6788842138868496
5961.0,14772.0,1.2022272593840801
5961.0,18381.0,1.415576640953014
5973.0,8056.0,1.2130457170486846
5973.0,9759.0,2.5047591532930706
5827.0,23136.0,2.058652195400878
5811.0,7666.0,2.005580558304717
5730.0,41636.0,2.416754356475451
5775.0,7267.0,2.938069347252389
5775.0,9502.0,1.263826395156849
5775.0,9554.0,2.1269982911927725
5775.0,13801.0,2.7077805936194617
6181.0,8516.0,1.2982662405437186
6185.0,5332.0,2.716935783766184
6190.0,8055.0,1.2452590825157845
6228.0,17481.0,2.280156225146821
6042.0,7589.0,1.5004869080535268
5027.0,20700.0,2.0659683170329837
5027.0,23145.0,2.222491148597914
9094.0,51914.0,1.714238134852727
9113.0,12472.0,2.293088650769068
10208.0,13581.0,1.6117409073843687
10232.0,548.0,2.425231421112276
10240.0,13578.0,2.8980739804725113
8980.0,8757.0,2.573134751501863
8980.0,13814.0,2.9524912273468096
9039.0,37119.0,1.4361180035498704
9085.0,12469.0,1.5632647227902259
10622.0,14524.0,1.3343359884184998
10630.0,9938.0,1.1232452080486806
10611.0,18727.0,2.3430156576017525
10516.0,11249.0,1.6787922221498328
10570.0,13907.0,1.0929681401951437
8755.0,12438.0,1.540811923691431
8755.0,22815.0,2.026288944823767
8755.0,14263.0,1.9091724058335582
8755.0,28122.0,2.7408009136985227
8755.0,15483.0,1.9343997237235253
8755.0,14280.0,2.1247042770166935
8755.0,7353.0,2.6186840174468307
8755.0,16228.0,1.690089556413212
8755.0,14680.0,1.6234854589480683
8755.0,32613.0,2.432707766822268
8755.0,20211.0,2.4913146436249094
8755.0,23304.0,1.9041964641502511
8755.0,26841.0,1.99871189333304
8755.0,13874.0,2.3665904479095854
8755.0,14343.0,2.7364550440998774
8755.0,14454.0,1.9484243333275866
8755.0,11207.0,2.8682271247105335
8755.0,13785.0,1.8343191618414345
8755.0,13807.0,2.063264646216618
8755.0,14026.0,1.5491602901335066
8755.0,17189.0,1.4510216544405654
8755.0,17392.0,2.35357658018511
8755.0,18660.0,1.1320213810492548
8755.0,11075.0,2.3154437307291893
8858.0,11187.0,2.2304585224764324
8865.0,40096.0,2.5848190847949746
8865.0,46056.0,1.0286585506009651
8865.0,39295.0,2.255587671965939
8865.0,18338.0,2.6253332363809214
8865.0,39830.0,1.5809276691304048
8883.0,49721.0,2.459084058076738
8930.0,19994.0,2.5124988168640128
11387.0,19092.0,1.4924404779038916
11387.0,28376.0,2.0022916389481713
11400.0,11187.0,2.8227661619593083
11430.0,15086.0,2.3448563264043747
11430.0,16265.0,2.843765080044024
11374.0,14881.0,2.305931824245646
11209.0,30469.0,1.1004616649181251
11209.0,641.0,2.7973267074754444
11209.0,22544.0,1.843055769499444
11209.0,38909.0,1.4895340207216803
11209.0,15167.0,1.5788520838472344
11209.0,16010.0,2.7315051831411754
11209.0,18246.0,2.140680591179877
11209.0,14639.0,2.35603059754404
11209.0,6577.0,2.8352450994902156
11313.0,14837.0,2.93029259814885
11384.0,3737.0,2.9123033988557614
11643.0,1059.0,1.4616326485990614
11643.0,40967.0,2.11838869807615
11643.0,31908.0,2.841929826078434
11657.0,7341.0,2.586061845499095
11515.0,1586.0,1.919981375813041
11551.0,14983.0,1.2868352640668548
11577.0,15055.0,2.1959293049698942
11591.0,41240.0,2.174567418508346
11616.0,50551.0,1.0573526549481722
10784.0,9228.0,2.804185085106684
10966.0,23750.0,2.2016572419887757
10996.0,9316.0,2.3721890865494313
10996.0,17229.0,2.548614615418645
11077.0,14562.0,2.9409277741423825
11084.0,907.0,2.331337436667827
11089.0,14301.0,1.1347226256751473
11136.0,10540.0,2.1109034038542878
11147.0,14645.0,2.295492526150455
11169.0,6686.0,2.792761692157095
8163.0,10909.0,2.3276882985552536
8163.0,2282.0,1.0917483182550267
8163.0,10737.0,1.022506010357759
8163.0,3465.0,1.713008196377277
8188.0,17446.0,1.2111398548261736
8188.0,34220.0,1.3606425863041043
8188.0,15235.0,1.744150901313007
8188.0,14983.0,1.7829851691758538
8188.0,19212.0,1.0230095312876661
8188.0,23877.0,1.7978222741016365
8081.0,22173.0,1.0209054606406014
8076.0,7531.0,1.6536316232653827
7922.0,8630.0,2.729652775015695
7927.0,8630.0,1.3712810342778508
7992.0,10274.0,2.4708369677011532
7998.0,14958.0,2.728124120377821
7998.0,15838.0,1.1313983634603324
7998.0,18012.0,2.302814274274921
8014.0,2.0,1.1520121879516898
8040.0,10302.0,2.1604527042914885
8256.0,48201.0,2.9425496252786845
8380.0,15034.0,1.1461513564316301
8380.0,7011.0,1.6604781016706467
8380.0,10692.0,1.8492455871544977
8211.0,10408.0,2.2094230178059453
8192.0,36965.0,1.735001373179754
8192.0,36480.0,1.5466573426090617
7450.0,10159.0,1.0067379130264955
7450.0,6166.0,1.4866514512973967
7496.0,9849.0,1.9061021047935387
7505.0,4290.0,1.115893338503613
7550.0,9832.0,2.486294575754557
7569.0,9981.0,1.561119588834199
7569.0,10425.0,1.6621282685372865
7569.0,12491.0,2.454270390669467
7569.0,16416.0,2.4679142630723843
7395.0,9788.0,2.194539933913018
7395.0,10003.0,2.011580917882392
7302.0,9585.0,2.6087246827440316
7329.0,9139.0,1.3296557641070537
7336.0,805.0,1.3498180305366514
7336.0,8373.0,1.1075451765397304
7336.0,9609.0,2.250853707495212
7387.0,18950.0,2.5739443121775056
7387.0,9422.0,2.6729970730428603
7387.0,19211.0,1.5044683645737684
7772.0,9956.0,1.866720507579561
7646.0,15351.0,2.5312317923974184
7654.0,402.0,2.621711260731211
7654.0,23479.0,1.3618784200981942
8436.0,50094.0,2.5403412824919602
8436.0,11255.0,2.229498325419654
8436.0,17655.0,1.5627194152466826
8497.0,11024.0,1.2462251145583363
8385.0,7083.0,1.7364347466548815
8691.0,19830.0,2.296600720400342
8691.0,13652.0,1.4052298952011881
8691.0,14247.0,2.81679519746325
8691.0,13972.0,2.1384030069538005
8725.0,8420.0,2.0534872868722562
8532.0,17057.0,1.8933689543921655
8532.0,2215.0,2.128915485920514
8532.0,15361.0,1.5604027579317017
8690.0,11034.0,1.059814765187112
8690.0,14540.0,2.5502852216413743
5005.0,8771.0,2.5474260027040976
2703.0,1456.0,2.2277584979951888
2703.0,17811.0,1.2895186088756196
2703.0,36178.0,1.4480237065875008
2703.0,16742.0,2.335669086711601
2703.0,16920.0,2.307857935509629
2703.0,6572.0,2.84240357276377
2703.0,16414.0,1.4714428222579736
2703.0,17451.0,1.8700065974596731
2703.0,10301.0,1.4740617963956277
2703.0,22809.0,1.638837170346134
2703.0,26627.0,1.5510899547206778
2703.0,41562.0,1.1271437649582052
2703.0,38520.0,1.4980504109590456
2703.0,27329.0,1.8981438541355802
2703.0,4320.0,2.4590892911220728
2703.0,3616.0,1.6013020964767355
2703.0,17723.0,2.391419743947294
2703.0,4421.0,1.3673142037976143
2703.0,4796.0,2.1937392084769067
2703.0,23877.0,2.130551688288227
2703.0,14984.0,2.455230951504717
2703.0,18708.0,1.2451579986042496
2703.0,18824.0,2.7226546488385583
2703.0,18833.0,1.2463760945284055
2703.0,22015.0,2.7466071513696377
2703.0,18280.0,1.5380465581995597
2703.0,17572.0,1.910931770865635
2703.0,17610.0,1.6078117229117446
2703.0,18004.0,2.934362633407652
2703.0,18199.0,2.1869046719851264
2703.0,23731.0,1.8299529453336723
2703.0,24005.0,2.84126657766432
2703.0,24050.0,2.2910402063755084
2703.0,22862.0,2.7211288424453546
2703.0,23083.0,1.3240898230181435
2703.0,23108.0,1.6793901566564822
2703.0,23216.0,2.656621982273626
2703.0,23326.0,2.423623163184626
2703.0,23358.0,2.7067035788172897
2703.0,17501.0,2.677132097728842
2703.0,17461.0,1.6095714862725672
2703.0,3201.0,1.0321608424447273
2703.0,12513.0,1.7634824994324703
2703.0,14626.0,2.9803921460336538
2703.0,15252.0,1.7937531868160106
2703.0,4434.0,2.8557943527146628
2703.0,8306.0,2.8602956578103447
2703.0,35364.0,2.63242966997643
2703.0,26724.0,2.375168725039119
2703.0,26968.0,2.851052820921632
2703.0,17881.0,2.884385403490649
2603.0,7188.0,1.725467258237218
2603.0,9609.0,2.940337211911774
2603.0,17054.0,1.681181213973748
2603.0,9273.0,2.9918580684039395
2603.0,10985.0,1.339687708807825
2637.0,5719.0,2.798539849891936
2697.0,3821.0,2.072691316449281
2995.0,3433.0,1.691076811907585
3068.0,5691.0,2.6590902512559573
3068.0,3550.0,1.613038240286554
2974.0,4221.0,2.887010215854249
2857.0,3348.0,2.6606977375533356
2867.0,3371.0,1.91343613200842
2893.0,3383.0,2.5617666608026184
2944.0,3433.0,2.2410274100535537
2954.0,3433.0,1.8827335990818572
2958.0,3000.0,1.8677810143443763
3126.0,8146.0,2.8158903266501207
3126.0,10579.0,2.7388574464763087
3126.0,7765.0,1.1651685608582625
3126.0,8154.0,1.4658560395416416
3126.0,5337.0,2.025010040509101
3126.0,10183.0,2.418150835875756
3126.0,3058.0,2.9352887574787268
3114.0,4845.0,1.930824975944609
3114.0,4597.0,1.7106867979262563
3114.0,3070.0,2.36780102032301
2722.0,3150.0,2.304033530336232
2722.0,1570.0,2.1367118274355925
2722.0,3235.0,2.9953486959498217
2722.0,4087.0,2.139911621103865
2828.0,35536.0,2.8333136195214497
2828.0,48450.0,2.3860570817414635
2828.0,27634.0,2.9315340764043123
2828.0,34403.0,1.0574027392110994
2033.0,19298.0,2.182382336925195
2033.0,27394.0,1.8641278894960573
2033.0,8771.0,2.8468146017892124
2033.0,8467.0,1.3096521101226024
2033.0,9937.0,2.865986821033949
2033.0,14299.0,2.9872721251577543
2033.0,23358.0,1.5826338452644577
2033.0,10224.0,1.332081031307853
2033.0,23306.0,1.7261673557512565
2033.0,14504.0,1.6227726928783093
2027.0,5264.0,2.2806865658167563
2027.0,4816.0,1.381611877655344
2027.0,19665.0,1.4012126795772737
2067.0,1056.0,1.7298230875594092
2080.0,42662.0,1.4583545031469902
2087.0,3049.0,1.4484385707620686
2111.0,2507.0,2.069420303798955
2114.0,8560.0,2.356012275942693
2011.0,2314.0,1.5151059064521286
1993.0,16414.0,2.6855681027261356
1791.0,1507.0,2.0519516088681744
1792.0,598.0,2.1209706430065367
1792.0,3117.0,2.524655782514232
1762.0,2361.0,1.3911058720028697
1781.0,4828.0,1.4782117180605905
1781.0,6134.0,1.3285964163624164
1898.0,2074.0,2.19307520020267
1941.0,1823.0,1.2442736250927657
1941.0,2456.0,2.1488248402908794
1808.0,2024.0,2.6715462149768365
1835.0,2561.0,2.200927851004413
1835.0,15809.0,2.9746645145940533
2158.0,10696.0,2.9754166315868806
2158.0,3111.0,2.126439175181821
2158.0,5421.0,2.797903597567392
2158.0,9470.0,2.935255390089613
2158.0,10132.0,1.9330560279869196
2433.0,4709.0,2.085490801124384
2440.0,2929.0,1.4813084277993618
2459.0,4381.0,1.1532115758197206
2459.0,4551.0,2.3303480739747897
2459.0,5199.0,1.030056632659891
2459.0,2482.0,1.8651612596580076
2459.0,4484.0,1.3485358760602517
2417.0,16071.0,1.3838125002723975
2382.0,5210.0,2.1238326240524277
2382.0,4989.0,1.4345395769321077
2383.0,8242.0,2.1391283755459582
2408.0,4245.0,2.5773210435579044
2411.0,39573.0,2.9882247881959643
2411.0,40107.0,1.7802043129674634
2465.0,1915.0,2.191839688777888
2464.0,5431.0,2.094008063315303
2209.0,5998.0,2.6196653026225816
2224.0,6080.0,2.121427366829508
2280.0,8067.0,2.4326157810865725
2280.0,3058.0,1.727210231864098
2280.0,2796.0,2.918419203376037
2280.0,2886.0,2.450334349771417
2280.0,3016.0,1.594848080946389
2280.0,20654.0,2.108630462548968
2280.0,25330.0,1.6206899147034455
2280.0,10618.0,2.468966221928778
2280.0,3603.0,1.3635585358677043
2280.0,9984.0,2.836062881007159
2192.0,9044.0,2.560599524349391
2177.0,3498.0,2.6406539162966283
2287.0,2799.0,2.16406398351132
2356.0,2779.0,2.1396557802833076
3943.0,14123.0,2.1358827203868382
3943.0,10041.0,2.140191170564205
3943.0,6574.0,2.247281410962289
3943.0,42163.0,2.094830099280598
3943.0,7556.0,1.6109015205563806
3943.0,32400.0,1.2626806303337124
3943.0,2241.0,1.1398495171122178
3943.0,3665.0,2.0716121150307094
3943.0,7782.0,1.4628516334526078
3943.0,8197.0,2.938819710654784
3943.0,8440.0,1.75575912174856
3943.0,6996.0,1.1042786265679307
3943.0,6620.0,2.361798241197511
3943.0,20159.0,1.4047827562362147
3943.0,20703.0,1.5071993005624147
3943.0,10112.0,1.171855163734916
3943.0,12327.0,1.5724434038253068
3943.0,8107.0,1.7877467209064775
3943.0,6673.0,1.6058431514902558
3943.0,4838.0,1.9991460321109364
3943.0,5951.0,1.5752940738540495
3943.0,6434.0,2.3934987448730034
4020.0,20180.0,1.411811181960922
4020.0,6828.0,1.9196184547511406
4020.0,20753.0,1.5271645242978906
4020.0,34542.0,1.8204539155424297
4020.0,3487.0,1.166067438993891
4020.0,9214.0,2.5856012021397383
4020.0,9700.0,1.8157130235282395
4047.0,3429.0,1.6748026575051091
4060.0,8912.0,1.7330176944215365
4082.0,4847.0,1.8679001822134877
3926.0,3389.0,1.409977958376173
3926.0,5523.0,2.624397225571342
3835.0,41361.0,2.0835959380303093
3835.0,50771.0,1.1560735022375623
3835.0,15278.0,2.9686444749727268
3835.0,15386.0,2.8043786815085863
3835.0,38520.0,2.1651401451457435
3835.0,805.0,2.4522496131553346
3835.0,27785.0,1.7400383597924898
3835.0,31751.0,1.175434006938694
3835.0,44387.0,2.532874020577031
3838.0,4886.0,1.1455120398103422
3840.0,4845.0,1.1726086655480885
4092.0,510.0,2.3359669102342586
4092.0,5722.0,2.6588279990746386
4092.0,7247.0,2.1605154799547575
4092.0,12450.0,2.8519282530713417
4092.0,13604.0,1.5023528178210903
4092.0,5756.0,1.187546567655844
4092.0,4120.0,2.2931385158421556
4092.0,10919.0,2.8900041331002786
4092.0,23721.0,2.896842715757418
4670.0,10664.0,1.573946494026571
4795.0,18423.0,1.9776186291160707
4795.0,31325.0,1.2149579202012637
4795.0,5916.0,1.6205681869490567
4795.0,16093.0,1.5172051817581496
4795.0,17497.0,1.473755642649624
4795.0,18137.0,2.3439003346723624
4566.0,14886.0,2.239492706372206
4566.0,15402.0,2.3955740011663176
4566.0,5871.0,1.5194116220816283
4573.0,5865.0,2.169090792243443
4616.0,6029.0,2.7740432791313383
4859.0,6264.0,1.5105271113127638
4873.0,6272.0,2.8626734694268547
4887.0,16672.0,1.0472371193970584
4889.0,6297.0,2.558549135647744
4903.0,4765.0,1.3646727680670676
4910.0,8535.0,2.7696879316139853
4910.0,8442.0,1.054057910495201
4930.0,6363.0,2.524501941092868
4855.0,8380.0,2.4263679784619896
4527.0,5465.0,1.5983167694857796
4146.0,17209.0,2.650994087471697
4146.0,22329.0,2.8620458890112
4199.0,5426.0,2.8749948711354096
4226.0,5461.0,2.834402729087997
4263.0,5499.0,1.2082227643005383
4278.0,5861.0,1.726993883165649
4278.0,5504.0,2.6743714221412933
4129.0,5413.0,1.6065753094428397
4301.0,23889.0,2.837892040102748
3451.0,37851.0,1.6860581977969156
3451.0,5920.0,1.987785748061899
3451.0,16401.0,1.627168338366618
3451.0,8437.0,1.8137601148293399
3458.0,35888.0,1.9308746438574886
3458.0,34482.0,1.4266577030249197
3337.0,4263.0,2.7509598115301572
3343.0,13584.0,2.4881894480134035
3398.0,52110.0,1.9417884765698825
3575.0,41685.0,1.9158485824800366
3575.0,42787.0,2.9000865751174105
3606.0,3122.0,1.0647104248418298
3606.0,9267.0,2.2452630944600287
3480.0,8316.0,1.0621538607921421
3499.0,4105.0,2.9726263084506517
3508.0,5300.0,2.8441358602793003
3178.0,44883.0,2.18416101480798
3178.0,49844.0,2.8285309131184357
3178.0,40562.0,1.5339803468889377
3178.0,50647.0,2.634473012021551
3178.0,41191.0,1.2080390098895217
3178.0,43096.0,2.045128021619436
3178.0,44331.0,1.5843309121937046
3178.0,44925.0,1.899645076777744
3181.0,3637.0,1.0909882614779727
3194.0,4265.0,2.8291973505766146
3194.0,3235.0,2.5020874331586263
3194.0,3831.0,1.9193000376317786
3206.0,3777.0,1.6974431797997351
3211.0,6905.0,2.339490461254443
3312.0,2560.0,2.3823776515273427
3312.0,1091.0,1.7417506765677744
3312.0,4037.0,2.4417703756072315
3252.0,1955.0,2.456749401480163
3288.0,3074.0,1.4212782395259977
3790.0,15791.0,1.0343540755496092
3790.0,4501.0,1.4253426308639134
3790.0,22002.0,1.9604234106294012
3790.0,9971.0,1.7406224575659892
3790.0,30094.0,1.0704062337481066
3790.0,8635.0,2.385191451938429
3790.0,7680.0,2.562756059628307
3790.0,17572.0,1.1048610562104537
3790.0,9278.0,2.0388914777407705
3790.0,5226.0,2.0512232405500868
3790.0,10183.0,1.764902909724485
3790.0,5622.0,1.350594804740339
3790.0,14856.0,1.6231927088021698
3790.0,10587.0,1.2843744971005338
3790.0,22579.0,1.9157571920697323
3790.0,26876.0,1.0310362723008086
3790.0,4753.0,2.3671344749444843
3790.0,5274.0,2.4559724175947886
3790.0,7797.0,2.082674234702732
3790.0,6353.0,1.771800280283508
3668.0,20304.0,1.7314954810877214
3789.0,4740.0,2.928957358389286
3677.0,45431.0,1.3843023813419009
3704.0,7670.0,1.1410625841774342
3727.0,4681.0,2.9413939753116827
3768.0,3360.0,2.214514531830814
3776.0,965.0,1.2892445169513864
10939.0,1244.0,1.4562662303099383
26157.0,27352.0,2.7347138532069666
