4.0,96.0,2.118525708904966
4.0,2560.0,2.697359102557831
25579.0,5003.0,1.3759049383199664
25579.0,7652.0,1.1283391662051068
25579.0,8841.0,2.921708459070558
25579.0,8904.0,2.5250323645277444
25579.0,9158.0,1.6329866758960898
25579.0,4398.0,1.9101149257429977
25579.0,773.0,2.702658846589454
25579.0,1367.0,2.750583893344802
25579.0,2093.0,2.4890199720122816
25579.0,2274.0,1.921251640206473
25579.0,2968.0,2.0998859625906494
25579.0,3803.0,1.9163427065947807
25579.0,9964.0,2.10696704913105
25579.0,12342.0,1.5573569721955336
25579.0,12373.0,1.7467308156182246
25579.0,13822.0,2.632167846562078
25579.0,14841.0,1.8012721264351428
25579.0,32076.0,2.1912574699586225
25579.0,32323.0,1.6856937458572951
25579.0,31567.0,2.631812493073728
25579.0,31608.0,2.12260359261637
25579.0,31708.0,1.8851363975410955
25579.0,31967.0,1.0911965313579388
25579.0,32015.0,1.8097355196715497
25579.0,31485.0,2.835900432157852
25579.0,32694.0,2.760030053390063
25579.0,34693.0,2.8518666854758337
25579.0,34704.0,1.8836855437516822
25579.0,34743.0,2.5820682254577187
25579.0,34749.0,1.2900769467318014
25579.0,35190.0,2.6200707908387244
25579.0,35334.0,1.2756480457570363
25579.0,35365.0,1.4765587973771628
25579.0,35424.0,1.3924311788130932
25579.0,34644.0,2.305564209558945
25579.0,34322.0,1.5635108457724831
25579.0,27530.0,1.6734591751825894
25579.0,27779.0,1.5997655310342613
25579.0,27794.0,1.6717656455045966
25579.0,27982.0,1.4280704062104124
25579.0,27082.0,1.0116065677279438
25579.0,22208.0,1.830806935354556
25579.0,23395.0,2.6873058287389586
25579.0,23757.0,1.404765146023442
25579.0,23868.0,1.259634864554485
25579.0,26712.0,2.315361203853092
25579.0,31402.0,1.5921392102742709
25579.0,30816.0,1.9467896258198207
25579.0,30873.0,1.1897516203123715
25579.0,30929.0,1.0838005182011123
25579.0,31026.0,1.256649513736252
25579.0,31206.0,2.3160074351886077
25579.0,30078.0,1.7354318182884496
25579.0,30031.0,1.0970022325327193
25579.0,28927.0,1.343819372016321
25579.0,28350.0,2.6403466353142306
25579.0,28382.0,1.8261085032399402
25579.0,28710.0,1.5712437368027683
25579.0,28858.0,2.0286759094758136
25579.0,35569.0,2.1111285192829543
25579.0,40820.0,1.1423285980460474
25579.0,35637.0,2.3435730482041772
25579.0,37524.0,2.5858640798538817
25579.0,37709.0,2.741043749206468
25579.0,36224.0,1.9977340202118683
25579.0,36251.0,1.2266906509543933
25579.0,37276.0,1.0253405487296159
25579.0,38749.0,2.363257660037231
25579.0,39512.0,2.8296188246197502
25579.0,35624.0,2.218394591728895
25579.0,37757.0,1.1378213078738186
25579.0,37811.0,2.624391085134252
25579.0,37916.0,2.36770296515728
25579.0,38460.0,1.1591547703699385
25579.0,38606.0,2.805756980771096
25579.0,38283.0,1.6088887795932743
25579.0,37198.0,2.451155191376695
25579.0,37286.0,2.972399614288763
25579.0,37440.0,2.2422506259753088
25579.0,37603.0,2.429553559616993
25579.0,37666.0,2.6767864213559
25579.0,39648.0,2.9756131681632843
25579.0,39770.0,2.9394727545019492
25579.0,39420.0,2.628789209257329
25579.0,38775.0,1.5867275725752616
25579.0,38921.0,1.9163559291338257
25579.0,39025.0,1.5397695737408743
25579.0,39063.0,2.557361622515103
25579.0,39075.0,2.9417948979209756
25579.0,39429.0,2.3658396442050007
25579.0,37179.0,1.5868012460433376
25579.0,36074.0,2.0322528072189208
25579.0,36170.0,1.777137056118631
25579.0,35968.0,2.893700141612368
25579.0,35711.0,2.1706864899427565
25579.0,35791.0,1.522447797243248
25579.0,35800.0,1.399649269420118
25579.0,35848.0,2.051129528809733
25579.0,35930.0,1.850271761990058
25579.0,36282.0,2.8712607677095305
25579.0,36837.0,1.2620291980738563
25579.0,36957.0,2.6055439748262432
25579.0,37068.0,2.917283186282772
25579.0,37108.0,1.1360718164952759
25579.0,37129.0,2.7362416275950032
25579.0,36327.0,1.698478426636268
25579.0,36355.0,1.061260029151242
25579.0,36453.0,1.511111633584241
25579.0,36513.0,1.2095480453985556
25579.0,36548.0,2.63941638858845
25579.0,36635.0,2.8008092818912997
25579.0,49875.0,1.4961966738519714
25579.0,50540.0,2.6391486086262863
25579.0,48063.0,2.901777655167761
25579.0,45622.0,1.6658619639121373
25579.0,45834.0,2.4840838795040736
25579.0,45977.0,2.726874537128147
25579.0,47202.0,2.553302908671234
25579.0,47374.0,2.047250976235942
25579.0,47805.0,2.76137818731429
25579.0,45317.0,1.213259826445293
25579.0,42192.0,1.8315889905785716
25579.0,42259.0,2.874073264174218
25579.0,42352.0,1.552693218452127
25579.0,42363.0,2.4407107261575907
25579.0,42416.0,1.8665459749693394
25579.0,41832.0,1.8359368667270446
25579.0,41763.0,1.1850303802320565
25579.0,40602.0,2.298383960637693
25579.0,40725.0,2.655060536582031
25579.0,40875.0,2.736336927246627
25579.0,40881.0,1.7091068811741474
25579.0,40925.0,2.936773029539221
25579.0,41014.0,1.3091676808631858
25579.0,41494.0,1.7450429777230179
25579.0,41736.0,1.3866297674091008
25579.0,42440.0,2.227894607900075
25579.0,43672.0,1.3275472082340973
25579.0,44154.0,2.8115216389775517
25579.0,44365.0,1.337277930247465
25579.0,44901.0,2.8473564709712704
25579.0,45002.0,2.1811779822497153
25579.0,42997.0,2.308059920147022
25579.0,43036.0,1.3364200024886248
25579.0,43274.0,2.067478937332944
25579.0,45363.0,1.8574974823744461
25375.0,41968.0,2.0903931225973773
25394.0,26590.0,2.2643615454445527
25398.0,48525.0,1.876033406520727
25415.0,4956.0,1.1734309257174054
25415.0,6923.0,2.5952843335167977
25415.0,36176.0,1.030180525742739
25415.0,44255.0,1.8730512734322233
25415.0,44319.0,1.6461693255346752
25415.0,45694.0,1.33864119884712
25415.0,45929.0,1.9279762079846832
25415.0,43496.0,2.5485475796680443
25415.0,37593.0,2.5015910057577226
25415.0,38250.0,1.234397246477148
25415.0,39334.0,2.3306209514920306
25415.0,39437.0,2.006894125522143
25415.0,41842.0,1.0037379195706413
25120.0,27223.0,1.523525316416237
25153.0,26486.0,2.3858720630666497
25206.0,40275.0,2.9789677268742416
25220.0,32418.0,1.7047724240069286
25281.0,26918.0,1.784191850363553
25359.0,28279.0,1.9519639551105838
25425.0,16419.0,1.0510895474508164
22400.0,23681.0,2.443357067668482
22400.0,23449.0,2.4882002760832007
22504.0,18951.0,1.3945689561423562
22504.0,32951.0,1.44016222050784
22504.0,32957.0,1.9604138819511514
22504.0,45589.0,1.875513366589915
22385.0,43150.0,2.06427906939457
22385.0,32719.0,2.357302616134484
22367.0,16234.0,1.8547377205452187
22367.0,14090.0,2.537785280111953
22367.0,50294.0,1.2835267948532658
22367.0,52191.0,2.027657316303285
22367.0,48395.0,2.266950920129422
22367.0,36029.0,2.033472921243622
22367.0,36594.0,1.494130165150992
22367.0,37266.0,1.7719803747077307
22367.0,38290.0,2.158805103162128
22367.0,38491.0,2.1012389988731157
22367.0,39802.0,1.8514104787697752
22367.0,35783.0,1.2059419376009402
22367.0,35608.0,1.345848867401253
22367.0,34236.0,2.5949987484308594
22367.0,34262.0,2.998098832069605
22367.0,34825.0,1.5760279543598419
22367.0,34846.0,2.5449979264752676
22367.0,35153.0,1.1331022514234608
22367.0,35431.0,2.0110122425706027
22367.0,35739.0,1.526281191011262
22367.0,46029.0,1.6145585176215962
22367.0,47186.0,1.635786680458846
22367.0,47821.0,2.585745913193951
22367.0,47966.0,2.1780250567018395
22367.0,44662.0,2.8927711794425113
22367.0,40494.0,2.419171602960129
22367.0,40665.0,1.409393610098771
22367.0,40716.0,1.3051012328288636
22367.0,41000.0,2.0819571353537523
22367.0,41250.0,1.3207123970317312
22367.0,32357.0,1.3685745862462673
22367.0,32298.0,1.6000446448548078
22367.0,4923.0,1.4788660007126222
22367.0,27758.0,1.450166355051616
22367.0,27918.0,1.7498096410184953
22367.0,31319.0,1.5520075765309493
22367.0,31414.0,1.5178375785153264
22367.0,31949.0,2.5917682707153444
22367.0,26535.0,2.9115563957560227
22367.0,26366.0,1.2951370996098557
22367.0,7626.0,2.5719084083378023
22367.0,16122.0,2.0274507265447252
22367.0,20420.0,2.0419777122130505
22682.0,40820.0,1.9365002504473647
22682.0,44051.0,1.7480071412100087
22733.0,23743.0,2.6075871169347566
22733.0,24099.0,1.5637837931596055
22784.0,12476.0,1.3355412865189802
22806.0,26460.0,1.0158996269760157
22522.0,36926.0,1.2648745206133771
22522.0,40535.0,2.507253977583921
22522.0,40900.0,2.0824471657798522
22545.0,26370.0,1.4265601116343152
22624.0,23619.0,1.8486151344168789
22879.0,44245.0,1.7448103653035048
23274.0,25262.0,2.5106864012147803
23293.0,8520.0,1.4041605806860635
23481.0,47350.0,2.150794478179825
23506.0,44100.0,2.3652789884320766
23506.0,45993.0,2.979379327575174
23506.0,51944.0,1.136885007562151
23149.0,52155.0,2.301997104301287
23149.0,45017.0,2.663243068477731
23149.0,32459.0,1.3740458153008666
23149.0,44175.0,1.9452929480550107
23188.0,1333.0,2.3343385849940472
23188.0,44935.0,1.2286558415991171
23188.0,47933.0,1.7996693829401345
23203.0,36204.0,1.1729698435463967
23254.0,20860.0,2.640235791104783
24765.0,26416.0,1.4441470076618819
24937.0,25181.0,2.777906030151704
24966.0,23943.0,1.6227194222667405
24987.0,26671.0,2.2999761733517947
24991.0,26664.0,2.3322231273106526
23523.0,2080.0,1.9106566473648605
23554.0,39276.0,1.8525678973576511
23580.0,9701.0,2.8076882412338557
24599.0,35152.0,2.141826705581572
24645.0,43371.0,2.935113555387972
24698.0,3430.0,1.7493653791361456
23087.0,27572.0,2.5944562198475127
23087.0,28505.0,2.323485045521865
23087.0,30234.0,2.3707810124131896
23087.0,34481.0,2.713786242014581
23087.0,14232.0,2.928961592782799
23087.0,15416.0,2.614545816867947
23087.0,44318.0,2.546861314348898
23087.0,35472.0,1.5190448192351464
23087.0,40561.0,2.2701761884043
23087.0,41804.0,2.840760947806473
23087.0,41989.0,1.698787877268729
22916.0,7013.0,1.4466595258271557
22922.0,23849.0,1.953270689980306
22976.0,26494.0,1.737747518284462
22976.0,27158.0,2.03557788506598
23035.0,31388.0,1.656112831838532
23059.0,25167.0,1.2090441627038317
23067.0,23967.0,1.605617701769144
26143.0,74.0,1.2050672375523406
26297.0,10490.0,1.911271728743222
26120.0,16763.0,1.9488202799350687
26088.0,31385.0,1.9323387671100194
26046.0,23175.0,1.4219817602048277
25619.0,27726.0,2.7649471934960728
25659.0,29994.0,1.4908966023572443
25723.0,27861.0,1.2561460472378287
25847.0,20313.0,1.6741886715682532
25868.0,27392.0,1.0939883029138942
26476.0,27940.0,2.461274010537389
26648.0,30929.0,2.484600286113628
26648.0,31231.0,1.8853630553110297
26648.0,25326.0,1.4808215426739941
26648.0,8376.0,1.4705341242132055
26648.0,8886.0,2.6476449521636605
26648.0,9907.0,1.6876953424934018
26648.0,11220.0,1.353361023436856
26648.0,8048.0,1.85037272404528
26648.0,13945.0,1.634285064878314
26648.0,30972.0,2.5461552511581376
26648.0,31365.0,2.0237325793594914
26648.0,30361.0,2.7274382242894504
26648.0,30389.0,1.847275033176764
26648.0,30469.0,2.376219397417124
26648.0,30501.0,2.8072681807104694
26648.0,30507.0,1.0187649655666229
26648.0,30522.0,1.9074678766593829
26648.0,30796.0,2.509859682655727
26648.0,34463.0,1.2567442228096903
26648.0,34494.0,2.55223096919498
26648.0,34513.0,2.549244676196598
26648.0,35168.0,1.8899807641587243
26648.0,35178.0,1.2128528724914625
26648.0,35991.0,1.4471116198205884
26648.0,36017.0,1.6707082876103783
26648.0,32706.0,2.711384719365696
26648.0,31896.0,1.8504102077632556
26648.0,32209.0,1.1339402298024956
26648.0,32423.0,2.137090622399739
26648.0,32469.0,1.376732665543193
26648.0,19495.0,1.1908214161414838
26648.0,19804.0,1.9495276400933663
26648.0,21937.0,2.383089523451382
26648.0,23560.0,2.5988628120207666
26648.0,23799.0,2.6548389910692127
26648.0,18586.0,1.1121335440207065
26648.0,14178.0,2.119615686368263
26648.0,14556.0,2.7562156881498163
26648.0,18432.0,1.1456646540564541
26648.0,28787.0,1.063423095695787
26648.0,28865.0,1.522696072744359
26648.0,28909.0,1.196007424599147
26648.0,29984.0,1.8809623149407293
26648.0,30093.0,1.6579820638389984
26648.0,30133.0,2.16704666812265
26648.0,28749.0,1.0801831142663516
26648.0,27202.0,2.733364604897676
26648.0,27814.0,2.4878060995065416
26648.0,28179.0,1.6640919001118695
26648.0,28415.0,2.5820723557970666
26648.0,28601.0,1.1925705388292003
26648.0,37265.0,1.7483181056277763
26648.0,42905.0,1.4739740380776036
26536.0,38416.0,2.767060203429702
26587.0,37284.0,2.2281490995081867
25597.0,35889.0,1.484110423053864
25597.0,38760.0,2.6833624316859113
25597.0,39009.0,2.3284766168425612
25597.0,39049.0,1.3106769652948973
25597.0,39456.0,1.796748101593671
25597.0,39512.0,1.6756363523165825
25597.0,37459.0,1.5002996703497569
25597.0,37557.0,1.639856571011248
25597.0,37651.0,2.6536096007601557
25597.0,37802.0,2.5672824394429603
25597.0,38015.0,1.9311561326958329
25597.0,46171.0,2.2317739589451393
25597.0,47722.0,1.3058838604253167
25597.0,47752.0,2.044112333229104
25597.0,47839.0,2.0794959114868883
25597.0,48450.0,1.9334738018872335
25597.0,45576.0,2.0054807331337785
25597.0,45462.0,2.803172375764362
25597.0,40312.0,2.777706014724852
25597.0,41270.0,1.661542830496504
25597.0,41908.0,2.704754545976501
25597.0,42946.0,2.1909821870986272
25597.0,37385.0,1.0133206294111192
25597.0,37309.0,1.2024091104501895
25597.0,36535.0,2.729580192863846
25597.0,14190.0,2.826005508395556
25597.0,31328.0,1.6883752530468137
25597.0,31972.0,1.7655808363750023
25597.0,32149.0,2.0354615518654926
25597.0,34361.0,2.003021287400165
25597.0,36288.0,1.1433420942890702
25597.0,36330.0,1.1470630791657566
25597.0,36746.0,2.587993624038364
25597.0,36797.0,2.4993290776955472
25597.0,37221.0,2.569976220618447
25597.0,32805.0,2.838706744370092
25597.0,34863.0,1.6531392917849572
25597.0,35336.0,1.0374889129825315
25597.0,35680.0,2.087790855539472
25597.0,37329.0,1.7102600969932726
16777.0,47243.0,1.3394229897845278
16778.0,1367.0,2.1065606491583604
16852.0,22456.0,1.2217721932714547
16878.0,13910.0,2.994408360459942
16889.0,7119.0,2.6032840685001046
16894.0,28897.0,2.1035736946794112
16952.0,18943.0,2.7943341579045113
16959.0,47449.0,2.2211023562577417
16965.0,6788.0,1.1104728648364213
16965.0,18950.0,1.8292237324640943
16419.0,20473.0,2.8324042197936374
16577.0,10461.0,1.475993869655164
16672.0,14886.0,2.8405136389981305
16700.0,19915.0,2.2565590704717624
16700.0,22489.0,2.9909216514603854
16711.0,18628.0,1.8988092633101092
17218.0,19223.0,1.1278988326370611
17355.0,22068.0,1.1886836761285284
17358.0,7087.0,2.2069212764088864
17358.0,19477.0,1.6910102220656644
16968.0,13554.0,1.9528198324816886
16968.0,17608.0,2.9312710732979994
17044.0,18635.0,2.823764932936384
17062.0,19042.0,1.068105021068618
17062.0,19044.0,2.7258801089742226
17070.0,9089.0,1.427947625886834
15636.0,15538.0,1.2629749056461403
15649.0,8739.0,2.570490044508793
15936.0,16920.0,1.5553770323845462
15949.0,18173.0,1.441370544640409
15288.0,45893.0,2.4715132247438234
15288.0,44879.0,2.9377160761009797
15288.0,34888.0,1.042379326262791
15288.0,41755.0,2.310090047618674
15288.0,42400.0,2.835241663002878
15288.0,4762.0,1.3545906515901491
15288.0,17530.0,1.0179685363754605
15288.0,18573.0,2.571052768536498
15288.0,19625.0,2.0246881314154965
15288.0,19784.0,2.293541918497036
15288.0,23504.0,2.318651496164954
15288.0,44876.0,1.3098669323979781
15483.0,8420.0,2.3271355101664075
15574.0,17695.0,1.4061868600926486
15961.0,35213.0,2.690094007859779
15977.0,28672.0,1.4857169618704327
15977.0,52027.0,2.419439437130255
16282.0,20006.0,1.9580607036742332
16201.0,38383.0,2.2159648015389157
16194.0,14683.0,1.675080855026934
16003.0,5268.0,1.2488728374485891
16003.0,19813.0,1.1539805994599142
17394.0,19298.0,1.2878195412064741
17494.0,19362.0,1.6881675576108297
18322.0,5986.0,2.714684690308302
18331.0,9663.0,2.367533169464412
18335.0,18420.0,1.0635963529945347
18335.0,22170.0,2.334259750317747
18335.0,34272.0,1.1809522690984078
18008.0,25280.0,2.7666893053316635
18008.0,46071.0,2.606433896936837
18008.0,19943.0,2.246910715227849
18012.0,26947.0,1.501695269108696
18381.0,45514.0,2.118566809362563
18404.0,15282.0,2.4521641454362477
18414.0,20001.0,1.1272113251619609
18450.0,20092.0,1.2021124854910024
18519.0,6114.0,1.65987643164386
17572.0,28230.0,1.2229725632129749
17572.0,415.0,1.0231076522291478
17572.0,16490.0,2.7351910628670417
17575.0,40278.0,1.8356025980943125
17590.0,19353.0,2.0863589310169837
17748.0,19974.0,1.335016104761346
17811.0,44214.0,2.3208295453053136
17526.0,39327.0,2.4369855467106634
17546.0,20003.0,1.3526727081240302
17834.0,40207.0,1.1227480373325516
17834.0,43009.0,2.7750065378106816
17948.0,20835.0,2.2108874969814942
17960.0,19776.0,2.311137765424056
17986.0,47525.0,1.98602167181008
17914.0,41380.0,2.949417165206376
13949.0,16313.0,1.36614130409746
13967.0,16864.0,1.5234210516372932
13967.0,27390.0,2.300605292534736
13521.0,16198.0,1.9273905456067726
13630.0,4972.0,1.568494573326571
13995.0,34205.0,2.225442034949912
14160.0,16313.0,2.9143999198104904
14205.0,15004.0,1.9597917530687936
14436.0,16825.0,1.9942795732658674
14071.0,1959.0,2.2322577664156027
14002.0,8095.0,1.5425369700879712
14002.0,22241.0,2.275002479167785
14002.0,22770.0,2.8039533503476495
14008.0,16277.0,1.7975025110302698
14018.0,16479.0,2.0478306988759525
14064.0,10864.0,2.3599652201237618
14114.0,6798.0,1.0001689032129195
11957.0,25249.0,2.2479980042345433
11957.0,15238.0,1.5526918877314553
11993.0,8080.0,2.084666940554728
12033.0,15460.0,2.051053488483566
12034.0,16096.0,2.895793598952589
13133.0,1990.0,2.9008737497090173
11905.0,13652.0,1.1303275319789436
11777.0,1770.0,1.8878863640445374
11795.0,14707.0,1.7240347383461074
11798.0,1367.0,2.3721876203229546
11849.0,13798.0,1.581950344966488
11870.0,15445.0,1.927383088397425
13187.0,23513.0,2.6496996403417974
13418.0,18168.0,2.7505916037537856
13464.0,23964.0,1.2587821878063263
13464.0,26764.0,2.6223097161880693
13190.0,4409.0,2.7853841757956386
13333.0,15278.0,1.8558195990836068
13388.0,10674.0,1.3816205080685047
15099.0,17422.0,2.710165565864268
15118.0,8531.0,1.0539556298412982
15184.0,7477.0,2.4709860455651773
15184.0,50080.0,2.513796393932287
15249.0,14745.0,1.8081890862944723
15272.0,17584.0,2.75403720652129
15040.0,16414.0,1.2333652228865115
14819.0,23757.0,1.3630530727828467
14911.0,2839.0,1.2939565229816987
14912.0,8263.0,1.2309247734625275
14912.0,6180.0,1.5028105322720553
14765.0,18001.0,1.9944289572122107
14582.0,28446.0,2.5143597270058704
14582.0,7209.0,1.6766789032020482
14582.0,23964.0,2.482045320586725
14582.0,28907.0,2.27964658275212
14582.0,31055.0,2.28176338869741
14582.0,32720.0,1.2647755321431362
14582.0,34598.0,1.9353209426594302
14582.0,27965.0,1.9963980965575658
14582.0,27801.0,1.344659412168104
14582.0,25123.0,2.31883868931736
14467.0,7287.0,2.736705042619946
14508.0,13720.0,2.891308851605229
14740.0,17921.0,2.06115060909811
14740.0,19845.0,1.0216205928882243
14749.0,17156.0,2.1765275126827053
14736.0,13976.0,1.2332520340850068
14622.0,36099.0,2.857111821146587
14651.0,19679.0,1.2895335619134474
14696.0,42318.0,1.464277340431366
18544.0,21969.0,1.909076926975738
18604.0,22073.0,1.2168925793084975
18604.0,39193.0,1.8696801279126514
18604.0,26964.0,1.18851019582873
18604.0,3435.0,1.9517042811333458
18604.0,22452.0,1.9329398065517855
18604.0,22258.0,2.4604672398590894
18604.0,9193.0,2.6290906798283027
18604.0,21905.0,2.5409336411275554
18604.0,22086.0,1.1317371123459556
18604.0,22224.0,1.713532126885548
21289.0,40697.0,2.7643599028052823
21289.0,47977.0,1.9801967339377078
21289.0,50302.0,1.1969694668989657
21289.0,50324.0,2.3438471621499497
21289.0,50460.0,2.575584489544796
21289.0,50724.0,1.9278829130282404
21289.0,49877.0,1.12684138345987
21289.0,24055.0,2.2565120285846048
21289.0,49805.0,1.8233082315027658
21224.0,19668.0,1.2497527475264463
21262.0,22463.0,1.09098884400272
21297.0,48450.0,1.5928824007593358
21297.0,3348.0,2.8549940060129435
21297.0,19771.0,2.2593460933700866
21297.0,28424.0,2.9934436668418787
21297.0,48333.0,1.9053243327531373
21433.0,30753.0,1.2006083652271624
21433.0,30264.0,2.8261826022755594
21433.0,30231.0,2.7016229861947854
21433.0,26913.0,1.289024695716526
21441.0,22412.0,1.7225675536931615
21463.0,22632.0,2.856942187931521
21494.0,22684.0,2.2673325201138983
21533.0,30983.0,2.2309285823802742
21331.0,22663.0,1.908729079595783
20749.0,26782.0,2.9927042320407597
20749.0,28314.0,1.9442882583924994
20749.0,30659.0,1.1800148871490055
20749.0,31041.0,2.531878264684856
20749.0,31156.0,1.0157146829126609
20749.0,27612.0,2.097676658974433
20749.0,27822.0,2.3997622928891396
20749.0,27882.0,2.346425236449416
20749.0,27934.0,1.4220413153775535
20749.0,28135.0,2.2047882808563486
20749.0,29951.0,1.5327980397545167
20749.0,27536.0,1.7527934706847805
20749.0,6738.0,1.8918667496551127
20749.0,8135.0,2.061777460532072
20749.0,27040.0,2.4893632631568563
20749.0,27123.0,2.43224621343411
20749.0,27291.0,2.977061524263677
20749.0,27033.0,1.040113558100087
20749.0,22345.0,2.7653685360614673
20749.0,27019.0,1.8396633090785748
20749.0,22525.0,2.226067895106569
20749.0,22555.0,2.7773069949799627
20749.0,22630.0,1.1024538895547347
20749.0,22735.0,1.1390456923096708
20749.0,22958.0,1.1790172851539813
20776.0,20389.0,1.040008297378963
20816.0,5057.0,1.521609134298172
20874.0,22489.0,2.6762919401455294
21537.0,22732.0,1.1913944463878963
21074.0,22020.0,1.6635935688436687
21118.0,22606.0,1.1935496944150485
21135.0,22347.0,2.4060547463764226
21196.0,2153.0,1.8824514444507678
21196.0,26450.0,1.4508659566788993
21208.0,17409.0,2.353184894700447
21027.0,22607.0,1.8242533790980668
20901.0,22091.0,2.1549662652710095
20991.0,22890.0,1.7035181711945073
20991.0,23072.0,2.5221550328394646
21016.0,22411.0,2.905080979525069
21016.0,22464.0,2.195830625353336
21542.0,26918.0,1.6635165298938401
21543.0,25222.0,2.672555865769899
22247.0,8367.0,2.3011144011628373
22247.0,49811.0,1.6423423342449746
22247.0,44313.0,1.5575831951131613
22247.0,44354.0,1.6466079657381232
22288.0,5480.0,1.6373961192371957
22324.0,50544.0,2.1869687426755537
22324.0,52234.0,2.166467869073329
22364.0,22476.0,1.1411702538763022
22224.0,15573.0,1.1151274920003844
21826.0,37520.0,2.2937374758681806
21862.0,22785.0,1.88171698970845
21903.0,28667.0,2.8726372481132656
21907.0,38434.0,1.837874503116863
21916.0,23004.0,1.4123026132290208
21930.0,47251.0,1.0661635596892158
21768.0,23078.0,2.1569004328967925
21570.0,22730.0,2.282955660920357
21614.0,40098.0,1.1011230109967947
21714.0,26372.0,1.2003758384934553
21963.0,36950.0,2.070693584389181
21963.0,49844.0,2.1629452636121878
21963.0,32555.0,2.8090831267384386
21963.0,39300.0,2.775820080937234
21963.0,35729.0,1.6047852011164905
21963.0,36456.0,2.5569923127066376
21963.0,36883.0,2.7152736324885023
21963.0,38107.0,1.1865066363018355
21976.0,31481.0,1.7761179358895947
22010.0,23095.0,2.6389201885713627
22031.0,23111.0,2.9895436019623727
22157.0,3257.0,1.9744055137025973
22157.0,4217.0,1.5351398225194235
22188.0,32474.0,2.5888380700151723
19250.0,1304.0,2.1118231062566566
19250.0,16765.0,1.6999323224825147
19250.0,7942.0,2.486208987560791
19250.0,8742.0,1.3472604050187225
19250.0,13535.0,2.476108390654665
19250.0,14654.0,2.43732203646704
19250.0,16743.0,1.9330967083513837
19250.0,17400.0,2.75549742923448
19250.0,2970.0,1.4053911209773142
19250.0,22384.0,2.4357224037824268
19250.0,20523.0,1.568252931570617
19250.0,20767.0,2.323343580673235
19250.0,22017.0,1.9167037563710378
19250.0,22029.0,2.840355619175873
19114.0,23408.0,2.243639542682298
19169.0,20459.0,1.3748579017308522
19183.0,31989.0,2.1008442708533157
19183.0,23354.0,2.5341118316495606
19338.0,20649.0,1.6925773023526312
19346.0,33135.0,1.6452951929263904
19346.0,5109.0,2.819234105657304
19346.0,20831.0,2.1384541569646673
19346.0,27769.0,1.8161927094719532
19346.0,32174.0,1.5370132269672017
19346.0,52063.0,2.570752941394926
19085.0,20459.0,2.003529747802114
19086.0,36704.0,1.2046918568127754
18646.0,52023.0,1.1894451574705065
18646.0,44652.0,1.8442856433272166
18880.0,20304.0,1.620897826293165
18882.0,1319.0,2.932829167593346
19054.0,20645.0,1.2779945760162625
18784.0,20276.0,1.0481070975223494
18755.0,22395.0,1.3083012882902032
18704.0,20124.0,1.3505789048200831
18704.0,14028.0,2.028973440800227
18708.0,20216.0,2.1951199780233974
20701.0,37557.0,1.2444229798918507
20701.0,35451.0,2.584158944241901
20701.0,37381.0,2.322471078637368
20701.0,40117.0,2.9233536231181474
20701.0,43736.0,1.972584928471413
20701.0,14147.0,1.7691956217628064
19631.0,45130.0,1.952306351109596
20688.0,39998.0,2.144020241507705
20688.0,40585.0,2.3458631395513505
20695.0,27723.0,1.6569606928302416
20695.0,35028.0,1.1219823556411237
20695.0,38031.0,1.6348169745384948
19407.0,20767.0,1.5521072329232797
19407.0,22394.0,2.1662504055647664
19407.0,26656.0,2.077826371848244
19441.0,19762.0,1.234052471391902
19393.0,14556.0,1.3358686862821603
19504.0,20716.0,2.6976188285234635
19552.0,19744.0,2.4152663715656466
19552.0,9268.0,2.9415666167751686
19552.0,22145.0,2.8252583122778674
19552.0,20885.0,2.583316689111821
19552.0,22034.0,2.0414580222206338
19552.0,22303.0,1.1953043886212946
19552.0,22557.0,1.4752683151365518
19552.0,20588.0,1.9154292388575649
19552.0,19169.0,2.037244052592305
19552.0,20632.0,2.867792870666752
19548.0,16784.0,1.5551101043212672
11771.0,16022.0,1.1763458085472593
41728.0,47917.0,1.733692206560535
41728.0,41773.0,1.114664095904798
41728.0,19044.0,2.3356349122026003
41728.0,45380.0,1.5898352332297934
41728.0,51916.0,2.203223820811857
41728.0,40677.0,2.107754118310309
41728.0,45463.0,1.6739198127676995
41728.0,45808.0,2.917641816845374
41728.0,46097.0,2.0626113729519044
41728.0,46098.0,2.898201588363322
41728.0,47184.0,1.0456172074286494
41728.0,47282.0,1.5456566541977572
41728.0,47453.0,2.994888070914209
41728.0,44039.0,2.1803582020660666
41728.0,44267.0,1.2416813512079503
41728.0,47716.0,1.1353607222905253
41728.0,48530.0,1.7194784645689916
41728.0,48586.0,1.565215110851603
41728.0,50025.0,1.9246015744216858
41728.0,50044.0,2.860375170381725
41728.0,50047.0,2.2746250831394033
41728.0,35082.0,1.1224393996844366
41728.0,35132.0,1.0302871703453018
41728.0,40346.0,2.3045969667651525
41728.0,13551.0,1.4234514327638677
41728.0,17718.0,1.4130050595102845
41728.0,40444.0,1.605264511314085
41728.0,42255.0,1.4675369602734356
41728.0,42705.0,2.7547671617666705
41728.0,43018.0,1.0097947795233906
41728.0,40629.0,2.0848627050710857
41728.0,41372.0,1.0041186548985612
41728.0,45479.0,1.6219866679032415
41812.0,39398.0,1.591437923939373
41815.0,5611.0,1.2465797417085174
41815.0,14581.0,1.820336834925952
41815.0,47505.0,1.44829937214767
41455.0,45298.0,2.095041690914548
41486.0,19836.0,1.1138365198475897
41577.0,47854.0,2.45281540696239
41577.0,44230.0,2.123493042476947
41587.0,39235.0,1.126362922846385
43527.0,45264.0,1.9388419152081127
43563.0,41562.0,1.2794448449151168
43563.0,47560.0,1.2276000380897862
43603.0,47305.0,2.8513587184310367
43603.0,42268.0,1.0593080164214166
43603.0,40881.0,2.539919944233235
43603.0,43779.0,2.638799549950936
43603.0,40898.0,1.9309435464382463
43603.0,40983.0,1.9022691031058192
43603.0,41066.0,2.3891391066227525
43603.0,41214.0,2.7177761059968972
43603.0,41401.0,1.7111735091443747
43603.0,41422.0,2.699275588619934
43603.0,44977.0,1.763067413818774
43512.0,40431.0,1.707999172660319
43509.0,3486.0,2.843966494497492
43242.0,35190.0,2.580747186327137
43242.0,38629.0,2.7058063849704883
43268.0,42600.0,1.2511556551605783
43293.0,40270.0,2.788858982059571
43852.0,42132.0,1.6332877290038443
43898.0,20347.0,1.9882531891388617
41916.0,49969.0,1.989230725418906
41916.0,50591.0,2.23419104297569
41916.0,15609.0,1.2322781076827465
41916.0,40107.0,2.3428736461137096
41965.0,39437.0,2.109500317882442
41985.0,39495.0,2.376500747670403
42326.0,39630.0,1.5030793313785749
42348.0,765.0,1.4457533467730128
42448.0,39752.0,2.3859621277046594
41882.0,52234.0,1.2098005680854182
43058.0,40096.0,2.1176950110194097
43133.0,38529.0,1.8962324301489004
43182.0,35883.0,1.780499605698526
42661.0,27662.0,1.5017986922367055
42706.0,42515.0,2.799755857850305
42780.0,39016.0,1.8760691668133573
39204.0,37566.0,1.9893368958009892
39225.0,37613.0,1.972019245822553
39309.0,40397.0,2.889206313831465
39185.0,30147.0,1.9142193914543286
39375.0,39138.0,1.4551104269270627
39402.0,36038.0,2.3371646457547985
39100.0,43057.0,1.109088046562993
38979.0,41870.0,2.239958620638119
38979.0,26988.0,1.312146726608021
39009.0,46016.0,2.3519564456617457
39408.0,38088.0,1.2803311845783307
39592.0,52229.0,1.5762143947813376
39663.0,39149.0,1.4923032404675778
38970.0,37388.0,2.749078685891537
39459.0,42515.0,1.1464791880522898
39459.0,42169.0,1.9066173108317714
39479.0,37796.0,2.7909925754513725
38429.0,34370.0,2.069740897583692
38429.0,40672.0,1.6987895888574325
38429.0,39288.0,2.7439197084312994
38429.0,39822.0,2.0777786228109787
38429.0,40947.0,1.7767670250332237
38429.0,38871.0,1.4331680188817373
38429.0,40970.0,2.734071365230942
38429.0,25207.0,1.033196518457284
38429.0,38008.0,2.7550075833107392
38429.0,38196.0,1.8239085263117767
38429.0,38425.0,2.049382382990066
38429.0,38501.0,1.8032153504618655
38429.0,38670.0,1.3292634515745942
38429.0,41512.0,2.9652292753982943
38429.0,42354.0,1.9558445561071118
38429.0,43587.0,1.7850273531646048
38429.0,43688.0,2.2677995352175655
38403.0,50364.0,1.8101075777180993
39683.0,43198.0,2.1838218519376875
38771.0,35977.0,2.392613730029245
38786.0,37269.0,1.8899173471049133
38511.0,19022.0,1.7269347029528535
40542.0,38520.0,2.287962668005828
40775.0,38645.0,1.0978020044250565
40806.0,38951.0,2.3589473298807118
40287.0,3246.0,1.1980259354777836
40121.0,38191.0,2.0513262582155605
40122.0,47821.0,2.302296038146098
40122.0,47176.0,2.517410056901295
40122.0,45631.0,1.4000368763471678
40235.0,32926.0,2.1703568637128376
40846.0,39053.0,2.668425465744866
40846.0,4146.0,1.208988534239496
40846.0,41524.0,1.1348536346251192
41053.0,41434.0,1.9514790215281208
41194.0,14255.0,2.4211264474683185
40963.0,38423.0,1.9323428887060339
40963.0,13896.0,1.12053837353312
40916.0,42653.0,1.556729295384271
40916.0,48031.0,1.8309317454505347
40916.0,44941.0,2.8846896380123512
39975.0,38088.0,2.0054294108948363
39774.0,42495.0,2.4549787779322134
39774.0,47395.0,1.5975135377098468
39774.0,47405.0,1.978458889727081
39774.0,37989.0,1.6345087924361992
39774.0,38080.0,1.1669429934333517
39774.0,41285.0,1.175588145500488
39774.0,48399.0,2.252233073067835
39774.0,47487.0,1.0756674410274918
39774.0,47640.0,2.1363149366481684
39774.0,48245.0,2.219757246423877
39844.0,39028.0,1.2475608274722683
39853.0,38716.0,1.7045121976326005
39853.0,47605.0,1.6159987586701148
52399.0,48378.0,1.272125804261365
52399.0,45838.0,2.3861318682954957
52410.0,45249.0,1.2498760028022504
52413.0,50364.0,1.8275614343027353
52482.0,45329.0,2.5763031647718657
52503.0,45353.0,1.157187688269189
52183.0,47927.0,1.118207263234396
52183.0,45603.0,1.3336611945947447
53272.0,52134.0,2.4736582797277324
53415.0,28010.0,2.012934168146832
52703.0,45668.0,2.54352999705125
53054.0,50728.0,1.557350946439068
53054.0,51852.0,1.222466643937829
53054.0,51864.0,1.2701131770637797
52086.0,47505.0,1.1506829520319346
50189.0,1851.0,2.688797037474682
50277.0,44684.0,2.277851626044625
50315.0,44245.0,1.0287804167112584
50315.0,44551.0,2.3730600860230346
50566.0,39189.0,2.839092717649208
48453.0,40084.0,1.080188887272759
48566.0,43742.0,1.1447272359484886
48703.0,43805.0,1.8320918631374652
48813.0,22970.0,2.2324877571933444
49874.0,45993.0,1.2219075460965938
50602.0,45426.0,2.6298755398054396
50794.0,43910.0,1.2642211205061422
50830.0,231.0,1.4724954506003847
50875.0,9144.0,1.4973881047742532
50615.0,44525.0,2.5053643183328176
50680.0,14134.0,1.8721440732779804
50765.0,44687.0,1.4739788265413842
58219.0,45878.0,2.7879226110866755
58664.0,51998.0,1.0949386140165378
58675.0,15253.0,1.080601939528073
58675.0,50551.0,2.522458966653546
58675.0,35185.0,2.9934675026548385
58675.0,50500.0,2.0216402855733095
57213.0,48517.0,1.5930239169056628
57213.0,28770.0,1.1035287793277417
57250.0,48530.0,1.295186187851407
57538.0,50385.0,2.7586927575090723
57647.0,49782.0,1.3738394385581507
59737.0,52232.0,1.6393960336419575
59921.0,51973.0,1.9175433783191742
60062.0,4996.0,1.4858606645979668
60082.0,35204.0,1.7222915318961272
60322.0,52177.0,2.0762200526500694
59625.0,3571.0,2.2559789472482024
59559.0,45808.0,2.2154572994022628
58856.0,12494.0,1.9570992135469132
59026.0,42638.0,1.3850476711769257
59131.0,42641.0,2.745955108404784
59550.0,52058.0,2.67756256547585
57202.0,51934.0,1.397333329636381
57202.0,52036.0,1.470793973742556
57202.0,51910.0,2.1714352649134816
57202.0,49823.0,2.29190515624266
57202.0,50070.0,2.303385095585262
55457.0,48409.0,1.7278539996007445
55495.0,47475.0,2.2456201958983666
55499.0,46056.0,2.704253101774971
55499.0,46129.0,1.2329216814530923
55598.0,48409.0,1.537573183141755
55806.0,47453.0,1.244031164210443
55839.0,47627.0,2.828047725698668
55215.0,47294.0,2.870240613672908
53506.0,38915.0,2.371943242599338
53771.0,10625.0,2.22979623848814
53859.0,46083.0,2.1074063593394836
56765.0,48204.0,1.8034481440958599
56809.0,44719.0,2.849532945617616
56885.0,10875.0,2.983261246775315
56936.0,40347.0,1.8055098236704077
57017.0,48397.0,1.9524044172572697
57055.0,50445.0,1.0838014711353408
56104.0,47809.0,2.1328128202515066
56156.0,50713.0,2.5227818308351013
56297.0,47933.0,2.391392021243357
45957.0,41945.0,2.970584864127739
46077.0,15951.0,1.1810660369635753
46077.0,7334.0,2.8621570792496627
46077.0,42414.0,2.1639821744917374
46077.0,43399.0,2.6806853261850696
45501.0,47873.0,1.1303355017628671
45661.0,43482.0,1.184126615013479
45719.0,44142.0,1.353586274067058
46142.0,42050.0,2.5551344035385575
46152.0,42063.0,1.2335733197154106
46182.0,42268.0,1.7321385372407698
46182.0,45833.0,1.1516977974383076
46223.0,43917.0,1.8448407996784284
46288.0,50373.0,2.031724687203455
46124.0,43878.0,2.059323776503845
46093.0,45717.0,1.9568444404655656
46093.0,48509.0,1.2929760522958744
44268.0,40950.0,1.2857150918570048
44268.0,42733.0,2.650406480345839
44268.0,36901.0,1.640786078029834
44274.0,40943.0,1.4275896405729616
44609.0,41040.0,1.6710515286568657
44705.0,41093.0,1.908049656820945
44206.0,42627.0,2.034509875649678
43981.0,40716.0,2.613587305271025
43981.0,41833.0,1.1752830656070001
44152.0,51852.0,2.260776831672782
44152.0,42077.0,2.4150895115110975
44152.0,48348.0,2.407346837990125
44155.0,40790.0,1.0233337802825944
45112.0,41361.0,2.0500023684848117
45121.0,46023.0,2.3154907203714687
45173.0,41361.0,2.563884834029092
45178.0,41245.0,1.6529854022871617
45281.0,44376.0,1.0665914791172806
45049.0,7494.0,2.3329217935052844
44762.0,41824.0,2.1656311208740124
44787.0,18080.0,2.7725536284408108
44999.0,41271.0,1.1327641884356072
45037.0,41292.0,2.7773424012158348
46320.0,40681.0,2.773505026123261
48036.0,50732.0,2.8550665868264673
48234.0,43482.0,2.963045986585289
48266.0,43993.0,1.9802602458844438
48266.0,52003.0,2.245131195943717
48266.0,8407.0,2.558020574373455
48266.0,28210.0,2.688360008133254
48266.0,34773.0,2.8749607563234125
48266.0,41559.0,1.9216714102955372
48266.0,44071.0,1.5050533743773915
47435.0,51876.0,1.8902449425780523
47445.0,50629.0,2.0628300301195335
47189.0,6010.0,1.2538900061262674
46498.0,42436.0,2.6256409931835334
46498.0,42588.0,1.7675749588564535
46756.0,38290.0,1.996447844283043
46385.0,41234.0,2.6197115515192735
46389.0,28696.0,2.8211893603835434
46433.0,9081.0,1.1460470252982335
46433.0,48559.0,2.1386422393758577
46435.0,19914.0,1.0796696269331925
47045.0,42749.0,1.1106582056769185
47069.0,45738.0,1.441092877852483
47018.0,37352.0,2.997713186835986
46917.0,50364.0,1.1232858880602463
46796.0,44903.0,1.6061203454581987
46796.0,42630.0,1.3977627649560302
46796.0,43955.0,1.7925488919422803
46856.0,5537.0,1.0785598131245488
46867.0,10707.0,2.678424016256274
46916.0,42660.0,2.456518897765149
30536.0,31333.0,2.167372816054454
30596.0,43914.0,1.788390662358054
30596.0,39276.0,1.4953932997326296
30596.0,36710.0,1.9317674847652315
30596.0,40687.0,2.854376663940272
30596.0,44499.0,1.401891367710837
30596.0,38696.0,2.7497654789256094
30596.0,15344.0,1.8403482273236365
30596.0,34403.0,1.4735085935145933
30596.0,34516.0,2.685198356677726
30596.0,35234.0,1.8413312619465474
30596.0,43550.0,2.1800915519418984
30596.0,40936.0,1.7622026074185941
30596.0,40481.0,1.1255184334214
30596.0,36658.0,2.037508604554308
30596.0,37428.0,2.733943645760414
30307.0,23395.0,1.443850634062484
30307.0,42662.0,1.2837970253740982
30307.0,40438.0,2.20884660541053
30350.0,50105.0,1.0630507927246604
29579.0,48557.0,1.6723336768785242
29579.0,7340.0,1.3455311022071488
29579.0,45770.0,2.6207219816975744
29579.0,41065.0,2.252584419690862
29579.0,47227.0,1.5309448993619361
29579.0,41089.0,1.625891770806075
29579.0,40156.0,2.9597555574557095
29579.0,45715.0,2.186979426246716
29579.0,46056.0,2.417552937806381
29579.0,43592.0,1.9044611763075148
29579.0,50023.0,1.2832426052674502
29579.0,27590.0,2.6566487923937556
29579.0,43736.0,1.313868570305236
29579.0,14181.0,2.896530484900227
29579.0,47238.0,2.9021558531576366
29579.0,39752.0,1.43612793914487
29579.0,31822.0,2.9151950104151645
29579.0,47220.0,2.912043802652809
29579.0,50092.0,2.3430461551944384
29579.0,40079.0,1.6239931267543033
29579.0,40113.0,2.388055934027868
29579.0,47758.0,1.809916850081102
29579.0,51973.0,1.4814306632693315
29579.0,43910.0,1.9977887772763223
29579.0,46023.0,1.1266128324105253
29579.0,45759.0,2.7245968455564182
29579.0,47355.0,2.699024987949354
29579.0,43973.0,1.9125893898728685
29579.0,52168.0,1.2947970220793432
29579.0,50231.0,1.7233722596317076
29579.0,50326.0,1.4894407516562393
29579.0,50380.0,2.359711665480941
29579.0,51830.0,1.169598904930479
29579.0,41595.0,2.5470815092295584
29579.0,41959.0,2.321735412513206
29579.0,8790.0,1.2024842543161771
29579.0,39711.0,2.3419716907876715
29579.0,46112.0,1.8935100237305686
29579.0,47201.0,2.7684678680576624
29579.0,45343.0,1.3188718638934118
29579.0,48611.0,1.6853227031427358
29579.0,49655.0,2.321905702543985
29579.0,47632.0,1.9146774689612274
29579.0,47681.0,1.4061420255547767
29579.0,50112.0,1.6675814250730958
29579.0,41080.0,2.788683893757849
29579.0,40460.0,1.8864713463685368
29579.0,39922.0,2.5406532164464686
29579.0,40146.0,2.0613476987711232
29579.0,40152.0,1.068533106232419
29579.0,40168.0,1.972669183580218
29579.0,40367.0,1.236233374162526
29579.0,40443.0,2.397641631254426
29579.0,43747.0,1.8717734217507522
29579.0,44681.0,1.260220869562645
29579.0,41659.0,1.7075087487266434
29579.0,41741.0,1.6122893631105801
29579.0,41860.0,1.3379605823414973
29921.0,16568.0,1.963878354772547
30066.0,32092.0,2.3199335873391638
30092.0,30953.0,1.2499967448070808
30705.0,31349.0,2.767368768745979
31941.0,32283.0,1.702867714177842
31982.0,26907.0,1.7961615797945703
31988.0,38533.0,1.3196778213196259
31988.0,48521.0,1.9461261261677871
31988.0,37230.0,2.8620739479741024
31988.0,43525.0,1.648791409360902
31721.0,35390.0,1.435620456680175
31316.0,32250.0,1.227417583197583
31416.0,31831.0,2.872516705327488
31570.0,19373.0,2.522407876951158
32040.0,32358.0,2.232586928881132
32064.0,39600.0,1.6503099855905103
32064.0,38126.0,2.755659483287282
32064.0,38386.0,1.6532322600258937
32064.0,44703.0,1.2089642334979462
32064.0,45162.0,1.809395922458068
32064.0,47815.0,2.598362133931815
32064.0,47951.0,2.492585348218565
32064.0,51866.0,1.1305922936308854
32064.0,45321.0,2.9325915205605506
32007.0,28422.0,1.760051432829467
31229.0,51936.0,1.690757243426237
30819.0,42662.0,1.9189159137122236
30819.0,32326.0,1.6810666282726188
30819.0,35764.0,2.5609491965811717
30819.0,42192.0,1.1007689270114858
30819.0,20003.0,2.5506210424248987
30819.0,31534.0,1.554424025328032
30819.0,41640.0,2.9599649071899536
30819.0,10707.0,1.2369012145727176
30819.0,32247.0,1.9119310632929036
30819.0,34714.0,2.465886548129018
30819.0,39397.0,2.30312398620746
30819.0,2330.0,1.7107567414363285
30819.0,49752.0,2.779255721734502
30819.0,44933.0,2.046390577906366
30819.0,45290.0,2.6081686794202934
30819.0,48219.0,1.5680122549771027
30736.0,4309.0,1.1388998415986213
30759.0,36837.0,1.543126087918946
30759.0,35955.0,2.0482348605743983
31004.0,33110.0,2.1619083654205067
31004.0,34982.0,1.9120547587111394
31029.0,39258.0,1.7972026178144116
31124.0,31602.0,1.3072728541311434
31155.0,31665.0,1.2249145879218213
31186.0,27536.0,1.8173118374971626
30909.0,31521.0,2.7167629198868912
29059.0,35576.0,1.302146681943325
28929.0,44609.0,1.1378984888128978
28929.0,26784.0,2.5814519465157177
28929.0,30013.0,2.9060045699143835
29073.0,50518.0,2.401111006603169
28618.0,18161.0,1.0465180742833768
28658.0,28850.0,1.0002809856278692
28658.0,40844.0,2.6672128395840518
28602.0,30400.0,2.715631485082088
29536.0,30788.0,1.4374475715240258
29536.0,30925.0,2.4547975741695245
29536.0,30759.0,1.4620463494976101
29276.0,30339.0,2.302279548142123
29398.0,37132.0,1.0624363345404915
26721.0,3093.0,1.4039934550092628
26789.0,38421.0,2.099959759716226
26875.0,36557.0,1.1836974991073919
26662.0,28153.0,1.6860930509806908
27284.0,40900.0,2.1041038584366474
27366.0,28596.0,2.41578669390674
28495.0,39800.0,1.9823971409634502
28497.0,37198.0,2.0336761758973325
28555.0,33127.0,1.3451408434015564
26931.0,24044.0,1.0051478793065571
26944.0,42268.0,2.6584190223457096
27004.0,28406.0,2.5280629808879898
36893.0,35977.0,2.3490565678380277
37186.0,36196.0,2.7054896475848214
37236.0,50772.0,1.3516458906564195
37236.0,39295.0,2.930460981100428
37236.0,44039.0,1.1399014951214697
37236.0,44117.0,1.9421982097772232
37236.0,43588.0,1.651829895267004
37236.0,42248.0,1.8373143443701039
37236.0,42053.0,1.6748561370570112
37236.0,42343.0,1.8033766839038556
37236.0,40837.0,2.7541574524375148
37236.0,35054.0,2.136250216338979
37236.0,36683.0,1.8160316945737363
37236.0,42640.0,1.7635116768070764
37236.0,42783.0,2.9054429365658994
37236.0,50201.0,1.9867994841047245
37236.0,51821.0,2.826450146935353
37236.0,43171.0,1.345396865169055
37236.0,47867.0,2.30580653920231
36637.0,37632.0,2.6670176701036934
36637.0,40808.0,2.4896301045396774
36637.0,45448.0,2.6913222461680215
36637.0,51980.0,1.2029579831364348
36637.0,42940.0,2.7150219835516562
36637.0,9418.0,2.180720095790523
36637.0,10092.0,2.0086779264827586
36823.0,38227.0,2.3009738201961447
36840.0,35912.0,2.194851131736815
36211.0,35466.0,1.2581373654000072
36257.0,40712.0,2.161761502635591
36308.0,37503.0,1.8027204072767145
36308.0,39429.0,1.6289456356055663
36308.0,40098.0,1.9981845011660408
36308.0,40256.0,2.30072025273056
36308.0,40383.0,2.414841428469731
36308.0,36907.0,1.1649359278333715
36308.0,37069.0,2.96113355377999
36308.0,38818.0,1.3501976980428423
36308.0,39459.0,2.4664939290613175
36308.0,39967.0,2.882317966883873
36129.0,22722.0,2.1557813024491645
36129.0,35482.0,2.424396828088698
35925.0,36178.0,1.9277827828179328
35987.0,35288.0,2.7949843546740665
36411.0,38346.0,1.6604961767533324
36415.0,40567.0,2.7919118747647533
36485.0,35464.0,2.561108569037666
37937.0,38024.0,1.068471700659996
37939.0,43742.0,2.462292035601342
37939.0,47272.0,2.8828209932048163
37939.0,40168.0,1.698409987071346
37939.0,8761.0,1.2461744232276384
37939.0,20180.0,2.1914807295406824
37939.0,38300.0,2.0121734101500035
37939.0,39039.0,1.2095476336900135
37766.0,38921.0,1.866665969379676
37766.0,39216.0,1.1579695732440116
37766.0,47347.0,1.9881451043522964
38256.0,10022.0,1.111840735956332
38335.0,36965.0,2.7546595525717565
38337.0,48409.0,1.636286835565821
38338.0,23618.0,2.579777156053635
38251.0,40624.0,2.9680355176004176
38044.0,37198.0,1.4810302276369032
38044.0,38750.0,1.6999330785368951
38063.0,36812.0,2.938352332041628
38150.0,36836.0,1.7297476178640951
37591.0,37780.0,1.0127120769273157
37277.0,35096.0,2.0716721309158697
37295.0,50518.0,2.498105487562955
37325.0,40191.0,2.0056888289423576
37325.0,45000.0,1.4111731384831645
37325.0,44056.0,2.434891474353054
37325.0,42389.0,1.6261041122437359
37325.0,39707.0,1.8687518480526044
37325.0,40737.0,2.5885632601376423
37405.0,141.0,2.4421764501326053
37447.0,2094.0,2.347776734715606
37541.0,36461.0,2.2632938292304203
37582.0,46145.0,1.5935189816151991
37582.0,49772.0,2.260759180495979
35826.0,35171.0,2.843705621819172
32459.0,39042.0,2.8337247249532833
32459.0,30860.0,2.6740016844096757
32459.0,35502.0,1.9105190565264916
32459.0,35506.0,2.0949434752149307
32459.0,36697.0,1.5677719042001779
32299.0,40925.0,1.452434199041675
32299.0,50166.0,1.8787253459571722
32299.0,42086.0,1.0482520744301618
32299.0,43111.0,2.0325582619609923
32299.0,43130.0,1.94879349691018
32299.0,41987.0,1.5367310418068405
32299.0,5205.0,1.9793025940752391
32299.0,7449.0,2.1788964888753464
32299.0,17324.0,2.9002063436519117
32299.0,18871.0,2.737339867023504
32306.0,43039.0,2.3510182532328896
32630.0,41945.0,2.6989684214896714
32670.0,10327.0,1.8509859190980507
32731.0,32836.0,1.6375856829231994
32789.0,48440.0,1.3958795004173323
32491.0,37566.0,2.744823059388228
32497.0,43427.0,1.8249382400021654
32214.0,32929.0,2.270178804040789
32262.0,34433.0,2.895153465679409
32262.0,36312.0,2.449893044422108
32201.0,15609.0,2.0421573682753253
32172.0,32509.0,2.6778890150218295
32126.0,32474.0,2.184649703747918
32132.0,32384.0,1.1429953314884573
35397.0,39352.0,1.1054194588298214
35633.0,36652.0,2.52865095282326
35123.0,23682.0,1.2857448284648816
35144.0,18434.0,1.404046635137491
35319.0,16223.0,2.356676147580921
35386.0,38227.0,2.0451933935112048
35731.0,42084.0,1.2420594693910165
35731.0,37663.0,2.1829899786606344
35731.0,35317.0,2.6920380487214626
35731.0,36317.0,1.811508824265322
35017.0,44150.0,1.2363112020599771
34385.0,35596.0,1.0881954512508747
34385.0,35060.0,2.024030681380685
34424.0,50182.0,1.559496438250855
34476.0,2904.0,1.868508531887574
34550.0,38191.0,2.6478620412103853
33169.0,40348.0,2.7927946413463225
34588.0,52258.0,1.3926261308719616
34705.0,38764.0,1.0957902805327902
34600.0,20660.0,1.857714447300626
34611.0,44098.0,1.453293296981258
11702.0,15165.0,1.069487641119157
11686.0,38976.0,1.7658571671766718
11686.0,39032.0,2.65055412900098
11686.0,42169.0,2.703481709768314
11686.0,38228.0,1.9486042440026636
454.0,1319.0,1.420081171001265
454.0,1059.0,1.0579889105703553
454.0,1118.0,2.3687805147201786
454.0,1920.0,1.986905521712716
454.0,2439.0,2.099020259647836
454.0,4580.0,2.7819315146942354
454.0,5256.0,2.321090349567889
454.0,5701.0,2.7877705699113893
454.0,6466.0,2.2522056389727387
454.0,6474.0,2.653223455868491
454.0,6479.0,2.585971743051603
454.0,6595.0,1.1105674783225
454.0,2982.0,2.5357106201743553
454.0,3253.0,1.0270054304162939
454.0,10801.0,1.879506959955563
454.0,13898.0,1.482130727232178
454.0,10366.0,2.275149206522184
454.0,7885.0,1.5492210237369137
454.0,7912.0,2.216749921825345
454.0,8001.0,1.5916350252242606
454.0,8380.0,1.6783944147345318
454.0,8881.0,1.9259078716960676
454.0,9220.0,1.9465626863466734
454.0,9973.0,2.003837369684815
454.0,1653.0,2.5014463673505247
454.0,1805.0,2.336693282313103
454.0,2314.0,2.5930251908147586
454.0,2342.0,2.3916771147713765
454.0,2485.0,2.8025209448296047
454.0,2495.0,2.956179342428417
454.0,1652.0,2.221497778061806
454.0,1566.0,1.9677382966093315
466.0,1744.0,1.6635706437386097
482.0,6389.0,2.6816667909507474
396.0,447.0,1.6978054396155426
412.0,733.0,2.085093445566108
417.0,2938.0,1.3150892071716038
427.0,5385.0,1.6129329788203128
427.0,11035.0,2.1719034693027015
432.0,598.0,2.081565994749205
432.0,57.0,2.9691932875022276
386.0,2968.0,2.0895454764570873
386.0,13606.0,2.3927753673139565
386.0,1669.0,1.3574608277264246
386.0,377.0,2.847613995390512
386.0,10702.0,1.1634567989964328
386.0,9621.0,1.0492038499924627
386.0,6187.0,1.405331388002488
386.0,9266.0,2.385372467550826
386.0,9004.0,1.2693936161391652
386.0,2799.0,2.2314468202617634
386.0,717.0,1.0513648194487855
386.0,743.0,1.3975539861351525
386.0,796.0,1.552817322507346
386.0,979.0,1.3217405581473032
386.0,4271.0,2.5214839832642104
386.0,6555.0,1.1157356881728815
386.0,6562.0,1.8250003702555755
386.0,7589.0,2.1469431241411514
386.0,7722.0,1.111279392959643
386.0,7998.0,1.4322640507765407
386.0,6139.0,2.4370262915155765
386.0,5881.0,2.064522030211748
386.0,617.0,1.2174013827943713
486.0,569.0,1.4347178319935483
486.0,3451.0,2.4992894173159526
486.0,1374.0,1.8034794783023762
486.0,1438.0,2.279056620538638
486.0,2417.0,2.3695345778148265
619.0,5133.0,1.8203335143852797
619.0,5321.0,1.3447009605883997
619.0,9030.0,1.781770276729073
619.0,10996.0,1.542917288605461
619.0,14129.0,2.6986358822142043
619.0,15052.0,1.9006021732608596
619.0,2829.0,2.891589660246892
604.0,10974.0,2.3487803303206234
612.0,4135.0,2.273208412817012
612.0,2314.0,1.1418408574279904
637.0,19521.0,1.5164215434423989
641.0,2934.0,1.607632994952006
646.0,13777.0,2.5236527248297387
657.0,2231.0,2.219249310284093
657.0,2523.0,1.6322105999096972
631.0,598.0,2.7069408635526324
631.0,1613.0,1.2075721756662388
631.0,2334.0,2.8420362548816636
631.0,7121.0,2.565181884300969
627.0,4681.0,1.65264438652793
599.0,1246.0,1.03300941983262
496.0,2578.0,2.6986950239958647
525.0,34409.0,1.5873865432951328
525.0,45591.0,1.0731559360531935
525.0,19914.0,2.185843473116086
525.0,46107.0,1.8449470665498564
553.0,40718.0,1.6613046652222674
553.0,19408.0,2.461297040773119
553.0,3544.0,2.96684564666987
530.0,575.0,1.3334401402478964
530.0,1038.0,1.4602758397646158
530.0,1508.0,1.4962770899974782
549.0,3748.0,2.740360453906856
212.0,1499.0,2.3228107909635414
212.0,944.0,2.8950423766775106
238.0,2667.0,1.1569567418813198
238.0,5993.0,2.656341673079434
238.0,6035.0,1.179111642715436
238.0,9045.0,2.2927072601916336
246.0,2150.0,2.519279325836278
249.0,1311.0,2.679740772298744
249.0,4574.0,1.6704949164773386
249.0,6828.0,1.1029229822187936
263.0,1384.0,1.6248938096264751
263.0,546.0,2.3460091494868314
263.0,51878.0,1.2564334185309018
263.0,3316.0,2.5471444227560127
263.0,7739.0,2.614634300327846
196.0,10041.0,1.3587429784178926
196.0,17047.0,2.685651731392987
196.0,24100.0,1.9802932377235407
196.0,31338.0,2.439660913166768
196.0,34902.0,2.655263356881076
196.0,51841.0,2.6423306415109584
196.0,136.0,2.900198256508814
196.0,23667.0,2.8947081236325527
196.0,6218.0,2.8881910931680315
196.0,6647.0,2.0180380208031288
196.0,9792.0,1.5186907000930396
196.0,12463.0,1.4620264955511095
196.0,4265.0,1.40584087884463
196.0,504.0,1.5372307550294388
196.0,2322.0,2.599249582797786
196.0,2458.0,1.511245795513425
273.0,4165.0,2.761525328828792
279.0,6386.0,1.9270625265261534
293.0,136.0,1.8696076715108485
294.0,1244.0,2.769526061312684
300.0,4156.0,1.5416241426653232
188.0,453.0,1.5976228319462096
188.0,1039.0,1.7337447067566016
188.0,88.0,2.6580055798337487
190.0,460.0,1.8745412384589584
165.0,27056.0,2.8866233684999907
165.0,32622.0,1.2362090811199207
165.0,44903.0,2.0846946598683482
165.0,40602.0,1.3674356230132725
165.0,36609.0,2.3229386759757435
165.0,8905.0,2.272726322465224
165.0,20318.0,1.5906046272379029
165.0,37554.0,2.414879942301356
165.0,8017.0,1.0762980804881819
165.0,48523.0,1.8945668796719872
165.0,50037.0,1.3650420869515913
165.0,50511.0,2.833364509116401
165.0,4740.0,2.7858173375973694
165.0,10555.0,1.220162251455593
165.0,16194.0,1.5776396071426029
165.0,17684.0,2.5978314311855697
165.0,19693.0,1.2979483541579926
165.0,20621.0,2.9459738579788706
165.0,27877.0,1.7188338834781258
165.0,37967.0,2.0911878987606896
165.0,43189.0,2.494816066164256
165.0,28560.0,1.739634601292051
165.0,30868.0,1.1971438228374962
165.0,31078.0,1.7250145935029984
165.0,31103.0,2.3568028447384672
165.0,32023.0,2.9018987047600504
165.0,32808.0,2.3107406226472804
165.0,4139.0,1.0494495137638593
165.0,8472.0,1.6786302206792865
165.0,8936.0,2.599951550976305
165.0,6375.0,2.8924440194793215
185.0,361.0,1.5424947885587026
187.0,399.0,2.4460796703821956
342.0,450.0,1.7031454084312478
342.0,1783.0,1.4214176557074343
342.0,16104.0,1.1537575681149443
349.0,570.0,1.7808840135054684
349.0,7060.0,2.7932448714469866
349.0,7285.0,2.20147902933083
349.0,7454.0,2.374903372833771
373.0,981.0,2.574211407095727
374.0,4124.0,2.2747791015504144
374.0,5575.0,2.325078269124673
374.0,8902.0,1.1188656029923127
374.0,10619.0,1.4545555780545159
374.0,5519.0,2.6771150153945857
374.0,3411.0,1.573642644464813
374.0,3798.0,1.0121197188406037
374.0,4081.0,2.573735358751814
374.0,4133.0,2.218381109739186
334.0,1852.0,1.1491221404608263
328.0,1624.0,2.839097368509637
328.0,1384.0,1.8450980410061508
328.0,1255.0,1.4923864823304553
328.0,3364.0,1.1882137702552664
661.0,2644.0,1.8250801480059948
661.0,2203.0,2.730911233496166
1081.0,1569.0,2.7431956763252154
1094.0,4561.0,2.3798823884267817
1110.0,1444.0,2.2036795515012098
1110.0,1338.0,1.4513192407355737
1110.0,1417.0,1.6080363511131157
1111.0,38770.0,1.6884356389284325
1073.0,8329.0,1.0872745109795114
1063.0,5415.0,2.5751289017537657
1063.0,4890.0,2.437730513575831
1063.0,2047.0,2.178552940504469
1132.0,16414.0,2.043543563306554
1183.0,3049.0,1.3530831583096385
1183.0,6271.0,2.344857955713656
1183.0,3082.0,2.2453070917922586
1183.0,2021.0,2.9784944642730187
1183.0,2167.0,2.8671684714555647
1205.0,1829.0,1.9833742031114079
1134.0,7648.0,2.1713593496906247
1150.0,34687.0,2.936160171964565
1044.0,36304.0,2.094894704351387
1044.0,38907.0,2.729422343103715
1044.0,25217.0,1.865148379969273
1044.0,36158.0,2.2473946087625256
1044.0,42364.0,1.3253758772312445
1044.0,38802.0,2.4115926708747004
1044.0,36457.0,2.8780349476685103
1044.0,5514.0,2.0949684460968707
1044.0,1499.0,2.0144311218485687
1044.0,3364.0,1.0299003980186836
1044.0,1392.0,2.355003642885223
1044.0,30874.0,1.0094300472198774
1044.0,36482.0,1.1288155784389242
1044.0,14533.0,2.006267148296912
1044.0,14569.0,2.442665451059531
1044.0,14832.0,1.0699622435476888
1044.0,22864.0,1.3050819611301874
1044.0,23374.0,1.4253073347064464
1044.0,2802.0,1.8599430060768034
1044.0,3327.0,1.6567322565623748
1044.0,5499.0,1.7364634286670673
1044.0,6438.0,1.4527363665773951
1044.0,6633.0,2.830964131578349
1044.0,7055.0,1.4859960249842459
1044.0,3691.0,2.601560365546063
1061.0,2199.0,2.659733110966557
1061.0,2241.0,2.3863265022743008
1061.0,4639.0,2.356485774005395
1049.0,1449.0,2.061502160945641
1049.0,43894.0,1.3351051722003389
1208.0,2311.0,2.1580401154004702
1580.0,4724.0,2.545373300030847
1580.0,23537.0,1.377648384032661
1618.0,1976.0,2.033120092061143
1624.0,1059.0,1.2250922953864751
1626.0,4508.0,2.1143687401955047
1626.0,2867.0,2.5397818211448864
1403.0,7188.0,2.583382474518112
1408.0,15005.0,2.3107223248972524
1409.0,301.0,2.5212795308441436
1409.0,1670.0,1.9451382593386484
1398.0,3506.0,2.5801516241105604
1398.0,2117.0,2.689132201105063
1398.0,2175.0,2.879619098154576
1398.0,2910.0,1.1315077279092065
1690.0,5849.0,2.9720106688211314
1690.0,4203.0,1.528501762157767
1690.0,4692.0,2.968622457975982
1703.0,2211.0,1.343032601808511
1708.0,2167.0,1.7888130978748276
1735.0,2064.0,1.078816074785384
1735.0,4098.0,2.6682892377926413
1735.0,6381.0,2.7952186939358814
1679.0,1896.0,1.271349043392574
1337.0,2938.0,2.1071541557141353
1337.0,22534.0,2.878841926751116
1337.0,2330.0,1.9060660680499504
1337.0,1825.0,2.7101884621792918
1337.0,4607.0,2.2897285520587496
1305.0,8370.0,2.181252002407091
1305.0,7407.0,2.4731172971845723
1283.0,6921.0,1.153674193136314
1299.0,23317.0,1.8891060424188117
1299.0,40922.0,2.5052521939073324
1300.0,5141.0,1.8016104262032773
1343.0,2039.0,2.8110546172517417
1343.0,2350.0,1.9766800555598696
1343.0,2104.0,1.8935196697342278
1343.0,2236.0,2.126815845798158
1343.0,1745.0,1.4552589200962767
914.0,2001.0,2.7046064996055232
914.0,18812.0,1.0854787480217902
878.0,3433.0,1.324026267888442
880.0,890.0,2.4208361852934193
949.0,45631.0,2.688054703858768
949.0,9727.0,1.0914394051160468
949.0,35751.0,2.8625592739779018
949.0,2150.0,1.8960932842055271
949.0,5459.0,1.427766690511507
949.0,1895.0,1.1875523701513722
949.0,2304.0,1.2355233826583765
949.0,3188.0,1.1244830438476665
949.0,8920.0,2.8845574979163935
949.0,9420.0,2.8343267546447883
949.0,10710.0,1.684988508285365
949.0,10932.0,1.8588095081007001
949.0,12472.0,1.8115307046914526
949.0,18767.0,2.9062232877747274
949.0,6489.0,1.9425924142843545
949.0,7239.0,2.95283316399214
949.0,7327.0,1.2564238532871204
949.0,20251.0,1.3171003629237477
949.0,47914.0,2.9185060631547035
949.0,43132.0,2.328373520171577
949.0,22825.0,1.7656388580230014
949.0,34756.0,1.636056822260453
949.0,39180.0,2.79707015742875
949.0,39845.0,1.7220236604589745
919.0,4549.0,2.2531529444164846
919.0,5300.0,2.610480094254481
922.0,1266.0,2.8353069729540885
929.0,1164.0,1.594105540035999
932.0,9604.0,1.241647127749295
867.0,4873.0,1.6478746197454661
867.0,2103.0,1.3109015461645814
867.0,5026.0,2.3735115675287
867.0,5155.0,1.2398285104026374
867.0,5159.0,2.2553111607436254
710.0,1169.0,2.5291370130949926
742.0,2458.0,1.8155924161041077
782.0,5537.0,2.3890647365246154
782.0,7896.0,2.195102373909705
782.0,9409.0,2.573659873333349
800.0,1508.0,2.6662681567731337
800.0,1074.0,2.194088692878
805.0,40639.0,1.687576749063844
805.0,44376.0,2.573841004603685
683.0,141.0,2.054053955509336
669.0,3274.0,2.14667205589133
681.0,1243.0,1.3765877878044983
826.0,3515.0,1.6618889329504842
826.0,19662.0,2.0727080869756236
826.0,1800.0,1.3578079742343006
860.0,1118.0,1.9706615258447027
810.0,1825.0,1.5057638252059349
824.0,14766.0,1.8707257623550426
1039.0,15728.0,1.9330821097528874
1039.0,2621.0,1.4824505027846058
1039.0,3327.0,2.3293283713301913
1039.0,3360.0,1.2299166211585912
1039.0,7527.0,2.7575536660159963
1011.0,4707.0,1.811428707143082
971.0,2167.0,2.6690662805893433
982.0,19786.0,2.093821465304144
1007.0,3665.0,1.600607386335077
23.0,6805.0,2.0495267731257925
23.0,34322.0,1.7670856560169161
23.0,28589.0,1.7977371696222209
23.0,41787.0,2.007878778908883
23.0,14178.0,1.3366730570677685
23.0,35927.0,2.463018652609385
23.0,36310.0,1.8556362097107038
23.0,42363.0,1.3164949858805552
23.0,4159.0,1.3529714339418077
23.0,19593.0,1.7228167677591009
23.0,10977.0,1.0752816637673361
23.0,18700.0,1.31151496094527
23.0,4873.0,1.6065123966997064
23.0,43441.0,1.5303340035977837
23.0,3486.0,1.5013545784429023
23.0,39918.0,1.5355925129234373
23.0,42534.0,1.5605795982559225
23.0,44984.0,2.7679782348509225
23.0,42724.0,2.2274264219376825
23.0,31526.0,1.0705270224281396
23.0,50401.0,2.3412800628883526
23.0,47488.0,2.9256045452776194
23.0,47551.0,1.4711247420905347
23.0,40288.0,1.728506950627403
23.0,9661.0,1.2763906159397331
23.0,475.0,1.002212659781141
23.0,2150.0,1.4728555799209657
23.0,7904.0,2.022491765620191
23.0,19447.0,2.8384809129667827
23.0,7035.0,1.8029023914845674
23.0,5575.0,1.7569621368169093
23.0,4192.0,1.0293191495515386
23.0,4607.0,1.7001364770546457
23.0,2802.0,2.983931087671663
23.0,19786.0,2.0852150900705793
23.0,26799.0,2.315763934101212
23.0,27442.0,1.556373121250892
23.0,27574.0,1.6616084353323506
23.0,27717.0,1.0360443066355318
23.0,27675.0,2.466916898484265
23.0,22234.0,1.1290978926633273
23.0,23142.0,1.176153546881085
23.0,23848.0,1.558939525600143
23.0,23913.0,2.437891597508331
23.0,35779.0,2.340738765696692
23.0,31862.0,2.6895309233415317
23.0,28844.0,1.0819602828772412
23.0,30337.0,2.944008092122478
23.0,31084.0,1.028929803512863
23.0,31848.0,2.69667145398252
23.0,15314.0,2.791314321483754
23.0,15734.0,1.411243235219616
23.0,15903.0,1.7714050184473744
23.0,15911.0,2.242376647605872
23.0,15928.0,2.5554761525293497
23.0,16007.0,1.627877514579219
23.0,14097.0,1.4000190877209038
23.0,14107.0,2.6615931985898147
23.0,14280.0,2.632335584205949
23.0,14325.0,2.1699094754455155
23.0,14367.0,2.6050791323592377
23.0,14381.0,1.9986371778815726
23.0,35981.0,2.77638002429968
23.0,19236.0,1.9169489770144188
23.0,19924.0,1.6659372460466728
23.0,20255.0,1.9113366449449485
23.0,16270.0,1.6539306531372349
23.0,17932.0,2.531941499968867
23.0,18489.0,2.791059201150917
23.0,18543.0,2.828952801353872
23.0,18916.0,2.5779685060230464
23.0,47786.0,2.6472158962383583
23.0,49702.0,1.8105500461165673
23.0,49771.0,1.4081299998511665
23.0,50040.0,1.490101083843199
23.0,4448.0,2.68098917530609
23.0,47675.0,2.036383482933662
23.0,39717.0,2.919016070425686
23.0,39980.0,1.8457371721061797
23.0,42489.0,2.7026021866928414
23.0,44884.0,2.9903470084943553
23.0,44800.0,2.09408405370774
23.0,44592.0,2.5995514596204687
23.0,42920.0,2.571400726815199
23.0,43087.0,2.3969807267031107
23.0,2694.0,1.1850784160443075
23.0,3465.0,1.8418379243901786
23.0,3542.0,1.6933168357817823
23.0,2402.0,1.3485532375063418
23.0,4787.0,1.4988983022133544
23.0,4978.0,1.8023655078524337
23.0,5238.0,1.1708471804360248
23.0,4582.0,1.8713837998119685
23.0,4566.0,2.521121443788777
23.0,4502.0,2.9168650247719143
23.0,5343.0,1.8662635134155656
23.0,9504.0,1.2575856005429988
23.0,9981.0,2.8862633147440877
23.0,8471.0,1.4422931211931025
23.0,8493.0,1.9545335226987315
23.0,8501.0,2.473569666951656
23.0,8614.0,1.9167558784956342
23.0,8686.0,2.7105331648994744
23.0,10038.0,2.9115688688629398
23.0,10915.0,2.7164167273229074
23.0,11054.0,1.228021871874132
23.0,12507.0,2.526209834677809
23.0,13900.0,1.5650592523430482
23.0,13915.0,2.761487318307766
23.0,10080.0,2.9849105346048814
23.0,10154.0,2.4428092469749316
23.0,10211.0,1.829291148896867
23.0,10435.0,2.1294081622882515
23.0,8217.0,2.7951514019580044
23.0,6493.0,2.6923117776238525
23.0,6553.0,1.051990914934244
23.0,6561.0,1.2978372189580223
23.0,6643.0,2.9383738458701876
23.0,6648.0,1.397061196276052
23.0,6723.0,2.520372268787452
23.0,6745.0,2.1931760373095894
23.0,6769.0,1.6546301051319476
23.0,6847.0,2.3586085305883033
23.0,5711.0,1.605209129905483
23.0,5912.0,2.0196637430671376
23.0,6024.0,2.5542504657256173
23.0,6208.0,2.1967853751220945
23.0,6275.0,2.265895223448103
23.0,7857.0,1.1180514472353245
23.0,7044.0,2.8612497267869306
23.0,7092.0,2.9032762654961166
23.0,2693.0,1.1960923586858838
24.0,18.0,2.9933239712321695
24.0,1678.0,2.1653952782378223
24.0,956.0,1.9774761424127294
24.0,5373.0,2.758710044793867
24.0,643.0,1.9106979864927682
34.0,4398.0,2.6334365791094214
34.0,475.0,1.2284338227232132
34.0,1255.0,1.0406001468613395
34.0,32.0,2.531394836073407
34.0,950.0,1.2178876438603636
34.0,12.0,1.0551989645524684
34.0,210.0,1.851489909496015
34.0,297.0,2.944449031607575
34.0,514.0,2.3021442942829777
34.0,1540.0,1.5589039989395421
35.0,9830.0,1.298318431754127
35.0,17313.0,1.148081025848912
35.0,18392.0,1.4336079964016744
15.0,361.0,1.1934305473838127
11.0,6377.0,2.6852811247324744
5.0,50205.0,1.5439272725519229
5.0,6664.0,1.3218801910688818
5.0,44947.0,1.8275228038049003
5.0,40107.0,1.921529007618435
5.0,231.0,2.3296867785771624
5.0,2667.0,2.1169795409175403
5.0,256.0,2.0697279760868055
5.0,1700.0,1.3626079851705704
5.0,1355.0,2.8105090330847293
5.0,1276.0,1.1329278293880476
5.0,6095.0,2.498558944421375
5.0,278.0,1.0683661123668637
5.0,2922.0,1.5967133058936642
5.0,434.0,2.644937601073274
5.0,218.0,1.0437891554764631
5.0,14110.0,2.8291963330897927
5.0,14988.0,2.4151956594768706
5.0,15819.0,2.163828692604863
5.0,19151.0,2.180806489350279
10.0,3748.0,1.9941223323331563
10.0,262.0,1.8341448748178533
104.0,2761.0,1.679188784541171
104.0,30796.0,1.8284679234637595
104.0,3506.0,1.1283776940495809
104.0,18420.0,2.5854547413021005
104.0,2069.0,2.763184752571327
104.0,2262.0,2.8819123601498275
104.0,23060.0,1.8347664462595117
104.0,40348.0,1.3664856889875046
104.0,30862.0,1.1398229173097858
104.0,30907.0,2.165305101931512
104.0,32028.0,2.692236404399507
104.0,33114.0,1.012593577797095
104.0,36421.0,1.3498450508472473
104.0,16213.0,2.2555021237820725
104.0,20698.0,2.196735539124183
104.0,26574.0,1.7541105826358074
104.0,27364.0,1.4793398707671206
104.0,38657.0,1.1061392601222026
104.0,39432.0,1.833562601414667
104.0,10574.0,2.906227251139964
104.0,41779.0,1.5705385428931706
123.0,487.0,2.6926658679558013
123.0,535.0,1.9670645285383546
123.0,243.0,2.7874912665369784
141.0,227.0,1.2961540685215007
143.0,1801.0,1.0023586485041742
143.0,2975.0,2.1026731198246233
143.0,32025.0,2.922404062877362
143.0,35263.0,2.7540156979018864
114.0,260.0,1.6093671410155816
106.0,41274.0,1.2579142571362734
110.0,100.0,2.655861422317625
113.0,1091.0,2.826638722316421
96.0,10606.0,1.803357497067949
96.0,34322.0,1.673163418838446
96.0,154.0,2.1919507097507056
96.0,9193.0,2.450761503396524
96.0,7450.0,1.781337140775025
96.0,36064.0,1.8995624410770322
96.0,956.0,1.766882488667864
96.0,2587.0,1.354772956532163
96.0,2417.0,1.765758657559754
96.0,2540.0,1.4206523301144633
96.0,34756.0,2.1755994932156235
96.0,262.0,2.3473419947320546
96.0,25173.0,1.0780164931545124
96.0,28536.0,2.395918225750629
96.0,39742.0,1.1938730931227024
96.0,2466.0,1.0784539451362787
96.0,138.0,1.174965679295866
96.0,8490.0,2.8585826464691344
96.0,8807.0,1.5724604604458003
96.0,9149.0,1.3444473311572496
96.0,8286.0,1.447108012015511
96.0,7315.0,1.7566242960799994
96.0,7413.0,1.2271644348836768
96.0,7489.0,2.4715362221979387
96.0,7272.0,2.1806061341520957
96.0,19177.0,1.5951399229189422
96.0,19312.0,1.0084006072025584
96.0,19395.0,2.0876935534750647
96.0,13772.0,1.5013016634646423
96.0,18415.0,1.1198078438546035
96.0,1782.0,2.006144110415266
96.0,1960.0,2.6806615266246183
96.0,1994.0,2.347429414482466
96.0,552.0,2.4753516604835344
96.0,6016.0,2.7308929956578556
96.0,6325.0,1.740245702231801
96.0,2612.0,1.5587352303277489
96.0,2629.0,2.5795439073535906
96.0,2649.0,2.7085509108034915
96.0,5283.0,2.9959407014861883
100.0,250.0,2.023220685450961
100.0,269.0,1.072430034105552
100.0,303.0,1.0368979622555332
100.0,3345.0,2.2863245655834534
100.0,225.0,2.4887528090379627
98.0,57.0,1.1320929072347696
155.0,8067.0,2.27358318691934
80.0,4886.0,1.9345512022999822
80.0,101.0,2.125294379443169
80.0,5366.0,2.6924200519933077
80.0,2243.0,1.6603390749833886
80.0,3612.0,2.1546598698800556
82.0,41.0,2.2145234872486044
82.0,453.0,2.1549750147788895
82.0,3635.0,1.1353829388454053
82.0,2839.0,2.9763114813221656
82.0,1101.0,1.4471290481521464
82.0,1604.0,2.5562158756080846
82.0,1746.0,2.8457362684606524
82.0,2178.0,1.450952286424557
82.0,6355.0,2.2240830645718175
82.0,5323.0,1.332944174843268
83.0,74.0,1.943458776951347
83.0,377.0,2.4902960257363915
83.0,100.0,1.0867063788600442
83.0,275.0,1.3230079177591125
83.0,23896.0,1.3345589205215704
85.0,68.0,1.5884064564994331
90.0,570.0,2.941361030643314
79.0,15336.0,2.444923838468979
79.0,15886.0,1.7466095087451927
79.0,162.0,1.8915523614885583
79.0,4630.0,2.09811668224814
79.0,5021.0,2.6192230754989616
79.0,8929.0,2.990860806961354
39.0,1238.0,2.605398227681432
39.0,1366.0,1.3087554095943956
39.0,6001.0,2.92596727219912
43.0,2862.0,2.616911364775654
45.0,369.0,2.5669838155598157
45.0,297.0,2.9679938221695847
45.0,4840.0,1.7370204321603524
45.0,7783.0,2.29276016006119
45.0,7953.0,1.9593377223923656
78.0,315.0,2.4328179384513735
64.0,22529.0,1.6183044841512195
64.0,1976.0,2.19033119885776
64.0,156.0,2.609458856688309
64.0,6888.0,2.018341283769911
48.0,59.0,1.166405455779369
49.0,976.0,1.4163265142388408
49.0,30094.0,1.0857916552237756
6656.0,18173.0,1.6446121736423764
6656.0,19974.0,1.6255390362326376
6656.0,10625.0,2.100528154356329
6656.0,9377.0,2.8992115076863847
6656.0,8157.0,2.337312782523279
6656.0,22002.0,1.1250245961124063
6656.0,8699.0,2.138437907168229
6656.0,9466.0,2.5119265348845365
6656.0,8377.0,1.826306739811944
6656.0,11071.0,1.6840563802106892
6656.0,19281.0,2.782406236107725
6656.0,23404.0,2.5715935748579515
6656.0,19027.0,1.339509095668338
6656.0,18732.0,1.7497032329860303
6656.0,16369.0,2.2851696279762157
6656.0,16400.0,2.8133359437918077
6629.0,27223.0,1.355566777059382
6629.0,9920.0,1.9657066741019484
6629.0,15745.0,1.621980324417894
6629.0,16829.0,2.4102420700756193
6629.0,22395.0,1.5573544143035705
6629.0,17519.0,2.1137891315068176
6629.0,21907.0,2.9522780063541703
6629.0,20115.0,1.2033137844741475
6629.0,18338.0,2.519305398469929
6629.0,2141.0,2.725824595760968
6629.0,26730.0,1.9291185922577696
6629.0,30975.0,1.2047243740628137
6629.0,44348.0,1.7651137933178525
6629.0,17483.0,1.7343640439459764
6629.0,17966.0,1.2243416411865833
6652.0,10469.0,2.0436368497199577
6444.0,20880.0,2.748358258758195
6507.0,43193.0,2.710648767406176
6533.0,9029.0,2.7097226252976636
6933.0,14232.0,2.6117233392487664
6933.0,9099.0,2.037115161328873
6933.0,2168.0,2.7333862545757412
6933.0,10566.0,1.6191219681100841
6956.0,20073.0,2.0659180542971205
7000.0,9184.0,1.5246432098056908
7040.0,4771.0,2.7382024883993106
7052.0,6191.0,1.7139092936865024
6862.0,9019.0,2.558824806235762
6862.0,10768.0,2.8417376317179266
6876.0,2600.0,1.3168260069177657
6876.0,9019.0,1.9837061457503995
6876.0,9704.0,1.5925938788920913
7188.0,10906.0,2.312368069406107
7188.0,19577.0,2.366699656614861
7188.0,15768.0,2.7367556305140375
7188.0,10462.0,1.7299702239848633
7189.0,4456.0,2.772729114997715
7202.0,14028.0,1.7358565053723847
7202.0,14848.0,2.06899492000983
7211.0,9543.0,1.5466080942511948
7280.0,8731.0,1.3648487025175733
7280.0,23213.0,2.064536845558973
7152.0,44245.0,2.6481697674840903
7164.0,10049.0,2.171636981869948
6710.0,37081.0,2.0194153163283883
6710.0,20502.0,2.3941636674853415
6710.0,36162.0,1.5090975669842774
6710.0,47679.0,2.538853900562093
6673.0,9220.0,1.7584996217717057
6815.0,9971.0,1.7959355218824182
6844.0,47906.0,2.128450538742632
6844.0,15416.0,1.558808532758672
6794.0,8933.0,1.1773630439126508
6397.0,18566.0,2.265435605187318
5337.0,18329.0,2.4321961715510376
5337.0,43742.0,2.8224378166568584
5337.0,38351.0,1.505560453928062
5337.0,2215.0,1.4362955939645035
5337.0,13612.0,2.586097745406308
5337.0,19126.0,1.1597971983922513
5337.0,34813.0,1.501060075997932
5326.0,10410.0,2.2850962182569208
5186.0,28403.0,2.429443026037621
5186.0,8682.0,2.40282705174328
5272.0,3420.0,1.0971198680762206
5278.0,25316.0,2.9313236056602636
5510.0,23814.0,2.2344362430781803
5580.0,3371.0,2.0389819895424166
5617.0,7353.0,1.2001740204781381
5686.0,7486.0,2.8803438932436176
5696.0,8049.0,2.108451751983914
5487.0,10680.0,1.0929433515191196
5487.0,17547.0,2.3280001781636526
5487.0,37960.0,2.613997913277226
5388.0,7093.0,2.80361571078584
5422.0,7882.0,2.536523900083761
5462.0,7160.0,2.880952817154328
5120.0,8615.0,1.302558424502584
5121.0,6704.0,1.9579463019369678
5125.0,50642.0,2.802265543114267
5125.0,49979.0,2.7550642007504287
5139.0,5268.0,2.593433280705586
5142.0,12276.0,2.864549129518209
5079.0,16175.0,2.56412137998887
5079.0,26478.0,1.734329391152636
5079.0,34972.0,2.926138745002195
5167.0,49932.0,1.7501297108894431
5167.0,35318.0,2.849003278977202
5167.0,35904.0,2.640508310725842
5167.0,9884.0,2.6297070966576186
5167.0,27103.0,2.241351962906645
5167.0,32252.0,2.755868133460053
6236.0,17775.0,2.5722929138436985
6254.0,49708.0,1.1778337937945775
6254.0,18668.0,2.207334474423325
6256.0,8650.0,1.5844047554936602
6263.0,16665.0,1.7317027543473424
6268.0,8057.0,2.4087103194924318
6272.0,2112.0,2.4888452023371164
6272.0,399.0,1.0132762005248253
6308.0,41647.0,2.3140891648607322
6308.0,22709.0,1.2606288246879045
6308.0,48351.0,1.1595183454197326
6308.0,37922.0,2.11826065313418
6308.0,38637.0,1.7291423129706676
6308.0,41004.0,2.6310853982853666
6321.0,6839.0,2.911683985916989
6285.0,8146.0,1.483526483210109
5844.0,36638.0,1.0238123472524006
5850.0,7680.0,1.3362503621793487
5877.0,10204.0,2.9191668750534734
5885.0,7931.0,2.434666760994043
5898.0,7668.0,2.7940702990813735
5961.0,14772.0,1.8293131580310498
5961.0,18381.0,2.1016749684843585
5973.0,8056.0,1.5100091232793356
5973.0,9759.0,1.1009512815012952
5827.0,23136.0,1.3303512300188667
5811.0,7666.0,2.1001660577994947
5730.0,41636.0,2.6871080540629233
5775.0,7267.0,2.9473371749561394
5775.0,9502.0,2.327012074831156
5775.0,9554.0,1.4698444650078664
5775.0,13801.0,2.59421674201362
6181.0,8516.0,2.7254518089035153
6185.0,5332.0,2.024439171387125
6190.0,8055.0,1.6072068085012299
6228.0,17481.0,2.9619264625703416
6042.0,7589.0,1.7110578037441686
5027.0,20700.0,1.2545117650430986
5027.0,23145.0,1.7498203806521389
9094.0,51914.0,1.9080524572828543
9113.0,12472.0,2.158858881383145
10208.0,13581.0,1.5986109777960467
10232.0,548.0,1.0222844971175475
10240.0,13578.0,1.2992349378314656
8980.0,8757.0,1.8446284593842903
8980.0,13814.0,1.034763324479169
9039.0,37119.0,1.9490896667347393
9085.0,12469.0,1.3956156734867389
10622.0,14524.0,2.003099527487177
10630.0,9938.0,1.2891548857360746
10611.0,18727.0,2.1148555821226784
10516.0,11249.0,2.260340307259093
10570.0,13907.0,1.526667053805121
8755.0,12438.0,2.2536492208008516
8755.0,22815.0,2.724694747983449
8755.0,14263.0,2.0035276341174026
8755.0,28122.0,1.0184705441637125
8755.0,15483.0,2.325083232684441
8755.0,14280.0,2.7022138082166105
8755.0,7353.0,2.8307374484605563
8755.0,16228.0,1.8344383485738232
8755.0,14680.0,2.328755002668805
8755.0,32613.0,2.6599304666046564
8755.0,20211.0,1.078859687820147
8755.0,23304.0,1.6023924467956976
8755.0,26841.0,2.8076591298763285
8755.0,13874.0,2.5866490375004574
8755.0,14343.0,2.94773726018422
8755.0,14454.0,2.8723274157257155
8755.0,11207.0,1.8906655138920756
8755.0,13785.0,2.418604824658915
8755.0,13807.0,1.4737266898376382
8755.0,14026.0,1.5304926181221836
8755.0,17189.0,1.6969776980405857
8755.0,17392.0,1.7959503900127327
8755.0,18660.0,2.4417907961215346
8755.0,11075.0,2.400923249050734
8858.0,11187.0,1.290847891038198
8865.0,40096.0,2.2534257110043705
8865.0,46056.0,1.3956077297548635
8865.0,39295.0,1.0615800974902116
8865.0,18338.0,1.5696664430657434
8865.0,39830.0,1.8538168074845296
8883.0,49721.0,2.6805724714630004
8930.0,19994.0,1.3182752392260297
11387.0,19092.0,2.1501840476489043
11387.0,28376.0,2.845075687310058
11400.0,11187.0,2.5424568607499154
11430.0,15086.0,1.0080744295286694
11430.0,16265.0,2.311765630722381
11374.0,14881.0,1.306737356959466
11209.0,30469.0,1.704884156871035
11209.0,641.0,2.8448849058090184
11209.0,22544.0,1.3622152066451594
11209.0,38909.0,1.948538315800806
11209.0,15167.0,2.5616667216224984
11209.0,16010.0,1.8734509093790837
11209.0,18246.0,2.4108522986344347
11209.0,14639.0,1.2339036579794969
11209.0,6577.0,2.145443442297127
11313.0,14837.0,2.7639958229975905
11384.0,3737.0,1.4651605433163224
11643.0,1059.0,1.823237671102064
11643.0,40967.0,2.3719468476367043
11643.0,31908.0,2.6582655525455356
11657.0,7341.0,1.0114695543870393
11515.0,1586.0,2.9667172417207723
11551.0,14983.0,1.7096179896144026
11577.0,15055.0,2.5687433126079284
11591.0,41240.0,1.7967729624131368
11616.0,50551.0,2.9235536694802002
10784.0,9228.0,1.3871797253627312
10966.0,23750.0,2.4363208002953165
10996.0,9316.0,2.3979242168182076
10996.0,17229.0,2.7444537340423265
11077.0,14562.0,2.5271686157430535
11084.0,907.0,1.867727720345155
11089.0,14301.0,1.3460943548614186
11136.0,10540.0,1.826276303259232
11147.0,14645.0,2.1813166110715105
11169.0,6686.0,2.3025361082363704
8163.0,10909.0,1.068515209341162
8163.0,2282.0,2.5326473711863478
8163.0,10737.0,2.1440639342105845
8163.0,3465.0,2.9005723570789312
8188.0,17446.0,2.716172538052276
8188.0,34220.0,1.8715605047386927
8188.0,15235.0,2.6333762423727163
8188.0,14983.0,1.7940845929159217
8188.0,19212.0,2.065254823571469
8188.0,23877.0,2.7307570993428847
8081.0,22173.0,1.4534284070627894
8076.0,7531.0,2.5150297572864613
7922.0,8630.0,1.1118026871617301
7927.0,8630.0,1.4939445038761872
7992.0,10274.0,2.091608537155932
7998.0,14958.0,2.386359124107111
7998.0,15838.0,1.723146051867326
7998.0,18012.0,2.9956778115212304
8014.0,2.0,1.3526870970034066
8040.0,10302.0,1.4571980069272787
8256.0,48201.0,2.766355863786923
8380.0,15034.0,1.7199944620417795
8380.0,7011.0,2.5958853813453273
8380.0,10692.0,1.1653297081802858
8211.0,10408.0,2.5030777643304565
8192.0,36965.0,1.907658762702366
8192.0,36480.0,2.415968867370238
7450.0,10159.0,1.3264102117669736
7450.0,6166.0,1.7217566595902327
7496.0,9849.0,2.809137158322998
7505.0,4290.0,2.6973821045448965
7550.0,9832.0,2.2778554757199734
7569.0,9981.0,2.0724005265446
7569.0,10425.0,2.705191539522989
7569.0,12491.0,2.3708310963082635
7569.0,16416.0,2.046358992524701
7395.0,9788.0,2.3756730827791293
7395.0,10003.0,2.5142439726236048
7302.0,9585.0,1.914611104334686
7329.0,9139.0,2.2615125376388865
7336.0,805.0,1.2972459213838219
7336.0,8373.0,2.8154304152270413
7336.0,9609.0,2.6683679060672727
7387.0,18950.0,1.2040190033558127
7387.0,9422.0,1.709980511397998
7387.0,19211.0,2.9385283145639325
7772.0,9956.0,2.3648705179404796
7646.0,15351.0,1.8555016636999246
7654.0,402.0,2.3106512919991262
7654.0,23479.0,1.4067073320248087
8436.0,50094.0,1.935765167499646
8436.0,11255.0,1.1079298815850973
8436.0,17655.0,1.6145627965562734
8497.0,11024.0,1.4653187440481492
8385.0,7083.0,2.6101704898221385
8691.0,19830.0,1.3941970625986848
8691.0,13652.0,2.3205524265888817
8691.0,14247.0,1.6897042968920366
8691.0,13972.0,2.600363729342841
8725.0,8420.0,1.9174018354404314
8532.0,17057.0,2.220512831307433
8532.0,2215.0,1.737271079895658
8532.0,15361.0,1.2566997103856532
8690.0,11034.0,1.384899576767508
8690.0,14540.0,1.3217074878695338
5005.0,8771.0,1.1938451498270548
2703.0,1456.0,1.474294266472662
2703.0,17811.0,1.6942067694406406
2703.0,36178.0,1.6567946699253961
2703.0,16742.0,1.1615808036288353
2703.0,16920.0,2.346894014404872
2703.0,6572.0,2.371356271408156
2703.0,16414.0,2.3756136498696776
2703.0,17451.0,1.745469952534364
2703.0,10301.0,1.5887459566710989
2703.0,22809.0,2.7283171988908617
2703.0,26627.0,2.144430630879963
2703.0,41562.0,1.917759695564252
2703.0,38520.0,1.0831704147125474
2703.0,27329.0,2.684609149768856
2703.0,4320.0,1.6224794022372477
2703.0,3616.0,1.3743538522445455
2703.0,17723.0,1.0669312625077163
2703.0,4421.0,1.9892554210055247
2703.0,4796.0,2.8422746486939787
2703.0,23877.0,2.944537816584483
2703.0,14984.0,2.9223886428687247
2703.0,18708.0,1.18273576393435
2703.0,18824.0,1.6893152810839283
2703.0,18833.0,2.8751332365052704
2703.0,22015.0,1.3248095494190213
2703.0,18280.0,2.0546157156528944
2703.0,17572.0,2.3584357103151987
2703.0,17610.0,2.8824542511970073
2703.0,18004.0,1.5801023057674153
2703.0,18199.0,2.5810433653599247
2703.0,23731.0,2.6582050775857056
2703.0,24005.0,2.2502016446008826
2703.0,24050.0,1.3886319506952491
2703.0,22862.0,1.3673218197238668
2703.0,23083.0,2.341412626284396
2703.0,23108.0,2.4486989918560043
2703.0,23216.0,1.9836632647091792
2703.0,23326.0,1.4742802435865592
2703.0,23358.0,1.2588203578694703
2703.0,17501.0,2.760637938510939
2703.0,17461.0,1.6183703743717557
2703.0,3201.0,1.1731821947992218
2703.0,12513.0,2.0650035998036413
2703.0,14626.0,1.2207678751362707
2703.0,15252.0,2.7132405561390156
2703.0,4434.0,1.6524257632577264
2703.0,8306.0,1.4492403901080793
2703.0,35364.0,2.8117289457454557
2703.0,26724.0,2.6260922431706026
2703.0,26968.0,2.9903055854377687
2703.0,17881.0,2.4210525741432027
2603.0,7188.0,2.305493858705896
2603.0,9609.0,2.969816819827259
2603.0,17054.0,1.8116221369273708
2603.0,9273.0,2.049140446464232
2603.0,10985.0,2.3996497773217995
2637.0,5719.0,1.678344384030158
2697.0,3821.0,2.9619397304862907
2995.0,3433.0,2.234094912520165
3068.0,5691.0,2.870016534785758
3068.0,3550.0,1.6092252375240885
2974.0,4221.0,1.2618103527504287
2857.0,3348.0,1.5894107099160266
2867.0,3371.0,1.3458634818780268
2893.0,3383.0,1.3716081799089437
2944.0,3433.0,1.9442951733907634
2954.0,3433.0,2.3119652402533886
2958.0,3000.0,1.0112528561180907
3126.0,8146.0,2.281288502452715
3126.0,10579.0,1.7326327432024582
3126.0,7765.0,1.0422684704824745
3126.0,8154.0,1.045803075274831
3126.0,5337.0,1.869888342419106
3126.0,10183.0,2.680916929601626
3126.0,3058.0,1.1464293923803281
3114.0,4845.0,1.9404311042426416
3114.0,4597.0,1.2131231057939198
3114.0,3070.0,1.879164390402317
2722.0,3150.0,1.5959256769690857
2722.0,1570.0,1.958398396442434
2722.0,3235.0,2.4934981779349616
2722.0,4087.0,1.9151665083955407
2828.0,35536.0,2.677903460453072
2828.0,48450.0,2.95925100159686
2828.0,27634.0,2.6756710118699703
2828.0,34403.0,1.589036345922783
2033.0,19298.0,1.1378749608854657
2033.0,27394.0,1.563009830446801
2033.0,8771.0,2.9481035716215467
2033.0,8467.0,1.792376972700613
2033.0,9937.0,1.0383222244258468
2033.0,14299.0,1.2042321909537295
2033.0,23358.0,1.6725216952561972
2033.0,10224.0,1.6925130841804676
2033.0,23306.0,1.6108560943469035
2033.0,14504.0,2.0103323777116184
2027.0,5264.0,2.9830880702902993
2027.0,4816.0,1.4032432213231296
2027.0,19665.0,1.686219561020003
2067.0,1056.0,2.635813819800914
2080.0,42662.0,1.8900860303829783
2087.0,3049.0,1.1770861689121213
2111.0,2507.0,1.9055659539084226
2114.0,8560.0,1.1938312610042392
2011.0,2314.0,1.7683021080906687
1993.0,16414.0,1.820009864238394
1791.0,1507.0,2.8480830697752206
1792.0,598.0,1.2487673190643824
1792.0,3117.0,1.4481861542458263
1762.0,2361.0,2.508147401194865
1781.0,4828.0,1.4541736690212002
1781.0,6134.0,1.4682727130348041
1898.0,2074.0,2.778258204601822
1941.0,1823.0,2.4770200823377784
1941.0,2456.0,1.6800457912950313
1808.0,2024.0,1.9804856949254612
1835.0,2561.0,1.4901219732224542
1835.0,15809.0,2.1573032944070016
2158.0,10696.0,2.1887042505772456
2158.0,3111.0,2.741911866433636
2158.0,5421.0,2.4728351942343947
2158.0,9470.0,1.2471865160912212
2158.0,10132.0,2.0639773334011977
2433.0,4709.0,1.2937105737682986
2440.0,2929.0,1.1512784197133572
2459.0,4381.0,1.9398938912671948
2459.0,4551.0,1.028352810365926
2459.0,5199.0,1.16890033097368
2459.0,2482.0,1.5635535698262035
2459.0,4484.0,1.0659484536858044
2417.0,16071.0,1.4520368475713696
2382.0,5210.0,1.9102609597566185
2382.0,4989.0,2.945334740552396
2383.0,8242.0,1.2632779024591239
2408.0,4245.0,1.5597921453675778
2411.0,39573.0,1.1684760503553404
2411.0,40107.0,2.154484597010513
2465.0,1915.0,2.4542758117566716
2464.0,5431.0,2.673750365089651
2209.0,5998.0,2.6723248407686166
2224.0,6080.0,1.1071390735377284
2280.0,8067.0,2.8874472564852103
2280.0,3058.0,2.0745354549810893
2280.0,2796.0,2.997497889310024
2280.0,2886.0,2.5468559229907033
2280.0,3016.0,1.7922845219976298
2280.0,20654.0,1.1196751588019231
2280.0,25330.0,1.0078773190668198
2280.0,10618.0,1.9313105924073766
2280.0,3603.0,1.2995330253553545
2280.0,9984.0,1.6274177846745637
2192.0,9044.0,2.6028872900200115
2177.0,3498.0,1.9964159041662608
2287.0,2799.0,1.695023950878149
2356.0,2779.0,2.2157135057950996
3943.0,14123.0,1.9767865961468516
3943.0,10041.0,1.6456314186273315
3943.0,6574.0,1.303765473027582
3943.0,42163.0,2.280257859847808
3943.0,7556.0,2.9805399701516135
3943.0,32400.0,2.2126189143079364
3943.0,2241.0,2.3420000269809425
3943.0,3665.0,2.602138352979388
3943.0,7782.0,2.374171681857025
3943.0,8197.0,1.8582915488919598
3943.0,8440.0,2.928450831956461
3943.0,6996.0,2.1947631434365467
3943.0,6620.0,2.767269509760897
3943.0,20159.0,2.888694945511767
3943.0,20703.0,1.111996327413416
3943.0,10112.0,2.931393365200867
3943.0,12327.0,2.867572933715283
3943.0,8107.0,1.1180483261523593
3943.0,6673.0,1.2515271225325169
3943.0,4838.0,2.7387403919947095
3943.0,5951.0,2.292345933479397
3943.0,6434.0,1.0516652122868353
4020.0,20180.0,2.37475520338292
4020.0,6828.0,2.698729783357635
4020.0,20753.0,1.6444988643817329
4020.0,34542.0,1.6263636583689487
4020.0,3487.0,2.246261397251096
4020.0,9214.0,1.2696748567090796
4020.0,9700.0,1.8151912991518837
4047.0,3429.0,2.521366340849564
4060.0,8912.0,1.7910819861506353
4082.0,4847.0,2.019743034082852
3926.0,3389.0,1.546911470602718
3926.0,5523.0,2.640581421774765
3835.0,41361.0,2.2486515141554353
3835.0,50771.0,1.7597394057048465
3835.0,15278.0,1.1757952652231332
3835.0,15386.0,2.267546418601351
3835.0,38520.0,1.9729345471691238
3835.0,805.0,1.7688708777179913
3835.0,27785.0,1.1692123145906002
3835.0,31751.0,2.607207135258668
3835.0,44387.0,1.148094001828528
3838.0,4886.0,1.9262975932648683
3840.0,4845.0,2.584412573539967
4092.0,510.0,2.954094398077573
4092.0,5722.0,2.8550604936591513
4092.0,7247.0,1.992916140447746
4092.0,12450.0,2.896292400916746
4092.0,13604.0,2.564352893997893
4092.0,5756.0,1.9028813439959695
4092.0,4120.0,2.031961818210733
4092.0,10919.0,2.777105464569006
4092.0,23721.0,1.459465668408759
4670.0,10664.0,2.629745003587714
4795.0,18423.0,1.0136564282675251
4795.0,31325.0,1.3582076775505445
4795.0,5916.0,1.8524096042456568
4795.0,16093.0,1.4820908271596478
4795.0,17497.0,1.0182698669115187
4795.0,18137.0,1.2636933938300667
4566.0,14886.0,1.6623669724131862
4566.0,15402.0,1.5962312385761703
4566.0,5871.0,2.133603138498084
4573.0,5865.0,2.278043308430072
4616.0,6029.0,1.672009641513721
4859.0,6264.0,2.83542742995828
4873.0,6272.0,2.137042249767058
4887.0,16672.0,1.8946722171794559
4889.0,6297.0,2.281762096553706
4903.0,4765.0,1.7763764430085316
4910.0,8535.0,1.3589723602333146
4910.0,8442.0,2.189528739912324
4930.0,6363.0,2.528341482317293
4855.0,8380.0,1.9925832702036883
4527.0,5465.0,2.7434823004282456
4146.0,17209.0,1.473665884295356
4146.0,22329.0,1.0602615267792113
4199.0,5426.0,1.648105474153726
4226.0,5461.0,2.0539303221624525
4263.0,5499.0,2.0009663359596024
4278.0,5861.0,2.100880042669773
4278.0,5504.0,2.8936763416085602
4129.0,5413.0,1.4150824747813278
4301.0,23889.0,1.641972465272842
3451.0,37851.0,1.0799584958613506
3451.0,5920.0,1.8482250652869792
3451.0,16401.0,2.9401756960306598
3451.0,8437.0,1.8820358577297267
3458.0,35888.0,2.57759393076803
3458.0,34482.0,1.0523307134278725
3337.0,4263.0,2.0603983570227093
3343.0,13584.0,2.7617679818143954
3398.0,52110.0,1.4997736466714309
3575.0,41685.0,2.1961606709322545
3575.0,42787.0,2.355921250266471
3606.0,3122.0,1.4500377859440623
3606.0,9267.0,2.992693272549901
3480.0,8316.0,1.6529606717099894
3499.0,4105.0,1.1817535565314745
3508.0,5300.0,1.0245294357897872
3178.0,44883.0,1.503371079734817
3178.0,49844.0,2.89017882368187
3178.0,40562.0,2.188337534569089
3178.0,50647.0,1.73213700174182
3178.0,41191.0,2.606979541082014
3178.0,43096.0,2.183821854548123
3178.0,44331.0,2.9559377628253922
3178.0,44925.0,2.5112403129360974
3181.0,3637.0,2.7467082032228625
3194.0,4265.0,1.2276572838489077
3194.0,3235.0,1.3935206876526673
3194.0,3831.0,1.88017055455152
3206.0,3777.0,1.8698609143491887
3211.0,6905.0,2.207391100068942
3312.0,2560.0,1.2969603823483604
3312.0,1091.0,2.430940774035607
3312.0,4037.0,2.0942818109929746
3252.0,1955.0,1.7009655686818215
3288.0,3074.0,1.51804786850443
3790.0,15791.0,2.1145810773915534
3790.0,4501.0,2.0020949649325344
3790.0,22002.0,1.3696382830664438
3790.0,9971.0,2.5649222776948157
3790.0,30094.0,2.2641850513831105
3790.0,8635.0,2.933133060156596
3790.0,7680.0,1.8205183063096375
3790.0,17572.0,1.1361809877434508
3790.0,9278.0,2.874038639357583
3790.0,5226.0,2.7383212971766637
3790.0,10183.0,1.249751754709736
3790.0,5622.0,1.085068524757379
3790.0,14856.0,2.037968695014061
3790.0,10587.0,1.85367340125666
3790.0,22579.0,2.516563867036703
3790.0,26876.0,2.616783535837972
3790.0,4753.0,2.6473139815167075
3790.0,5274.0,2.2684468145016683
3790.0,7797.0,1.151881003959558
3790.0,6353.0,2.1410839186417157
3668.0,20304.0,1.458687664964453
3789.0,4740.0,1.986395011702825
3677.0,45431.0,2.4712711194867234
3704.0,7670.0,1.1340109910529819
3727.0,4681.0,1.4639644805534915
3768.0,3360.0,1.9169461579544513
3776.0,965.0,2.4404576633838664
10939.0,1244.0,1.6066942481430149
26157.0,27352.0,2.1296927932023606
