4.0,96.0,2.114215274356358
4.0,2560.0,2.59137054471928
25579.0,5003.0,2.4385460344181773
25579.0,7652.0,1.779059318725444
25579.0,8841.0,1.319732933979587
25579.0,8904.0,1.2907197491784994
25579.0,9158.0,1.5364445204223725
25579.0,4398.0,1.2362588721481518
25579.0,773.0,1.3661301910544004
25579.0,1367.0,2.653810613108919
25579.0,2093.0,2.3228489729807493
25579.0,2274.0,2.2261904002005295
25579.0,2968.0,1.754249305941596
25579.0,3803.0,2.071723854556545
25579.0,9964.0,1.5836861462302865
25579.0,12342.0,2.763268380812688
25579.0,12373.0,2.124063426412457
25579.0,13822.0,1.9338743643487508
25579.0,14841.0,1.2235864249736277
25579.0,32076.0,2.858942911878004
25579.0,32323.0,2.7118365730712606
25579.0,31567.0,1.835194578938144
25579.0,31608.0,1.2853349068838493
25579.0,31708.0,1.2347858873422406
25579.0,31967.0,1.5991792019254814
25579.0,32015.0,1.183260723716118
25579.0,31485.0,2.815813942966364
25579.0,32694.0,2.9337186466789156
25579.0,34693.0,1.5101625745032803
25579.0,34704.0,1.3838889866235924
25579.0,34743.0,1.3551086520711244
25579.0,34749.0,1.6612297621866015
25579.0,35190.0,2.031798338812682
25579.0,35334.0,1.293495477588027
25579.0,35365.0,2.3508385377121632
25579.0,35424.0,2.854446793033975
25579.0,34644.0,1.5648279957809927
25579.0,34322.0,1.9487792475912773
25579.0,27530.0,2.637669084579334
25579.0,27779.0,2.455440799234151
25579.0,27794.0,1.0559097727449374
25579.0,27982.0,2.7190519800455
25579.0,27082.0,1.2723474257444864
25579.0,22208.0,2.1561596463439745
25579.0,23395.0,2.618928966989669
25579.0,23757.0,2.9738065612397806
25579.0,23868.0,2.47749692255477
25579.0,26712.0,2.4858994437734534
25579.0,31402.0,2.522300134687582
25579.0,30816.0,1.1178785292568638
25579.0,30873.0,1.2227960127090152
25579.0,30929.0,2.528241548433466
25579.0,31026.0,1.7007692061687538
25579.0,31206.0,2.418823399038848
25579.0,30078.0,2.0600577328894616
25579.0,30031.0,1.2828965201519582
25579.0,28927.0,1.9443641345309226
25579.0,28350.0,2.4358961905996424
25579.0,28382.0,2.2291166290707443
25579.0,28710.0,2.7289125539423518
25579.0,28858.0,2.223784269586746
25579.0,35569.0,2.057286684483615
25579.0,40820.0,2.7643199262973464
25579.0,35637.0,2.499221256580568
25579.0,37524.0,1.2306580445965754
25579.0,37709.0,1.1620282283269308
25579.0,36224.0,2.356811568844491
25579.0,36251.0,2.7425105056201464
25579.0,37276.0,1.1427399712735276
25579.0,38749.0,2.745264625604009
25579.0,39512.0,2.0656876339884827
25579.0,35624.0,1.226927550960467
25579.0,37757.0,1.8682587365699093
25579.0,37811.0,1.9803246098135252
25579.0,37916.0,2.6214919330874324
25579.0,38460.0,1.0311333005896217
25579.0,38606.0,2.5802677271089474
25579.0,38283.0,1.1383193266853988
25579.0,37198.0,2.0284118787538463
25579.0,37286.0,2.271742826523937
25579.0,37440.0,2.220991209696623
25579.0,37603.0,1.5457435935538792
25579.0,37666.0,1.4469256350868522
25579.0,39648.0,1.2322038821551826
25579.0,39770.0,2.837799437205418
25579.0,39420.0,1.8328279689582254
25579.0,38775.0,1.9265407189101722
25579.0,38921.0,2.986680018834196
25579.0,39025.0,1.1065863336368436
25579.0,39063.0,1.6101531645925835
25579.0,39075.0,1.4586565607200377
25579.0,39429.0,1.153520648193522
25579.0,37179.0,2.20496434895895
25579.0,36074.0,1.4083051488486722
25579.0,36170.0,1.0324729253067821
25579.0,35968.0,2.766416819418578
25579.0,35711.0,2.3168321163437997
25579.0,35791.0,1.2251144924722122
25579.0,35800.0,1.9022574809602852
25579.0,35848.0,1.4173557958007403
25579.0,35930.0,1.4815099631634308
25579.0,36282.0,1.3472882545772793
25579.0,36837.0,2.1121759443496755
25579.0,36957.0,1.8040039841787818
25579.0,37068.0,1.2447804736802008
25579.0,37108.0,2.248010309489686
25579.0,37129.0,2.475279231546592
25579.0,36327.0,1.6051639207044428
25579.0,36355.0,1.6258103345333825
25579.0,36453.0,1.309349259459105
25579.0,36513.0,2.6661319472856055
25579.0,36548.0,2.2114647605911086
25579.0,36635.0,1.283072170389445
25579.0,49875.0,2.8780805780610867
25579.0,50540.0,2.8619588312968047
25579.0,48063.0,2.2544635550277796
25579.0,45622.0,1.4440234863033177
25579.0,45834.0,2.735794738186531
25579.0,45977.0,1.4550735382652755
25579.0,47202.0,1.105848895869306
25579.0,47374.0,2.1574425498847134
25579.0,47805.0,2.4489275254222096
25579.0,45317.0,2.759748711355092
25579.0,42192.0,1.55945394701278
25579.0,42259.0,2.7339606793013114
25579.0,42352.0,1.2616169331053517
25579.0,42363.0,2.349572221073802
25579.0,42416.0,1.7623030863878373
25579.0,41832.0,2.859470200932437
25579.0,41763.0,1.204053263830979
25579.0,40602.0,1.6867298907662827
25579.0,40725.0,2.1269297513887784
25579.0,40875.0,2.7977304621589605
25579.0,40881.0,2.9112583175151743
25579.0,40925.0,2.0425417185882297
25579.0,41014.0,1.4357206003813061
25579.0,41494.0,2.3426314916175768
25579.0,41736.0,1.2819919403885596
25579.0,42440.0,2.358971374976072
25579.0,43672.0,1.6390560681037403
25579.0,44154.0,2.737219214875239
25579.0,44365.0,1.5547521402780633
25579.0,44901.0,2.663719140542109
25579.0,45002.0,2.9525322769445532
25579.0,42997.0,1.6457232229753322
25579.0,43036.0,1.637599262116257
25579.0,43274.0,1.9268982103182763
25579.0,45363.0,1.7745663639938385
25375.0,41968.0,2.4464714253207864
25394.0,26590.0,1.6008012944583272
25398.0,48525.0,2.8351858403371795
25415.0,4956.0,1.6742017972619334
25415.0,6923.0,1.607715691926785
25415.0,36176.0,2.1260617129340753
25415.0,44255.0,1.8597310224311103
25415.0,44319.0,2.2399457896148807
25415.0,45694.0,1.7150316046152563
25415.0,45929.0,2.403358545620346
25415.0,43496.0,1.206991001185664
25415.0,37593.0,1.9339877142123512
25415.0,38250.0,2.8380995036878622
25415.0,39334.0,2.4761876972304155
25415.0,39437.0,1.7670593971578576
25415.0,41842.0,1.2621619936772754
25120.0,27223.0,1.356310827644501
25153.0,26486.0,1.35826961314115
25206.0,40275.0,1.0119402542592006
25220.0,32418.0,1.5485342571100509
25281.0,26918.0,1.106787454713652
25359.0,28279.0,2.3795439548488972
25425.0,16419.0,2.9466112315193316
22400.0,23681.0,2.394506915883614
22400.0,23449.0,2.7750401771792603
22504.0,18951.0,1.1665429001238643
22504.0,32951.0,2.678611787982638
22504.0,32957.0,1.5058538894660614
22504.0,45589.0,1.8176347816439646
22385.0,43150.0,1.4219987520248991
22385.0,32719.0,1.947281173272723
22367.0,16234.0,1.9871109006513288
22367.0,14090.0,2.887873407309881
22367.0,50294.0,1.2408073503675756
22367.0,52191.0,2.041662534270786
22367.0,48395.0,2.431263979256999
22367.0,36029.0,1.7296403043062332
22367.0,36594.0,2.0842349695803786
22367.0,37266.0,2.936480172336097
22367.0,38290.0,2.1736923293974493
22367.0,38491.0,1.8112017752109701
22367.0,39802.0,1.7315211103926438
22367.0,35783.0,2.1884867865382125
22367.0,35608.0,1.9328401870570968
22367.0,34236.0,2.5898902532243673
22367.0,34262.0,1.5377955018803957
22367.0,34825.0,2.160869068878046
22367.0,34846.0,2.7261052314549996
22367.0,35153.0,1.2302431334331139
22367.0,35431.0,1.1494941588082246
22367.0,35739.0,1.4812901482045664
22367.0,46029.0,1.4279487080027469
22367.0,47186.0,1.8423083080674523
22367.0,47821.0,2.4632231788890753
22367.0,47966.0,2.289538107241304
22367.0,44662.0,1.628246983513297
22367.0,40494.0,1.863467948613487
22367.0,40665.0,1.0612864634339427
22367.0,40716.0,2.793640525775589
22367.0,41000.0,1.5524201666605195
22367.0,41250.0,2.0762733841671652
22367.0,32357.0,1.6168579973574542
22367.0,32298.0,2.928695434610289
22367.0,4923.0,2.7208891387969807
22367.0,27758.0,2.93642474113384
22367.0,27918.0,1.8340449029682866
22367.0,31319.0,1.5005597357745435
22367.0,31414.0,1.7539278819132325
22367.0,31949.0,1.379168321008773
22367.0,26535.0,1.3728542460099886
22367.0,26366.0,2.0969270547366525
22367.0,7626.0,1.2689935107771868
22367.0,16122.0,1.0790275073095652
22367.0,20420.0,1.906340886144691
22682.0,40820.0,2.2612171862844814
22682.0,44051.0,2.1711323919642025
22733.0,23743.0,1.2569214419582613
22733.0,24099.0,1.966979670012225
22784.0,12476.0,1.950090207848049
22806.0,26460.0,2.803075911879775
22522.0,36926.0,2.560367514330194
22522.0,40535.0,1.5615718008597528
22522.0,40900.0,1.1332888596493815
22545.0,26370.0,2.4001552993009563
22624.0,23619.0,1.2866043328455457
22879.0,44245.0,2.6687592744875777
23274.0,25262.0,2.544903347408773
23293.0,8520.0,1.0861805809548508
23481.0,47350.0,1.2751118954245813
23506.0,44100.0,2.6804881517087393
23506.0,45993.0,2.058043697844498
23506.0,51944.0,2.249944489631309
23149.0,52155.0,2.1651470487071007
23149.0,45017.0,2.6085266127202935
23149.0,32459.0,1.9302947295609583
23149.0,44175.0,1.5580271486295232
23188.0,1333.0,1.3955518378024814
23188.0,44935.0,2.449409235290772
23188.0,47933.0,1.2552201551279563
23203.0,36204.0,2.0880938889412173
23254.0,20860.0,1.3182346774532483
24765.0,26416.0,2.485944696876544
24937.0,25181.0,1.3555723835836444
24966.0,23943.0,1.107893308418598
24987.0,26671.0,2.103362656735313
24991.0,26664.0,1.5006899418757442
23523.0,2080.0,1.5667551833967217
23554.0,39276.0,2.878679261344348
23580.0,9701.0,1.733446544269233
24599.0,35152.0,2.8865590341540255
24645.0,43371.0,2.8844778219251
24698.0,3430.0,1.5277948490000473
23087.0,27572.0,2.3151380565895057
23087.0,28505.0,1.4620008622431007
23087.0,30234.0,1.2884282509461864
23087.0,34481.0,2.5136735247971513
23087.0,14232.0,1.1817014937770203
23087.0,15416.0,1.432945507337286
23087.0,44318.0,1.2041860048259758
23087.0,35472.0,2.497526558256663
23087.0,40561.0,1.8157616917390946
23087.0,41804.0,1.390984362790343
23087.0,41989.0,2.5284830325855423
22916.0,7013.0,1.5395034896807422
22922.0,23849.0,1.4910709062959693
22976.0,26494.0,1.497015408954071
22976.0,27158.0,1.918314320420031
23035.0,31388.0,2.4531256693918957
23059.0,25167.0,1.7136778364326244
23067.0,23967.0,1.071849388866678
26143.0,74.0,2.6322888502675417
26297.0,10490.0,1.8803108267711175
26120.0,16763.0,2.0370228405258315
26088.0,31385.0,1.7000403033064186
26046.0,23175.0,1.1130024545800656
25619.0,27726.0,2.190320599762069
25659.0,29994.0,1.6321240232212968
25723.0,27861.0,1.6504668100634832
25847.0,20313.0,2.712105172737063
25868.0,27392.0,2.65947933351178
26476.0,27940.0,2.113158914286746
26648.0,30929.0,1.9269589510659924
26648.0,31231.0,1.4851263733318045
26648.0,25326.0,2.554527859727026
26648.0,8376.0,1.5503881891803224
26648.0,8886.0,2.5845287379692596
26648.0,9907.0,1.8210105232001905
26648.0,11220.0,1.7209917372439887
26648.0,8048.0,1.3465072113315544
26648.0,13945.0,2.081529253829446
26648.0,30972.0,2.8217085454231112
26648.0,31365.0,2.068959032795202
26648.0,30361.0,2.709152817001378
26648.0,30389.0,2.3853333768010074
26648.0,30469.0,1.8100593270356347
26648.0,30501.0,1.9521778509889491
26648.0,30507.0,1.821433019580196
26648.0,30522.0,2.308886931782661
26648.0,30796.0,1.1195868083074028
26648.0,34463.0,2.8524006894640346
26648.0,34494.0,2.493987969438198
26648.0,34513.0,1.127758762913888
26648.0,35168.0,2.407728838311757
26648.0,35178.0,2.0094166498849173
26648.0,35991.0,2.076230584483386
26648.0,36017.0,1.9120745028172699
26648.0,32706.0,1.1344046756808999
26648.0,31896.0,1.6782297171769809
26648.0,32209.0,2.7110571495958387
26648.0,32423.0,1.2049869983045898
26648.0,32469.0,2.5607182913230275
26648.0,19495.0,1.5483554696815236
26648.0,19804.0,1.6364576083595304
26648.0,21937.0,2.6891019931262337
26648.0,23560.0,1.6479854153267817
26648.0,23799.0,1.526226288048121
26648.0,18586.0,1.169096559342301
26648.0,14178.0,1.3045424980230365
26648.0,14556.0,2.5751633546823305
26648.0,18432.0,1.5602077778071954
26648.0,28787.0,1.2490759327318117
26648.0,28865.0,2.917102753906794
26648.0,28909.0,1.2431522036675582
26648.0,29984.0,1.4787476769325216
26648.0,30093.0,2.9817321800713628
26648.0,30133.0,1.0822057224974075
26648.0,28749.0,2.0973280192817976
26648.0,27202.0,2.9156927333131497
26648.0,27814.0,2.4814598513873465
26648.0,28179.0,2.710146305935896
26648.0,28415.0,2.8750575351449115
26648.0,28601.0,1.3128241531155354
26648.0,37265.0,2.504195531217372
26648.0,42905.0,2.510365810378972
26536.0,38416.0,1.472836595327217
26587.0,37284.0,2.7181791634015653
25597.0,35889.0,2.849335416679538
25597.0,38760.0,1.9772708564894876
25597.0,39009.0,2.0280832540551743
25597.0,39049.0,1.6397409777630774
25597.0,39456.0,1.3185018005939573
25597.0,39512.0,2.3773737766268117
25597.0,37459.0,2.5235081136714834
25597.0,37557.0,2.567595459207876
25597.0,37651.0,1.1377129169524247
25597.0,37802.0,2.707298289539315
25597.0,38015.0,1.747375117116587
25597.0,46171.0,2.9436678347141814
25597.0,47722.0,2.181152379149137
25597.0,47752.0,2.914459587130797
25597.0,47839.0,1.2808559705649052
25597.0,48450.0,1.3366693447481326
25597.0,45576.0,2.07887477002106
25597.0,45462.0,1.8069935733440432
25597.0,40312.0,2.3340730010767654
25597.0,41270.0,1.3708986687754323
25597.0,41908.0,1.3474238997845358
25597.0,42946.0,2.0267749683079925
25597.0,37385.0,1.7153148279257677
25597.0,37309.0,1.5610586193700224
25597.0,36535.0,2.051481889755231
25597.0,14190.0,1.2191315800834064
25597.0,31328.0,1.9933003507121358
25597.0,31972.0,1.62126452569728
25597.0,32149.0,2.1863071688368603
25597.0,34361.0,1.1051246222209292
25597.0,36288.0,2.0002578615687154
25597.0,36330.0,1.0449363358801846
25597.0,36746.0,1.9648604279738446
25597.0,36797.0,2.5470337235882266
25597.0,37221.0,1.2239747116846629
25597.0,32805.0,1.7932815484279654
25597.0,34863.0,1.5001578067472778
25597.0,35336.0,2.894948674228382
25597.0,35680.0,1.3498664141978314
25597.0,37329.0,1.7835925726688457
16777.0,47243.0,1.9925319635984526
16778.0,1367.0,1.9121365306464873
16852.0,22456.0,2.2395019154275113
16878.0,13910.0,1.53459694734248
16889.0,7119.0,2.463121286162279
16894.0,28897.0,2.3991184723741394
16952.0,18943.0,1.9699145048520488
16959.0,47449.0,2.8046150550103572
16965.0,6788.0,1.3190491157790507
16965.0,18950.0,1.2711553118975243
16419.0,20473.0,1.2084169973213439
16577.0,10461.0,1.3492952033504217
16672.0,14886.0,2.5923947949392683
16700.0,19915.0,2.2911082526000195
16700.0,22489.0,1.1605313095922136
16711.0,18628.0,2.029211782238465
17218.0,19223.0,2.5641993400162324
17355.0,22068.0,2.919404556056199
17358.0,7087.0,1.6040332977458023
17358.0,19477.0,1.413627515295258
16968.0,13554.0,1.666388865620212
16968.0,17608.0,2.8151055191455066
17044.0,18635.0,1.1100031561466048
17062.0,19042.0,2.7552373646319253
17062.0,19044.0,1.048639763161349
17070.0,9089.0,2.4068386754151145
15636.0,15538.0,1.4521636170294232
15649.0,8739.0,2.751725841578033
15936.0,16920.0,1.0038504388873633
15949.0,18173.0,2.649622132679627
15288.0,45893.0,2.418678549635578
15288.0,44879.0,2.8634862118081337
15288.0,34888.0,1.5650244603130843
15288.0,41755.0,1.59337441344236
15288.0,42400.0,1.7659742331326038
15288.0,4762.0,2.122865575598148
15288.0,17530.0,2.0180108241050334
15288.0,18573.0,1.711169030033251
15288.0,19625.0,1.892037786993304
15288.0,19784.0,1.3488146787917366
15288.0,23504.0,1.8186882066838306
15288.0,44876.0,2.0700583189054123
15483.0,8420.0,1.9570360554182165
15574.0,17695.0,2.471838130438443
15961.0,35213.0,2.459820060548662
15977.0,28672.0,1.3745570300134202
15977.0,52027.0,1.64199063250379
16282.0,20006.0,1.2776549688291867
16201.0,38383.0,2.201947794529894
16194.0,14683.0,1.6726414169025594
16003.0,5268.0,2.511634066071198
16003.0,19813.0,1.2939965336140666
17394.0,19298.0,1.26433118712863
17494.0,19362.0,2.0863857998017172
18322.0,5986.0,1.0354634481563665
18331.0,9663.0,2.7734829438196886
18335.0,18420.0,2.0660842180620076
18335.0,22170.0,1.3141233338430596
18335.0,34272.0,1.7213981751323049
18008.0,25280.0,1.7665361864808522
18008.0,46071.0,1.4142961775298166
18008.0,19943.0,2.8482841665751666
18012.0,26947.0,1.5293392661389997
18381.0,45514.0,2.13180262653234
18404.0,15282.0,1.1550681724358578
18414.0,20001.0,1.8628290945421613
18450.0,20092.0,1.757317996713017
18519.0,6114.0,1.9975738444192188
17572.0,28230.0,2.735036109801187
17572.0,415.0,1.54646350612497
17572.0,16490.0,2.9308128379245493
17575.0,40278.0,1.6662100372182356
17590.0,19353.0,1.3650909627450403
17748.0,19974.0,1.2925802077222728
17811.0,44214.0,1.8762036739789953
17526.0,39327.0,2.244586480650997
17546.0,20003.0,1.0346488323336869
17834.0,40207.0,1.6041475272220287
17834.0,43009.0,2.1222231190881935
17948.0,20835.0,1.3870980312002412
17960.0,19776.0,2.493963641645186
17986.0,47525.0,2.8315231835806003
17914.0,41380.0,1.048655692602744
13949.0,16313.0,2.453773432531893
13967.0,16864.0,2.5036152200457815
13967.0,27390.0,2.9334402580103536
13521.0,16198.0,1.7894257458517966
13630.0,4972.0,2.1145659870432736
13995.0,34205.0,2.1444470526769543
14160.0,16313.0,1.3361779788830517
14205.0,15004.0,2.7976058847786818
14436.0,16825.0,2.971903567682806
14071.0,1959.0,2.787868221488063
14002.0,8095.0,1.6631950018343555
14002.0,22241.0,1.1927683648247838
14002.0,22770.0,2.127095490347145
14008.0,16277.0,2.445574659143483
14018.0,16479.0,1.6172682168437016
14064.0,10864.0,1.5364923101815473
14114.0,6798.0,1.7822105558783263
11957.0,25249.0,2.6493855671688453
11957.0,15238.0,1.6194469181473017
11993.0,8080.0,1.5197305821757614
12033.0,15460.0,1.9475553710264815
12034.0,16096.0,2.756031267743664
13133.0,1990.0,2.9438964372088368
11905.0,13652.0,2.196130260664814
11777.0,1770.0,2.1158982373753696
11795.0,14707.0,2.628369877876185
11798.0,1367.0,1.0349715935755783
11849.0,13798.0,2.858291766233477
11870.0,15445.0,2.368098535520815
13187.0,23513.0,2.0136499589505106
13418.0,18168.0,2.452626536729259
13464.0,23964.0,1.4293422389928192
13464.0,26764.0,2.7908191586991093
13190.0,4409.0,1.6210780416760326
13333.0,15278.0,2.4645317968500517
13388.0,10674.0,2.330088752873415
15099.0,17422.0,1.3155124169797447
15118.0,8531.0,2.895089424365153
15184.0,7477.0,2.6880360146899394
15184.0,50080.0,1.1824090540951537
15249.0,14745.0,2.128888102656395
15272.0,17584.0,2.7873623317632594
15040.0,16414.0,2.3823756022430307
14819.0,23757.0,1.4224260767410157
14911.0,2839.0,1.6585863640347713
14912.0,8263.0,2.4497548127972677
14912.0,6180.0,1.0013001091748923
14765.0,18001.0,1.9224050172474638
14582.0,28446.0,2.8037938773089097
14582.0,7209.0,2.7019863110369977
14582.0,23964.0,1.4385477622977383
14582.0,28907.0,1.058201358813106
14582.0,31055.0,2.559058282941036
14582.0,32720.0,2.3720239723780994
14582.0,34598.0,1.0333710198816428
14582.0,27965.0,1.3094789197312195
14582.0,27801.0,1.4705708777518756
14582.0,25123.0,2.1637772356178147
14467.0,7287.0,2.850577052552799
14508.0,13720.0,1.4428080710171685
14740.0,17921.0,1.467702408287922
14740.0,19845.0,2.575841937137131
14749.0,17156.0,1.0093142882620072
14736.0,13976.0,2.603144268114919
14622.0,36099.0,1.528594266575838
14651.0,19679.0,1.5766782564979058
14696.0,42318.0,2.907102079996258
18544.0,21969.0,2.227078442520489
18604.0,22073.0,2.3671214856372216
18604.0,39193.0,2.2357460966915337
18604.0,26964.0,2.0703647410420087
18604.0,3435.0,1.5916405620174066
18604.0,22452.0,1.8695597951190244
18604.0,22258.0,2.316762206047626
18604.0,9193.0,2.059998441864411
18604.0,21905.0,1.0253289817285587
18604.0,22086.0,2.3628056138168723
18604.0,22224.0,2.9583846143573824
21289.0,40697.0,2.3702647086475803
21289.0,47977.0,1.3334284795481768
21289.0,50302.0,2.9620119176727124
21289.0,50324.0,1.9992699854474858
21289.0,50460.0,1.5815685791305503
21289.0,50724.0,2.82757073785483
21289.0,49877.0,1.2240200616534769
21289.0,24055.0,1.2485902492097134
21289.0,49805.0,1.1624472375132633
21224.0,19668.0,2.4998812172213256
21262.0,22463.0,2.1239820403109677
21297.0,48450.0,2.0597358017049308
21297.0,3348.0,1.2633585076999319
21297.0,19771.0,1.3449475360604233
21297.0,28424.0,2.976084440982061
21297.0,48333.0,1.934072639138725
21433.0,30753.0,1.6046260988297207
21433.0,30264.0,1.608234775032221
21433.0,30231.0,2.3352996475363517
21433.0,26913.0,2.5632619275983126
21441.0,22412.0,2.1331622799177437
21463.0,22632.0,1.8274638182875726
21494.0,22684.0,1.1456066981057016
21533.0,30983.0,2.712791096121064
21331.0,22663.0,1.5073558640502394
20749.0,26782.0,1.9338594185923985
20749.0,28314.0,1.441139087186119
20749.0,30659.0,1.6560053077131907
20749.0,31041.0,2.6667779570750323
20749.0,31156.0,1.3930653982912058
20749.0,27612.0,1.7602328601308366
20749.0,27822.0,2.487070538619836
20749.0,27882.0,1.753124043427129
20749.0,27934.0,2.390915004703616
20749.0,28135.0,1.0983635199941215
20749.0,29951.0,1.5729382815820114
20749.0,27536.0,1.4710766756762679
20749.0,6738.0,1.407134956707542
20749.0,8135.0,2.704476400682249
20749.0,27040.0,2.648523253082206
20749.0,27123.0,2.612538006555238
20749.0,27291.0,2.1704524767723843
20749.0,27033.0,1.316230080851642
20749.0,22345.0,1.6159468944817157
20749.0,27019.0,1.9149480070082103
20749.0,22525.0,2.9514652419374032
20749.0,22555.0,2.533189189603652
20749.0,22630.0,2.977838498500618
20749.0,22735.0,2.684169053722517
20749.0,22958.0,1.4250243803586786
20776.0,20389.0,2.9430171472147677
20816.0,5057.0,1.0163279195109172
20874.0,22489.0,2.6846834460935076
21537.0,22732.0,2.9217722944214337
21074.0,22020.0,2.3442362669212997
21118.0,22606.0,2.323503197349467
21135.0,22347.0,1.6846163421436904
21196.0,2153.0,2.788866332731124
21196.0,26450.0,2.950137418974814
21208.0,17409.0,1.0957483148209315
21027.0,22607.0,2.7403613040744896
20901.0,22091.0,2.7928111683466055
20991.0,22890.0,2.811937523263644
20991.0,23072.0,2.723515503345837
21016.0,22411.0,2.8153529613711594
21016.0,22464.0,1.0227126096467374
21542.0,26918.0,1.865298644012569
21543.0,25222.0,2.639728671755983
22247.0,8367.0,1.6497946463954873
22247.0,49811.0,2.59015663227398
22247.0,44313.0,2.9828381842877456
22247.0,44354.0,2.1341539082008403
22288.0,5480.0,2.932916757651074
22324.0,50544.0,2.5723077683263558
22324.0,52234.0,1.2062748145843543
22364.0,22476.0,2.8977140052478365
22224.0,15573.0,2.7766055061256685
21826.0,37520.0,1.1077116654538155
21862.0,22785.0,1.9353712856135987
21903.0,28667.0,1.4298651232228217
21907.0,38434.0,1.249008276024497
21916.0,23004.0,1.3296773655357164
21930.0,47251.0,1.2668500710920305
21768.0,23078.0,1.1237935763306255
21570.0,22730.0,1.298987387319743
21614.0,40098.0,1.9100055905680444
21714.0,26372.0,2.9049737824973287
21963.0,36950.0,1.8383318035147103
21963.0,49844.0,1.7870587030636627
21963.0,32555.0,1.3862194960282188
21963.0,39300.0,2.106498034076809
21963.0,35729.0,2.072132874603714
21963.0,36456.0,1.5357190046364648
21963.0,36883.0,1.1583451812068675
21963.0,38107.0,1.976219674459522
21976.0,31481.0,1.474784050981349
22010.0,23095.0,1.3218295978979686
22031.0,23111.0,2.066680552986031
22157.0,3257.0,1.0953591735180306
22157.0,4217.0,1.361179882642041
22188.0,32474.0,2.5559910803971917
19250.0,1304.0,1.7998804209067112
19250.0,16765.0,1.943531923210098
19250.0,7942.0,2.139616374836709
19250.0,8742.0,1.0286079053673078
19250.0,13535.0,1.0330772486399664
19250.0,14654.0,2.8660779975036164
19250.0,16743.0,1.1207083478504178
19250.0,17400.0,1.5496095774381067
19250.0,2970.0,1.158648088143515
19250.0,22384.0,2.442036260963918
19250.0,20523.0,2.0433726898211404
19250.0,20767.0,2.568557726032999
19250.0,22017.0,1.7476269705014504
19250.0,22029.0,2.024063906149732
19114.0,23408.0,2.835760437080981
19169.0,20459.0,2.9341370846302235
19183.0,31989.0,1.4676551868353123
19183.0,23354.0,1.9501188015989919
19338.0,20649.0,2.6231622676149495
19346.0,33135.0,1.836791904750244
19346.0,5109.0,2.0837499866019487
19346.0,20831.0,1.4677364646562543
19346.0,27769.0,2.8015511865858818
19346.0,32174.0,1.6755353608917616
19346.0,52063.0,1.3810650838236798
19085.0,20459.0,1.765250447443352
19086.0,36704.0,2.1145684915015495
18646.0,52023.0,2.0997261791310757
18646.0,44652.0,1.3742051430395088
18880.0,20304.0,1.6703193735092356
18882.0,1319.0,2.1033976143627378
19054.0,20645.0,1.7988710972937194
18784.0,20276.0,1.0055485368007977
18755.0,22395.0,2.554640406473803
18704.0,20124.0,1.0431137022955166
18704.0,14028.0,2.748277623398377
18708.0,20216.0,1.6854219562801824
20701.0,37557.0,2.774744113234397
20701.0,35451.0,1.5357345051335634
20701.0,37381.0,1.5656481266006372
20701.0,40117.0,1.4898623400412399
20701.0,43736.0,2.582281142160366
20701.0,14147.0,1.2993417620713699
19631.0,45130.0,2.3934704716866344
20688.0,39998.0,1.6070912948569351
20688.0,40585.0,1.8532269903698713
20695.0,27723.0,2.374279779718201
20695.0,35028.0,1.2943275288997849
20695.0,38031.0,2.7117179651203323
19407.0,20767.0,1.2139475624779459
19407.0,22394.0,2.96158166841189
19407.0,26656.0,1.531011905656212
19441.0,19762.0,1.3460776572219446
19393.0,14556.0,2.183081232614474
19504.0,20716.0,2.415411593153424
19552.0,19744.0,2.3005993543990773
19552.0,9268.0,1.1010028494723991
19552.0,22145.0,1.8017128746271647
19552.0,20885.0,1.5304540692292243
19552.0,22034.0,2.501399534471126
19552.0,22303.0,2.4137151062844433
19552.0,22557.0,1.8903267124303258
19552.0,20588.0,1.196820147824516
19552.0,19169.0,1.933967099122566
19552.0,20632.0,2.1384165162556297
19548.0,16784.0,2.549543390445254
11771.0,16022.0,2.739183429732295
41728.0,47917.0,2.9721242397918752
41728.0,41773.0,1.6955493160470394
41728.0,19044.0,1.8126608097012364
41728.0,45380.0,2.8134960530361397
41728.0,51916.0,2.1872087886942673
41728.0,40677.0,2.568584461498954
41728.0,45463.0,2.4615349325663587
41728.0,45808.0,2.6037788191808513
41728.0,46097.0,1.6685297413042837
41728.0,46098.0,2.1925886700411876
41728.0,47184.0,2.93335110027822
41728.0,47282.0,1.2431182917950927
41728.0,47453.0,1.8552761784681973
41728.0,44039.0,1.8667119472941827
41728.0,44267.0,1.9743534392365425
41728.0,47716.0,2.877144563982407
41728.0,48530.0,1.5798921531045507
41728.0,48586.0,1.2231265540503538
41728.0,50025.0,2.2376143197866956
41728.0,50044.0,1.5949043265863354
41728.0,50047.0,2.7201951354338396
41728.0,35082.0,2.997840353886718
41728.0,35132.0,2.3754422539300624
41728.0,40346.0,2.5711848225571616
41728.0,13551.0,2.367281676223018
41728.0,17718.0,1.3741973506878684
41728.0,40444.0,2.3430424236371934
41728.0,42255.0,1.1959840191069075
41728.0,42705.0,2.7385292913001935
41728.0,43018.0,1.0077686317594627
41728.0,40629.0,2.608558205933884
41728.0,41372.0,2.7109634030329577
41728.0,45479.0,2.1997690270545873
41812.0,39398.0,1.9917288892656324
41815.0,5611.0,2.755639671073486
41815.0,14581.0,2.9293611325354925
41815.0,47505.0,1.707969778867894
41455.0,45298.0,2.48470216383652
41486.0,19836.0,2.5681994597853395
41577.0,47854.0,1.9849819106199016
41577.0,44230.0,1.7455391493096448
41587.0,39235.0,1.4984535157939525
43527.0,45264.0,1.103031986333633
43563.0,41562.0,1.7375237187732144
43563.0,47560.0,1.3896135732262271
43603.0,47305.0,1.4306917428140769
43603.0,42268.0,2.4844878804798096
43603.0,40881.0,1.4556383652905531
43603.0,43779.0,1.5444744367244148
43603.0,40898.0,1.3286405514498312
43603.0,40983.0,1.1964120032172199
43603.0,41066.0,1.7057668761113698
43603.0,41214.0,2.5624925793322717
43603.0,41401.0,1.5819251972624941
43603.0,41422.0,2.500067029688197
43603.0,44977.0,2.9939292723071897
43512.0,40431.0,2.488770625092193
43509.0,3486.0,2.768712587476059
43242.0,35190.0,1.272781984907432
43242.0,38629.0,1.6392894926860586
43268.0,42600.0,1.9869163004333825
43293.0,40270.0,1.716933849966345
43852.0,42132.0,1.040580283336927
43898.0,20347.0,2.6024571521115996
41916.0,49969.0,1.638146880499805
41916.0,50591.0,2.4928079229124314
41916.0,15609.0,2.2690567885448703
41916.0,40107.0,1.5481281184487103
41965.0,39437.0,2.75319042260534
41985.0,39495.0,2.9917766550708134
42326.0,39630.0,1.0802899324705053
42348.0,765.0,2.2908062886014937
42448.0,39752.0,2.0962135552551358
41882.0,52234.0,1.0823517868365309
43058.0,40096.0,2.4795900349772224
43133.0,38529.0,2.9539903409716946
43182.0,35883.0,1.9922741647685391
42661.0,27662.0,1.8412643316116448
42706.0,42515.0,1.9044006401622766
42780.0,39016.0,2.667349104640339
39204.0,37566.0,2.1745593321051624
39225.0,37613.0,1.3186991730560456
39309.0,40397.0,1.4486854296642797
39185.0,30147.0,2.4330499286494938
39375.0,39138.0,2.4249380589022933
39402.0,36038.0,2.4852860568749997
39100.0,43057.0,2.469649204178177
38979.0,41870.0,2.9115458195165744
38979.0,26988.0,1.5711208258989873
39009.0,46016.0,1.5379109901569064
39408.0,38088.0,2.449655933226417
39592.0,52229.0,2.3087663401320566
39663.0,39149.0,2.725985859185812
38970.0,37388.0,1.5793010818678819
39459.0,42515.0,2.9647240130602985
39459.0,42169.0,1.2907995736816005
39479.0,37796.0,2.7893968252312984
38429.0,34370.0,1.836726906192174
38429.0,40672.0,1.4019934279706008
38429.0,39288.0,2.908791355289117
38429.0,39822.0,2.1801017530476066
38429.0,40947.0,2.0480581154675566
38429.0,38871.0,1.6720754449804671
38429.0,40970.0,1.8859299884068792
38429.0,25207.0,2.525069751482441
38429.0,38008.0,1.4187966654217727
38429.0,38196.0,2.5782110871437265
38429.0,38425.0,1.3000248453968157
38429.0,38501.0,1.605886647357697
38429.0,38670.0,1.6416046160132152
38429.0,41512.0,2.732680641734146
38429.0,42354.0,1.6893270625674806
38429.0,43587.0,2.246596920121871
38429.0,43688.0,1.8702328838589628
38403.0,50364.0,1.9519210783461827
39683.0,43198.0,1.9158828103744459
38771.0,35977.0,1.024645015668746
38786.0,37269.0,2.252648464379268
38511.0,19022.0,2.915325144021241
40542.0,38520.0,2.7398485381051847
40775.0,38645.0,1.6963338687667955
40806.0,38951.0,1.6535477119812638
40287.0,3246.0,1.5387103890007383
40121.0,38191.0,2.9898394772452295
40122.0,47821.0,1.0504854687928955
40122.0,47176.0,2.534335036462034
40122.0,45631.0,1.9919631365529038
40235.0,32926.0,2.458522681081953
40846.0,39053.0,1.538752590182507
40846.0,4146.0,1.609035402786244
40846.0,41524.0,2.5813765559434554
41053.0,41434.0,1.2093065429454715
41194.0,14255.0,1.4782972051726815
40963.0,38423.0,2.857501389159986
40963.0,13896.0,1.8207196086947812
40916.0,42653.0,1.8491195353710788
40916.0,48031.0,1.8823168304080902
40916.0,44941.0,1.7526642315323242
39975.0,38088.0,1.9310867277816548
39774.0,42495.0,1.5039116983827028
39774.0,47395.0,1.0461648625828692
39774.0,47405.0,2.1464710099129993
39774.0,37989.0,1.7380966411217964
39774.0,38080.0,1.727652342577088
39774.0,41285.0,1.9015773646998173
39774.0,48399.0,2.1595391347927686
39774.0,47487.0,2.4760215887659056
39774.0,47640.0,1.3822390847334831
39774.0,48245.0,2.8487844789645544
39844.0,39028.0,2.6324505011540507
39853.0,38716.0,2.361946066212467
39853.0,47605.0,1.644872736574662
52399.0,48378.0,2.2860491283538416
52399.0,45838.0,1.2219985896688106
52410.0,45249.0,2.969067706931507
52413.0,50364.0,1.7310944298290873
52482.0,45329.0,2.37844292001559
52503.0,45353.0,1.0635917838492688
52183.0,47927.0,2.4067714130124283
52183.0,45603.0,2.665821152937916
53272.0,52134.0,2.742433398222571
53415.0,28010.0,1.0714075031214352
52703.0,45668.0,1.1061196117390177
53054.0,50728.0,2.4913566066489103
53054.0,51852.0,1.6701231684143116
53054.0,51864.0,1.4107816236134554
52086.0,47505.0,1.6129214291986402
50189.0,1851.0,1.6704954507026955
50277.0,44684.0,1.2767470360967834
50315.0,44245.0,2.4527090213201683
50315.0,44551.0,2.206555208672788
50566.0,39189.0,2.1244788833104558
48453.0,40084.0,1.5272982346319606
48566.0,43742.0,2.608221184408468
48703.0,43805.0,1.3912376587402788
48813.0,22970.0,1.3397005427388942
49874.0,45993.0,2.4829215576341896
50602.0,45426.0,1.8407975803113485
50794.0,43910.0,2.34744632776537
50830.0,231.0,2.283702336732648
50875.0,9144.0,2.304975860693367
50615.0,44525.0,1.3678582924800995
50680.0,14134.0,1.2847187104144981
50765.0,44687.0,2.4901406761697817
58219.0,45878.0,2.564434321128566
58664.0,51998.0,2.087775794979847
58675.0,15253.0,1.3030671343382416
58675.0,50551.0,1.6040431049370723
58675.0,35185.0,2.2265569407540697
58675.0,50500.0,2.6067344747909065
57213.0,48517.0,1.8487633233440277
57213.0,28770.0,1.922817829667602
57250.0,48530.0,1.3155344954920396
57538.0,50385.0,2.390157433100913
57647.0,49782.0,1.1412629588859533
59737.0,52232.0,1.0251170975533097
59921.0,51973.0,2.711069695742969
60062.0,4996.0,2.5263097973313307
60082.0,35204.0,1.051555624674019
60322.0,52177.0,1.448798003172889
59625.0,3571.0,1.7886262358550968
59559.0,45808.0,1.865079682403712
58856.0,12494.0,2.8282419018650966
59026.0,42638.0,1.560863645777868
59131.0,42641.0,2.6873424812352207
59550.0,52058.0,1.8828275526654095
57202.0,51934.0,1.796153836188914
57202.0,52036.0,2.2564082857214576
57202.0,51910.0,2.8743717410580514
57202.0,49823.0,1.5245859888677573
57202.0,50070.0,1.6933518448210036
55457.0,48409.0,1.930231607044741
55495.0,47475.0,2.3716774595195607
55499.0,46056.0,1.4877816581806416
55499.0,46129.0,2.6658460187018465
55598.0,48409.0,1.2839269686648478
55806.0,47453.0,2.521076189304881
55839.0,47627.0,1.937043285121417
55215.0,47294.0,1.1054053279217206
53506.0,38915.0,1.9628893609536289
53771.0,10625.0,1.4855878511119838
53859.0,46083.0,2.4775487696948204
56765.0,48204.0,2.49433475176728
56809.0,44719.0,2.76182960486934
56885.0,10875.0,1.8199177477938062
56936.0,40347.0,2.3647553490996867
57017.0,48397.0,2.2121146422100857
57055.0,50445.0,2.1940219881964227
56104.0,47809.0,1.390160981778819
56156.0,50713.0,2.391248523232367
56297.0,47933.0,1.8623134583808825
45957.0,41945.0,2.5886527894409963
46077.0,15951.0,2.6825846972989975
46077.0,7334.0,1.6668345472084867
46077.0,42414.0,2.094199969172494
46077.0,43399.0,2.562277888591852
45501.0,47873.0,1.1136101830478273
45661.0,43482.0,2.5958930304544663
45719.0,44142.0,1.1219967937579844
46142.0,42050.0,1.7045390244978464
46152.0,42063.0,2.337882107558568
46182.0,42268.0,1.756395684007117
46182.0,45833.0,1.1857328414293695
46223.0,43917.0,1.62492719119575
46288.0,50373.0,1.74857715132275
46124.0,43878.0,1.0978897409101123
46093.0,45717.0,1.0511676737441666
46093.0,48509.0,1.1265245478447967
44268.0,40950.0,2.373871102821043
44268.0,42733.0,2.901132767243489
44268.0,36901.0,1.312277116395999
44274.0,40943.0,2.2042946149281804
44609.0,41040.0,2.195748196108971
44705.0,41093.0,1.2799586326795895
44206.0,42627.0,2.7383033768504896
43981.0,40716.0,1.8096328175201324
43981.0,41833.0,2.5521024232485576
44152.0,51852.0,2.6563426933758265
44152.0,42077.0,2.1983909735151244
44152.0,48348.0,1.8795292965976576
44155.0,40790.0,1.7303462357854593
45112.0,41361.0,1.6025273826415074
45121.0,46023.0,1.8003432209611046
45173.0,41361.0,2.997836232423765
45178.0,41245.0,2.120507574848715
45281.0,44376.0,2.719457392572365
45049.0,7494.0,2.796051039125179
44762.0,41824.0,1.2377739616416412
44787.0,18080.0,1.3680615690992999
44999.0,41271.0,1.8086664763127085
45037.0,41292.0,2.5346605318278144
46320.0,40681.0,1.2289484680717093
48036.0,50732.0,1.851509556755425
48234.0,43482.0,2.4951473207356387
48266.0,43993.0,2.2855623730829877
48266.0,52003.0,1.2987960885739842
48266.0,8407.0,2.5069829976959186
48266.0,28210.0,1.6716267014981128
48266.0,34773.0,2.106800823254047
48266.0,41559.0,2.657509903378817
48266.0,44071.0,2.531915698571425
47435.0,51876.0,2.660058955129982
47445.0,50629.0,2.1005160321524228
47189.0,6010.0,2.0271434871620055
46498.0,42436.0,1.8220933560414339
46498.0,42588.0,2.824041864868329
46756.0,38290.0,1.3755495170304157
46385.0,41234.0,1.8597290390548888
46389.0,28696.0,2.1311555651682914
46433.0,9081.0,2.516248212583359
46433.0,48559.0,2.8283571545162904
46435.0,19914.0,2.3458865091901853
47045.0,42749.0,1.8888900554747592
47069.0,45738.0,2.707858981987002
47018.0,37352.0,1.4568909884138692
46917.0,50364.0,2.7845415043476804
46796.0,44903.0,2.374425612290451
46796.0,42630.0,1.42237287897581
46796.0,43955.0,2.3381257125566166
46856.0,5537.0,2.5660101910016664
46867.0,10707.0,1.5126948030540197
46916.0,42660.0,2.184058556388301
30536.0,31333.0,1.6284218032766227
30596.0,43914.0,2.014850342479477
30596.0,39276.0,1.9473040122949874
30596.0,36710.0,1.0917064309216447
30596.0,40687.0,1.9869328931617687
30596.0,44499.0,2.645517876122307
30596.0,38696.0,2.2402138618941274
30596.0,15344.0,2.8412272429300156
30596.0,34403.0,2.675780513862152
30596.0,34516.0,1.003009067202615
30596.0,35234.0,2.0583974972865455
30596.0,43550.0,2.0460353995844986
30596.0,40936.0,2.2567349695835146
30596.0,40481.0,2.1923094532456977
30596.0,36658.0,2.029912194096214
30596.0,37428.0,2.54204576434239
30307.0,23395.0,2.282656655757024
30307.0,42662.0,2.4446105102683697
30307.0,40438.0,2.5865828194152485
30350.0,50105.0,2.014503119468385
29579.0,48557.0,1.6729678774222037
29579.0,7340.0,2.624896488040783
29579.0,45770.0,1.5577631360878261
29579.0,41065.0,2.246754122878431
29579.0,47227.0,1.565941119300752
29579.0,41089.0,2.454643771798461
29579.0,40156.0,1.5394057335793732
29579.0,45715.0,2.5664623250482537
29579.0,46056.0,1.3566043140596824
29579.0,43592.0,2.4050165644966284
29579.0,50023.0,1.1349369325734193
29579.0,27590.0,1.6526571697009151
29579.0,43736.0,2.3575809701761195
29579.0,14181.0,2.710081980429208
29579.0,47238.0,1.049199491353105
29579.0,39752.0,2.7673990357518194
29579.0,31822.0,2.0611966188216098
29579.0,47220.0,2.756210023236821
29579.0,50092.0,2.713989972629159
29579.0,40079.0,1.6887323503944045
29579.0,40113.0,1.3347006390824299
29579.0,47758.0,1.2229629815024847
29579.0,51973.0,1.6334854682590398
29579.0,43910.0,1.1469900580457324
29579.0,46023.0,1.046466850857441
29579.0,45759.0,1.7824204737448814
29579.0,47355.0,1.9601175922055611
29579.0,43973.0,2.4044027637433167
29579.0,52168.0,1.599552093298119
29579.0,50231.0,2.9080260029002227
29579.0,50326.0,2.9462189711882028
29579.0,50380.0,1.768357096480815
29579.0,51830.0,2.6400080223743174
29579.0,41595.0,1.4006828490784538
29579.0,41959.0,1.8640329869265522
29579.0,8790.0,1.2915377544956959
29579.0,39711.0,2.810856968017636
29579.0,46112.0,1.6089661932791899
29579.0,47201.0,1.746441700697847
29579.0,45343.0,2.6875792511064738
29579.0,48611.0,2.8386574720794506
29579.0,49655.0,2.001960365112505
29579.0,47632.0,1.8730344885008852
29579.0,47681.0,1.5787431490736203
29579.0,50112.0,1.468102480507489
29579.0,41080.0,1.7473698587853683
29579.0,40460.0,2.310904257716501
29579.0,39922.0,1.5925272358357165
29579.0,40146.0,2.801106142752153
29579.0,40152.0,2.2541937207556186
29579.0,40168.0,1.0168236741286771
29579.0,40367.0,2.5370047109555536
29579.0,40443.0,1.450354179472163
29579.0,43747.0,2.258393201975511
29579.0,44681.0,1.0172208101364606
29579.0,41659.0,1.9100809610604301
29579.0,41741.0,2.5833051203291255
29579.0,41860.0,1.9616244823248972
29921.0,16568.0,2.0046372029689348
30066.0,32092.0,2.3357461051277095
30092.0,30953.0,1.4111475165875833
30705.0,31349.0,1.9772462714380905
31941.0,32283.0,1.3241186978755897
31982.0,26907.0,1.1707937107902293
31988.0,38533.0,2.9682331537206754
31988.0,48521.0,2.3944557650061444
31988.0,37230.0,1.770254476521807
31988.0,43525.0,2.4883643671844626
31721.0,35390.0,2.1310214267032777
31316.0,32250.0,2.1405452089632924
31416.0,31831.0,1.8753447491619128
31570.0,19373.0,1.9200650791551663
32040.0,32358.0,1.7415867362588895
32064.0,39600.0,1.0029116926488482
32064.0,38126.0,2.4414439126833054
32064.0,38386.0,1.4263059397130393
32064.0,44703.0,1.429255471537243
32064.0,45162.0,2.1665954117250994
32064.0,47815.0,2.9537918167797668
32064.0,47951.0,1.9648850173771015
32064.0,51866.0,1.2649552013967342
32064.0,45321.0,1.9297594491772057
32007.0,28422.0,1.210410004832031
31229.0,51936.0,1.2407446771182837
30819.0,42662.0,2.7363741356960127
30819.0,32326.0,1.3786676383426704
30819.0,35764.0,1.012407411339119
30819.0,42192.0,1.2452117371953157
30819.0,20003.0,2.698044484820519
30819.0,31534.0,2.2353552687562592
30819.0,41640.0,2.0818039706068117
30819.0,10707.0,2.130925224249445
30819.0,32247.0,1.9289798149427788
30819.0,34714.0,1.8353296613829044
30819.0,39397.0,1.508446912126699
30819.0,2330.0,1.1190461347755463
30819.0,49752.0,2.721510321763474
30819.0,44933.0,2.249277507442139
30819.0,45290.0,2.974860385252212
30819.0,48219.0,1.5982338107347
30736.0,4309.0,1.5284777130170306
30759.0,36837.0,1.931896433944542
30759.0,35955.0,2.7676340521644183
31004.0,33110.0,2.3502646615241614
31004.0,34982.0,1.1119650830258416
31029.0,39258.0,2.9626093206472097
31124.0,31602.0,2.156222291266425
31155.0,31665.0,1.9250590766238211
31186.0,27536.0,1.8652545296552683
30909.0,31521.0,2.9370604937171896
29059.0,35576.0,2.1047913815511388
28929.0,44609.0,2.588273618761044
28929.0,26784.0,2.02071927180898
28929.0,30013.0,1.8749327629457664
29073.0,50518.0,2.4800172537343226
28618.0,18161.0,1.9775054629830235
28658.0,28850.0,1.3098739922034874
28658.0,40844.0,1.1287659744869705
28602.0,30400.0,1.9275025563470825
29536.0,30788.0,2.628547383818179
29536.0,30925.0,2.307821542142167
29536.0,30759.0,1.2100978031265681
29276.0,30339.0,2.4117468381790097
29398.0,37132.0,1.8710217383389194
26721.0,3093.0,2.1728513965930483
26789.0,38421.0,2.693387963383345
26875.0,36557.0,2.049369678617576
26662.0,28153.0,1.2431127249536593
27284.0,40900.0,2.7829585441316604
27366.0,28596.0,2.914828115721326
28495.0,39800.0,1.3125522038320727
28497.0,37198.0,1.5380068518888965
28555.0,33127.0,1.3745698077392787
26931.0,24044.0,1.05228011190281
26944.0,42268.0,2.939427669005884
27004.0,28406.0,2.870041965967835
36893.0,35977.0,2.704777816060782
37186.0,36196.0,1.3542259349213759
37236.0,50772.0,2.9604180656384536
37236.0,39295.0,2.736455997299245
37236.0,44039.0,1.486900189442552
37236.0,44117.0,2.7797529989632466
37236.0,43588.0,1.1342784951204639
37236.0,42248.0,2.951017411231065
37236.0,42053.0,2.390196086553015
37236.0,42343.0,1.1182395159428842
37236.0,40837.0,1.784877673192659
37236.0,35054.0,2.5387091823164734
37236.0,36683.0,2.2480884267755696
37236.0,42640.0,2.776545423867713
37236.0,42783.0,2.539507520228464
37236.0,50201.0,2.206029806910963
37236.0,51821.0,1.2852554170653476
37236.0,43171.0,1.8531541337471273
37236.0,47867.0,2.7917812834396507
36637.0,37632.0,2.839364785681784
36637.0,40808.0,1.1524711087052442
36637.0,45448.0,1.8628517383790746
36637.0,51980.0,1.846944691232667
36637.0,42940.0,1.6342726679632986
36637.0,9418.0,1.3490894734180419
36637.0,10092.0,2.532170864530781
36823.0,38227.0,2.6546905816220256
36840.0,35912.0,2.921420709498535
36211.0,35466.0,2.216583168043357
36257.0,40712.0,2.4549668742436204
36308.0,37503.0,2.794332815522538
36308.0,39429.0,2.530295649005809
36308.0,40098.0,2.102562997377994
36308.0,40256.0,2.079134243805534
36308.0,40383.0,1.9494614528010379
36308.0,36907.0,2.6197055042345343
36308.0,37069.0,2.5232196786080663
36308.0,38818.0,2.489612637301054
36308.0,39459.0,2.493965630775423
36308.0,39967.0,2.304479339982036
36129.0,22722.0,2.1931463944728344
36129.0,35482.0,1.7594718990925442
35925.0,36178.0,1.0085780501713817
35987.0,35288.0,2.1206622086194367
36411.0,38346.0,2.645013878510313
36415.0,40567.0,2.2600063433737265
36485.0,35464.0,1.5568582600252592
37937.0,38024.0,1.396893427938077
37939.0,43742.0,2.8275881961285467
37939.0,47272.0,1.2524087858706632
37939.0,40168.0,2.3718000707589666
37939.0,8761.0,2.937546760078453
37939.0,20180.0,1.5490945986157136
37939.0,38300.0,1.3277360674270677
37939.0,39039.0,2.2390119961156225
37766.0,38921.0,1.0736015445925056
37766.0,39216.0,2.9239480126623354
37766.0,47347.0,2.8185181860307793
38256.0,10022.0,1.3096860804134864
38335.0,36965.0,1.1001048355497303
38337.0,48409.0,1.0843854184157267
38338.0,23618.0,1.1745032086650602
38251.0,40624.0,1.3363367380113793
38044.0,37198.0,2.39447487513281
38044.0,38750.0,2.3345520348689397
38063.0,36812.0,2.476672142178699
38150.0,36836.0,2.396555290423321
37591.0,37780.0,2.0977875329139772
37277.0,35096.0,1.653107431957656
37295.0,50518.0,1.7577963599306488
37325.0,40191.0,1.0547929783822754
37325.0,45000.0,1.1415766111222316
37325.0,44056.0,1.9914344010867027
37325.0,42389.0,1.6044538893702716
37325.0,39707.0,2.6094503445425135
37325.0,40737.0,1.6155708108661353
37405.0,141.0,1.1680491828636628
37447.0,2094.0,2.6345578546271815
37541.0,36461.0,1.5823159049735087
37582.0,46145.0,1.9971807981652925
37582.0,49772.0,2.3258258169293367
35826.0,35171.0,2.8760945552898134
32459.0,39042.0,1.9296637422747855
32459.0,30860.0,2.6014389931495447
32459.0,35502.0,1.8971652487569883
32459.0,35506.0,1.81690630897852
32459.0,36697.0,1.5890844241474607
32299.0,40925.0,1.7604871098729458
32299.0,50166.0,1.8132529382847944
32299.0,42086.0,2.951996973577607
32299.0,43111.0,2.92338978665207
32299.0,43130.0,1.7045963162092506
32299.0,41987.0,2.297066721201184
32299.0,5205.0,2.023977263000819
32299.0,7449.0,1.3826972369779482
32299.0,17324.0,1.8920945772349893
32299.0,18871.0,1.9958104859124692
32306.0,43039.0,2.833908627997787
32630.0,41945.0,1.2780655317187166
32670.0,10327.0,2.623468629225399
32731.0,32836.0,1.4369657022204727
32789.0,48440.0,2.4939442396258067
32491.0,37566.0,1.9448188507869817
32497.0,43427.0,1.175296266876675
32214.0,32929.0,1.8331686634669784
32262.0,34433.0,1.2998068254721387
32262.0,36312.0,1.770962364639115
32201.0,15609.0,2.4025570053103573
32172.0,32509.0,2.114636154536213
32126.0,32474.0,1.020283413133337
32132.0,32384.0,1.5758575521972622
35397.0,39352.0,1.7832583098361843
35633.0,36652.0,2.7338785476343315
35123.0,23682.0,1.33255807096762
35144.0,18434.0,2.6465912655062045
35319.0,16223.0,1.2172071460686802
35386.0,38227.0,1.2659544633839637
35731.0,42084.0,1.3763435655831138
35731.0,37663.0,2.3742384481078216
35731.0,35317.0,2.541144782601579
35731.0,36317.0,2.1185376198773853
35017.0,44150.0,1.9564144591410833
34385.0,35596.0,1.879483811902297
34385.0,35060.0,2.685355816762928
34424.0,50182.0,2.769580810249745
34476.0,2904.0,1.7922842094789708
34550.0,38191.0,1.2768332877416508
33169.0,40348.0,1.6722514397125532
34588.0,52258.0,1.866378481005415
34705.0,38764.0,2.3954093686533953
34600.0,20660.0,1.298911896783876
34611.0,44098.0,2.2453176131391572
11702.0,15165.0,2.24834529753528
11686.0,38976.0,2.6484448219543113
11686.0,39032.0,2.8871103956901436
11686.0,42169.0,1.817210976857324
11686.0,38228.0,2.496842456128708
454.0,1319.0,1.9677151697482869
454.0,1059.0,1.0521083012476042
454.0,1118.0,1.638673848498065
454.0,1920.0,1.9689004162291248
454.0,2439.0,2.0492065338924847
454.0,4580.0,1.8175668016322246
454.0,5256.0,2.6153318253921847
454.0,5701.0,2.437701593149006
454.0,6466.0,1.630025394920921
454.0,6474.0,1.3825507778248163
454.0,6479.0,2.037327174989989
454.0,6595.0,2.441202558797106
454.0,2982.0,2.4414102474508317
454.0,3253.0,2.7730046896589347
454.0,10801.0,2.6371332019175524
454.0,13898.0,2.2312905388292865
454.0,10366.0,1.5860237107424724
454.0,7885.0,1.199872098786112
454.0,7912.0,2.8537829677605204
454.0,8001.0,1.819385197549084
454.0,8380.0,1.9413922422801084
454.0,8881.0,1.1012156684916599
454.0,9220.0,2.957139322808853
454.0,9973.0,2.030411482669318
454.0,1653.0,1.8730022151715173
454.0,1805.0,1.417958501585913
454.0,2314.0,1.773721339244676
454.0,2342.0,2.705586177375726
454.0,2485.0,2.5347008415766705
454.0,2495.0,1.0376343447748375
454.0,1652.0,1.1559944493536407
454.0,1566.0,1.235474561601319
466.0,1744.0,1.3406919795638061
482.0,6389.0,1.5377993882599503
396.0,447.0,2.049921452986319
412.0,733.0,2.458291728211143
417.0,2938.0,1.8125563158462157
427.0,5385.0,1.3705242685976575
427.0,11035.0,1.040962075724643
432.0,598.0,1.6244358577497124
432.0,57.0,2.9363676891589723
386.0,2968.0,2.4516500999579325
386.0,13606.0,1.596600707879746
386.0,1669.0,1.606759243783725
386.0,377.0,1.409115911685255
386.0,10702.0,2.753258523187136
386.0,9621.0,1.8738700595505777
386.0,6187.0,1.8270958740076142
386.0,9266.0,1.7102892565522643
386.0,9004.0,2.945070876744106
386.0,2799.0,2.9232319374250912
386.0,717.0,1.4730820429586406
386.0,743.0,1.8036078374879976
386.0,796.0,1.3902576852003656
386.0,979.0,1.3955649328086346
386.0,4271.0,1.4953209325984407
386.0,6555.0,2.455543021889068
386.0,6562.0,1.8734045540048545
386.0,7589.0,1.446900166714344
386.0,7722.0,2.603457996321553
386.0,7998.0,1.6513950652046998
386.0,6139.0,2.3231474722618093
386.0,5881.0,1.4359372375039396
386.0,617.0,2.020749859834635
486.0,569.0,2.3963447139357408
486.0,3451.0,2.489254600578769
486.0,1374.0,2.2222620866407867
486.0,1438.0,2.110224772371028
486.0,2417.0,2.308033122785875
619.0,5133.0,2.0436984316444105
619.0,5321.0,1.398580661923908
619.0,9030.0,1.1515483873407262
619.0,10996.0,2.838866741061037
619.0,14129.0,1.8975272867447144
619.0,15052.0,1.628170756624136
619.0,2829.0,2.526224316126088
604.0,10974.0,2.710382810944213
612.0,4135.0,2.6601107168972833
612.0,2314.0,1.4091476414966655
637.0,19521.0,1.3597742737026615
641.0,2934.0,2.198652716438536
646.0,13777.0,1.1145994530728702
657.0,2231.0,1.0500273691408366
657.0,2523.0,1.2730588525803792
631.0,598.0,2.2788415867349374
631.0,1613.0,2.3432056059641813
631.0,2334.0,1.4164634698845433
631.0,7121.0,2.310914727444431
627.0,4681.0,1.3186810861497937
599.0,1246.0,1.7081747593034455
496.0,2578.0,2.096923675136568
525.0,34409.0,2.3448008042919994
525.0,45591.0,2.0047555459642457
525.0,19914.0,1.2790872397291828
525.0,46107.0,1.035462165487119
553.0,40718.0,2.2871598356485037
553.0,19408.0,2.49214060058584
553.0,3544.0,1.494391150856741
530.0,575.0,1.3926364714767319
530.0,1038.0,2.308719824511284
530.0,1508.0,2.387074152502314
549.0,3748.0,2.854836219632629
212.0,1499.0,1.4210053194209367
212.0,944.0,1.915973176789746
238.0,2667.0,2.1039808240300957
238.0,5993.0,2.268741572773071
238.0,6035.0,1.479537257773665
238.0,9045.0,1.2245882473508198
246.0,2150.0,1.3823112707370848
249.0,1311.0,2.3037981707647246
249.0,4574.0,2.9616482877374706
249.0,6828.0,2.055523337000496
263.0,1384.0,1.3052985899775074
263.0,546.0,1.0473706537850616
263.0,51878.0,2.8744795813334334
263.0,3316.0,1.5841287375452886
263.0,7739.0,2.0318738296814454
196.0,10041.0,1.5370294604228003
196.0,17047.0,1.0824142833942139
196.0,24100.0,2.188538000074785
196.0,31338.0,1.6346248338693439
196.0,34902.0,2.7953102396870197
196.0,51841.0,2.815726149380829
196.0,136.0,2.8721656648228153
196.0,23667.0,1.9308214812549298
196.0,6218.0,1.3874624483827485
196.0,6647.0,2.9456401197928455
196.0,9792.0,2.1761433916562316
196.0,12463.0,1.0001726362926597
196.0,4265.0,1.1182152321051915
196.0,504.0,2.7399786892414264
196.0,2322.0,1.8510432552785243
196.0,2458.0,1.2021192220024772
273.0,4165.0,2.9933533380391424
279.0,6386.0,2.338955845230571
293.0,136.0,2.723251597283781
294.0,1244.0,1.937109999353024
300.0,4156.0,1.8941634910021152
188.0,453.0,1.0285728889590529
188.0,1039.0,1.1698728047312097
188.0,88.0,2.1404457894284143
190.0,460.0,2.5475743937169417
165.0,27056.0,2.539460395852023
165.0,32622.0,2.4070583708270377
165.0,44903.0,2.5539195750775168
165.0,40602.0,1.3220816295479159
165.0,36609.0,2.0619006092659955
165.0,8905.0,1.40017148491317
165.0,20318.0,2.1896201449349104
165.0,37554.0,2.1393136082104522
165.0,8017.0,1.4431563856163248
165.0,48523.0,1.6202136400609943
165.0,50037.0,1.0819075125509228
165.0,50511.0,2.3633588950698208
165.0,4740.0,1.1211223997388675
165.0,10555.0,2.0994552211892112
165.0,16194.0,2.4177088694442217
165.0,17684.0,1.9147440179861233
165.0,19693.0,1.7487056989307062
165.0,20621.0,2.2802273110107287
165.0,27877.0,1.4419247602292167
165.0,37967.0,2.053212469730025
165.0,43189.0,1.1762324057493332
165.0,28560.0,2.004348276963007
165.0,30868.0,2.1538761429440534
165.0,31078.0,1.2832253477734938
165.0,31103.0,1.4845693769943082
165.0,32023.0,2.6566731887634853
165.0,32808.0,1.7423620513601075
165.0,4139.0,2.658366041916479
165.0,8472.0,2.0995384755251942
165.0,8936.0,2.9547717105424196
165.0,6375.0,2.9510401622154703
185.0,361.0,1.3956001074750672
187.0,399.0,2.6685935678116914
342.0,450.0,1.16775291602414
342.0,1783.0,2.1224823708907357
342.0,16104.0,2.1576043412467953
349.0,570.0,1.343619568832195
349.0,7060.0,2.6507738611626195
349.0,7285.0,1.5383970868374046
349.0,7454.0,1.621147225450776
373.0,981.0,2.389104121948848
374.0,4124.0,1.4977829706288817
374.0,5575.0,2.855152802344554
374.0,8902.0,2.0217662779313876
374.0,10619.0,1.6228232914932201
374.0,5519.0,1.843564418991005
374.0,3411.0,1.9278759355935124
374.0,3798.0,1.2497552964043315
374.0,4081.0,1.0965726321713614
374.0,4133.0,1.887167085229102
334.0,1852.0,2.1230378990185743
328.0,1624.0,2.7697388876577236
328.0,1384.0,1.637366178795872
328.0,1255.0,2.0623153997255192
328.0,3364.0,1.3385865813578712
661.0,2644.0,2.145877946781842
661.0,2203.0,1.3949164543340278
1081.0,1569.0,1.9464162511918215
1094.0,4561.0,1.3823178339886986
1110.0,1444.0,2.277014916456899
1110.0,1338.0,2.3790988218482103
1110.0,1417.0,2.4782912193603046
1111.0,38770.0,1.1033235662307013
1073.0,8329.0,2.580834066462235
1063.0,5415.0,1.1214946284930716
1063.0,4890.0,2.845779310678573
1063.0,2047.0,2.7279934285708247
1132.0,16414.0,2.3133762914178986
1183.0,3049.0,2.0579983258231898
1183.0,6271.0,1.0078703999687553
1183.0,3082.0,2.2211877508901434
1183.0,2021.0,2.970015275539426
1183.0,2167.0,1.004862848557878
1205.0,1829.0,1.2320463138502298
1134.0,7648.0,1.1748402557429924
1150.0,34687.0,1.2862659987863614
1044.0,36304.0,1.1884513415409876
1044.0,38907.0,1.2560209977697643
1044.0,25217.0,1.7203889222626338
1044.0,36158.0,2.7415629726444166
1044.0,42364.0,1.6893496229707936
1044.0,38802.0,1.724087213026028
1044.0,36457.0,1.2680752443796262
1044.0,5514.0,1.666411136853862
1044.0,1499.0,1.8743891311496368
1044.0,3364.0,1.401793282705036
1044.0,1392.0,2.495291507588357
1044.0,30874.0,2.0630777657409283
1044.0,36482.0,1.4155162531912773
1044.0,14533.0,1.3386883538663323
1044.0,14569.0,1.9377971612392544
1044.0,14832.0,1.0722593224478243
1044.0,22864.0,1.8323380434636058
1044.0,23374.0,1.6273908518224303
1044.0,2802.0,1.7817657590251001
1044.0,3327.0,2.6529234977323233
1044.0,5499.0,2.1455630853973355
1044.0,6438.0,1.6982495887271327
1044.0,6633.0,2.011264232644
1044.0,7055.0,2.489791024712969
1044.0,3691.0,2.191447142842806
1061.0,2199.0,1.1923839292106173
1061.0,2241.0,1.9349074360354923
1061.0,4639.0,2.4026887125168845
1049.0,1449.0,2.4227446472793632
1049.0,43894.0,1.3719038017035703
1208.0,2311.0,1.2970711619607307
1580.0,4724.0,1.6042704073257743
1580.0,23537.0,2.6095563224681797
1618.0,1976.0,2.754626317902079
1624.0,1059.0,1.6731877387533527
1626.0,4508.0,1.0373675205094703
1626.0,2867.0,1.753855872019588
1403.0,7188.0,1.2016221622487995
1408.0,15005.0,2.6552881938745525
1409.0,301.0,1.7204973273386572
1409.0,1670.0,1.7443666011928696
1398.0,3506.0,2.0394391455421257
1398.0,2117.0,2.453096951707801
1398.0,2175.0,2.5398229029817228
1398.0,2910.0,1.8038523640589388
1690.0,5849.0,1.9648671800075426
1690.0,4203.0,2.9676242282447958
1690.0,4692.0,1.2481224906500619
1703.0,2211.0,1.6187755324937725
1708.0,2167.0,1.4586238378164404
1735.0,2064.0,1.1383430593625319
1735.0,4098.0,2.56609481657018
1735.0,6381.0,2.1916666852271245
1679.0,1896.0,2.225355789965885
1337.0,2938.0,1.4216773050864315
1337.0,22534.0,1.2285888742331619
1337.0,2330.0,2.9194403932779496
1337.0,1825.0,2.780866314045409
1337.0,4607.0,2.6276692249825864
1305.0,8370.0,1.5781154071475836
1305.0,7407.0,1.1762835711342623
1283.0,6921.0,2.7234956879460714
1299.0,23317.0,2.0233341207403597
1299.0,40922.0,2.8802613704158855
1300.0,5141.0,2.7676311124932207
1343.0,2039.0,2.4550957479085787
1343.0,2350.0,2.605351438989506
1343.0,2104.0,2.920393858319507
1343.0,2236.0,2.022136697149763
1343.0,1745.0,2.15805686242579
914.0,2001.0,1.751381703060409
914.0,18812.0,1.638307688839158
878.0,3433.0,1.001435771210194
880.0,890.0,1.6883596343877685
949.0,45631.0,1.0784394981602985
949.0,9727.0,1.5672335860729363
949.0,35751.0,2.3328884882565104
949.0,2150.0,1.7106409019607818
949.0,5459.0,2.268393337814172
949.0,1895.0,2.6658924564849054
949.0,2304.0,1.5083814238865931
949.0,3188.0,1.879777894944558
949.0,8920.0,1.864803709615871
949.0,9420.0,1.7670442303331353
949.0,10710.0,2.142657186530284
949.0,10932.0,2.1645107543471465
949.0,12472.0,1.6019515910034423
949.0,18767.0,1.3132475364995644
949.0,6489.0,1.647532074103337
949.0,7239.0,2.512138939212416
949.0,7327.0,1.6960497209951442
949.0,20251.0,2.3103106930194244
949.0,47914.0,1.0537518211662718
949.0,43132.0,1.9693432634824528
949.0,22825.0,2.710270534202545
949.0,34756.0,2.5011806701174097
949.0,39180.0,1.300126956814588
949.0,39845.0,1.1026994764460427
919.0,4549.0,1.0993639154639752
919.0,5300.0,2.6477821650945215
922.0,1266.0,1.20997916069218
929.0,1164.0,1.1034671749631835
932.0,9604.0,2.346280062323812
867.0,4873.0,1.5055850004734388
867.0,2103.0,1.5878213329302504
867.0,5026.0,1.314751069513987
867.0,5155.0,1.7223520858794985
867.0,5159.0,1.5854429004597632
710.0,1169.0,1.394583992644355
742.0,2458.0,2.0851489512787795
782.0,5537.0,2.1342344854142943
782.0,7896.0,1.1195124915809718
782.0,9409.0,1.7975920989069514
800.0,1508.0,1.8315157760200826
800.0,1074.0,1.2649337224508788
805.0,40639.0,2.782828319940778
805.0,44376.0,2.0418859013755926
683.0,141.0,1.9844886853084696
669.0,3274.0,2.2729081497825154
681.0,1243.0,2.6693727432812553
826.0,3515.0,1.5523712963344913
826.0,19662.0,1.0939334372060863
826.0,1800.0,1.6823545537112805
860.0,1118.0,1.7812479200938698
810.0,1825.0,1.4516747982418865
824.0,14766.0,1.787489302347328
1039.0,15728.0,2.7794403743674856
1039.0,2621.0,2.8618207667831896
1039.0,3327.0,1.766469332455479
1039.0,3360.0,1.5039030039245447
1039.0,7527.0,2.823379600636242
1011.0,4707.0,1.7884781379440085
971.0,2167.0,1.9954277340868571
982.0,19786.0,1.9638608476294348
1007.0,3665.0,1.687892472549944
23.0,6805.0,2.9378955345248565
23.0,34322.0,2.4248509519016563
23.0,28589.0,1.194540505037762
23.0,41787.0,2.1677294284267425
23.0,14178.0,1.9464871381230093
23.0,35927.0,1.6034094419862082
23.0,36310.0,1.590122647243228
23.0,42363.0,2.116578951602949
23.0,4159.0,1.110971870597169
23.0,19593.0,1.7253260537066868
23.0,10977.0,1.9690159730260837
23.0,18700.0,1.8268222581235014
23.0,4873.0,2.3087546884199535
23.0,43441.0,2.3217193934906915
23.0,3486.0,2.8795658397614927
23.0,39918.0,2.6182357046852682
23.0,42534.0,1.7650887322576923
23.0,44984.0,1.6227183193731138
23.0,42724.0,2.5095323046903983
23.0,31526.0,2.47188398182087
23.0,50401.0,2.253749134915915
23.0,47488.0,2.2283472351846445
23.0,47551.0,1.4706387833590213
23.0,40288.0,1.7270877495106933
23.0,9661.0,1.3902154503971638
23.0,475.0,1.3140736417451246
23.0,2150.0,2.4580079395984034
23.0,7904.0,2.3534889075596217
23.0,19447.0,1.5611239721627996
23.0,7035.0,1.497299910339218
23.0,5575.0,1.3253178208392262
23.0,4192.0,2.116878777253754
23.0,4607.0,1.7310192626088254
23.0,2802.0,2.703971126749737
23.0,19786.0,1.4700260510374692
23.0,26799.0,2.0765937992076484
23.0,27442.0,1.8771967497352515
23.0,27574.0,1.8998624963901352
23.0,27717.0,1.5890258030346047
23.0,27675.0,2.2839250807261253
23.0,22234.0,1.1256964964846294
23.0,23142.0,2.3889993581126205
23.0,23848.0,1.8436132497107376
23.0,23913.0,2.2951275158672306
23.0,35779.0,2.7962727361096302
23.0,31862.0,1.5320549752343338
23.0,28844.0,1.2636611361244103
23.0,30337.0,2.1692564681109126
23.0,31084.0,1.51142908275955
23.0,31848.0,1.2004597583380145
23.0,15314.0,1.8244094965614903
23.0,15734.0,1.9901986522051003
23.0,15903.0,1.28437576827463
23.0,15911.0,1.05734841248796
23.0,15928.0,2.0452995298170054
23.0,16007.0,1.6339065077716797
23.0,14097.0,1.073030290747659
23.0,14107.0,2.844360555622813
23.0,14280.0,1.1887923590728755
23.0,14325.0,1.495984095191591
23.0,14367.0,1.671948812335673
23.0,14381.0,2.2537017941245985
23.0,35981.0,2.1781310182251556
23.0,19236.0,1.2014148445338708
23.0,19924.0,1.0113409633598442
23.0,20255.0,1.6777626982559692
23.0,16270.0,1.2065176203524093
23.0,17932.0,2.9373606155230254
23.0,18489.0,1.9420867380234503
23.0,18543.0,2.1539831009443313
23.0,18916.0,2.676195309550252
23.0,47786.0,2.98160370943806
23.0,49702.0,1.407939384187613
23.0,49771.0,2.1605413304814176
23.0,50040.0,1.584439300842538
23.0,4448.0,1.2433421558938862
23.0,47675.0,2.5408639664791948
23.0,39717.0,2.5688364802401136
23.0,39980.0,1.764476710200374
23.0,42489.0,2.1896915272754534
23.0,44884.0,1.6627271715299448
23.0,44800.0,1.021624484300037
23.0,44592.0,1.4928710274608699
23.0,42920.0,1.4003851281080297
23.0,43087.0,2.436319062093389
23.0,2694.0,1.2810581265365952
23.0,3465.0,1.8909226182313355
23.0,3542.0,2.174805937620187
23.0,2402.0,1.4809534824814494
23.0,4787.0,1.6787718710319768
23.0,4978.0,2.2761517057032346
23.0,5238.0,2.1096247239221846
23.0,4582.0,1.6526593002995167
23.0,4566.0,1.7005437887503037
23.0,4502.0,2.1609469956483993
23.0,5343.0,2.371958433314252
23.0,9504.0,2.886240354092468
23.0,9981.0,2.9509563360856834
23.0,8471.0,1.9489775040189847
23.0,8493.0,2.512104030070359
23.0,8501.0,2.006247416210013
23.0,8614.0,2.268869636477818
23.0,8686.0,1.5459817564753606
23.0,10038.0,1.0915439006950762
23.0,10915.0,2.23617150942286
23.0,11054.0,2.60241016040038
23.0,12507.0,2.0800633891137603
23.0,13900.0,1.1460589970658805
23.0,13915.0,2.2699329550484153
23.0,10080.0,1.4025696858829146
23.0,10154.0,2.7176385679134434
23.0,10211.0,1.5604266843763108
23.0,10435.0,1.717006933959465
23.0,8217.0,2.757399025328083
23.0,6493.0,2.164695670146169
23.0,6553.0,2.8003215439680123
23.0,6561.0,2.492290950805512
23.0,6643.0,2.264172039429944
23.0,6648.0,2.859043330944469
23.0,6723.0,2.1286762671567447
23.0,6745.0,2.2940863101782094
23.0,6769.0,2.7247861075439586
23.0,6847.0,1.0877392524095932
23.0,5711.0,1.4279032675645826
23.0,5912.0,2.6983304583816152
23.0,6024.0,2.1500561117543064
23.0,6208.0,2.3049064486483393
23.0,6275.0,2.0560147094085464
23.0,7857.0,2.5944831239825294
23.0,7044.0,1.271448420396535
23.0,7092.0,1.778661103169069
23.0,2693.0,1.7838225000935666
24.0,18.0,1.6982349056835342
24.0,1678.0,1.7841940644927614
24.0,956.0,2.3618901800138206
24.0,5373.0,2.792038565990725
24.0,643.0,2.6984721284677216
34.0,4398.0,2.883608509036509
34.0,475.0,1.6601329596921883
34.0,1255.0,2.9512366624144195
34.0,32.0,2.230697670106892
34.0,950.0,2.3068382200330886
34.0,12.0,2.160837245495117
34.0,210.0,1.1642779465796478
34.0,297.0,2.316373334748558
34.0,514.0,1.0551434220205531
34.0,1540.0,1.9917754824985472
35.0,9830.0,1.4199432080950598
35.0,17313.0,1.167414562750296
35.0,18392.0,2.2472174236860862
15.0,361.0,2.892421609564185
11.0,6377.0,1.3881545284916754
5.0,50205.0,1.3273339188987694
5.0,6664.0,2.14193405182771
5.0,44947.0,1.7106067795585627
5.0,40107.0,1.8813109116102114
5.0,231.0,2.005296043646715
5.0,2667.0,1.2693045265707876
5.0,256.0,2.277784876354384
5.0,1700.0,1.3129018882443286
5.0,1355.0,1.156611289245526
5.0,1276.0,1.8213165136650467
5.0,6095.0,1.869757400158055
5.0,278.0,2.4037046024019024
5.0,2922.0,1.3729618795386993
5.0,434.0,1.9797178842100724
5.0,218.0,2.625720520046433
5.0,14110.0,2.8175100950414986
5.0,14988.0,1.9679197908522825
5.0,15819.0,2.695699206343103
5.0,19151.0,1.2770142622234189
10.0,3748.0,1.1524651725036377
10.0,262.0,1.7780803969305403
104.0,2761.0,1.5868189686217389
104.0,30796.0,2.3279685069237654
104.0,3506.0,2.770757083062928
104.0,18420.0,1.1474032036483677
104.0,2069.0,2.0794067030571775
104.0,2262.0,2.4347565207946102
104.0,23060.0,2.318508212798785
104.0,40348.0,1.3221147290196282
104.0,30862.0,1.7000688845941
104.0,30907.0,1.1441826052540527
104.0,32028.0,1.4693898037259105
104.0,33114.0,1.0557956749514408
104.0,36421.0,1.5078143691747223
104.0,16213.0,1.3828452006908496
104.0,20698.0,1.4196029417019156
104.0,26574.0,1.6090393268271845
104.0,27364.0,1.0587059624369668
104.0,38657.0,2.1281333422553397
104.0,39432.0,1.968516885037911
104.0,10574.0,2.52533394319578
104.0,41779.0,2.007835018777662
123.0,487.0,1.5460296457597413
123.0,535.0,2.6383944684092575
123.0,243.0,1.5745881645551534
141.0,227.0,2.478807620228431
143.0,1801.0,1.5467083827629242
143.0,2975.0,2.2182758737138406
143.0,32025.0,1.0779825846416897
143.0,35263.0,1.6688207471006866
114.0,260.0,2.1874330398883925
106.0,41274.0,1.3612316356522838
110.0,100.0,1.4625980435998822
113.0,1091.0,1.8077977588774878
96.0,10606.0,2.643273750791424
96.0,34322.0,2.420837487531273
96.0,154.0,1.3415355422103468
96.0,9193.0,2.5529424874107165
96.0,7450.0,2.5696795008242637
96.0,36064.0,1.5818632307808584
96.0,956.0,1.6750088573830482
96.0,2587.0,1.1754637323890889
96.0,2417.0,1.596957474893056
96.0,2540.0,2.521809253242769
96.0,34756.0,1.6401561599576873
96.0,262.0,2.4841094310907863
96.0,25173.0,1.4252251658971091
96.0,28536.0,2.334064586592544
96.0,39742.0,1.7220836700874953
96.0,2466.0,1.3305441119481876
96.0,138.0,2.5294188847914887
96.0,8490.0,1.2501008234081257
96.0,8807.0,1.2359179541515337
96.0,9149.0,1.7544907551654152
96.0,8286.0,1.8374560538117974
96.0,7315.0,1.8172574650426183
96.0,7413.0,2.9994112910223065
96.0,7489.0,2.3519503772385377
96.0,7272.0,2.9106655425236387
96.0,19177.0,2.620314018017989
96.0,19312.0,1.197909044820146
96.0,19395.0,1.2877031222340658
96.0,13772.0,2.1341150470975707
96.0,18415.0,2.3791857071874056
96.0,1782.0,1.6182531099200095
96.0,1960.0,2.5236849308045297
96.0,1994.0,1.215480812051353
96.0,552.0,2.311719571347251
96.0,6016.0,2.3754625830445124
96.0,6325.0,1.2977248324278217
96.0,2612.0,1.8946202578428892
96.0,2629.0,2.019708812338567
96.0,2649.0,2.0157973070239095
96.0,5283.0,1.6625178685172644
100.0,250.0,1.1820237972556122
100.0,269.0,2.8378834659969012
100.0,303.0,2.452075486914966
100.0,3345.0,1.9826005840942118
100.0,225.0,2.672837672644379
98.0,57.0,2.579776451321602
155.0,8067.0,2.571883201646255
80.0,4886.0,1.687484976458943
80.0,101.0,1.5241652632227995
80.0,5366.0,2.921004879266234
80.0,2243.0,2.556578313162758
80.0,3612.0,2.291998691400792
82.0,41.0,1.5368703543001991
82.0,453.0,1.2796459427057496
82.0,3635.0,2.958757228828656
82.0,2839.0,1.7202697002111627
82.0,1101.0,2.4491207193927136
82.0,1604.0,2.98502908575008
82.0,1746.0,2.4081186220906523
82.0,2178.0,1.3076831807428029
82.0,6355.0,2.0274266938449834
82.0,5323.0,2.7704054137764844
83.0,74.0,1.4504239485353918
83.0,377.0,1.5055311843321693
83.0,100.0,2.8319445625999258
83.0,275.0,1.1815965515414248
83.0,23896.0,1.471519992260931
85.0,68.0,1.2759634635117063
90.0,570.0,1.6363305417996492
79.0,15336.0,1.3628653456700444
79.0,15886.0,2.91815424756328
79.0,162.0,1.440241262119102
79.0,4630.0,2.398446503281648
79.0,5021.0,2.862892145079361
79.0,8929.0,2.0995800707449845
39.0,1238.0,1.8311842008250123
39.0,1366.0,1.4067347734600644
39.0,6001.0,1.5978803452726777
43.0,2862.0,2.7387133786395284
45.0,369.0,2.0010926275507366
45.0,297.0,1.7680935619361027
45.0,4840.0,2.915455714923902
45.0,7783.0,1.13886914484063
45.0,7953.0,1.449317536233559
78.0,315.0,1.7566023538942446
64.0,22529.0,1.822164633065591
64.0,1976.0,2.341870892583108
64.0,156.0,1.859040905593983
64.0,6888.0,1.7084600064939675
48.0,59.0,2.869017437956965
49.0,976.0,2.975592308136944
49.0,30094.0,2.670720505721755
6656.0,18173.0,1.1270157869198247
6656.0,19974.0,1.9336626871869267
6656.0,10625.0,2.623755718948681
6656.0,9377.0,2.4700428676708155
6656.0,8157.0,1.4527875193090942
6656.0,22002.0,1.194419978052589
6656.0,8699.0,1.4980777350128769
6656.0,9466.0,2.1311198457204235
6656.0,8377.0,2.5568784623885046
6656.0,11071.0,2.960538428583633
6656.0,19281.0,1.9526181083019116
6656.0,23404.0,1.431053582974686
6656.0,19027.0,2.4322181879484894
6656.0,18732.0,1.7046898603379013
6656.0,16369.0,2.952453197676279
6656.0,16400.0,2.9398869041396374
6629.0,27223.0,1.7855701122525627
6629.0,9920.0,2.6378447302512567
6629.0,15745.0,1.9935615574347403
6629.0,16829.0,1.3903447971365883
6629.0,22395.0,2.2742628916098147
6629.0,17519.0,1.4733211292680142
6629.0,21907.0,2.168073950777215
6629.0,20115.0,1.444665217867886
6629.0,18338.0,2.985118772153051
6629.0,2141.0,1.6459364715217455
6629.0,26730.0,1.0788068628031375
6629.0,30975.0,1.8012069564007944
6629.0,44348.0,2.4190677220498813
6629.0,17483.0,2.183833144293406
6629.0,17966.0,1.1292633875452942
6652.0,10469.0,2.921412820995034
6444.0,20880.0,2.7234519507430806
6507.0,43193.0,1.6746889651007817
6533.0,9029.0,1.3500507827459698
6933.0,14232.0,1.3080978989673244
6933.0,9099.0,1.2050403999047923
6933.0,2168.0,1.3246653280232277
6933.0,10566.0,1.3699306504673485
6956.0,20073.0,1.228922428350699
7000.0,9184.0,1.2602893587823227
7040.0,4771.0,2.9775846350880224
7052.0,6191.0,2.399482243529042
6862.0,9019.0,1.054299931306602
6862.0,10768.0,2.7753998468258416
6876.0,2600.0,2.143471450819983
6876.0,9019.0,2.167625780891311
6876.0,9704.0,1.9668814841097049
7188.0,10906.0,2.777239557489443
7188.0,19577.0,1.5797304144316955
7188.0,15768.0,2.6360178098137377
7188.0,10462.0,1.7001483558068349
7189.0,4456.0,2.6572108296083403
7202.0,14028.0,1.7748757451883899
7202.0,14848.0,1.0135964564621698
7211.0,9543.0,1.1765346985155918
7280.0,8731.0,2.6436636381477987
7280.0,23213.0,2.803868099301005
7152.0,44245.0,2.1033199655419157
7164.0,10049.0,1.4408938977164716
6710.0,37081.0,1.3644668218363238
6710.0,20502.0,1.4557533295857337
6710.0,36162.0,1.3354079289559968
6710.0,47679.0,2.123011792630737
6673.0,9220.0,2.3198675026895748
6815.0,9971.0,2.278440858984683
6844.0,47906.0,2.976159493702819
6844.0,15416.0,2.8132611887714445
6794.0,8933.0,1.8767828949121752
6397.0,18566.0,1.2420977863594884
5337.0,18329.0,2.9486890640284864
5337.0,43742.0,1.1983826122280798
5337.0,38351.0,2.99918617017809
5337.0,2215.0,2.091777170223671
5337.0,13612.0,2.4616855754794624
5337.0,19126.0,2.5797662770101883
5337.0,34813.0,1.3452616498836765
5326.0,10410.0,2.1415379413058453
5186.0,28403.0,1.2145667361939485
5186.0,8682.0,2.4845023754364766
5272.0,3420.0,1.590521902430847
5278.0,25316.0,2.256456194150132
5510.0,23814.0,1.3321653889785645
5580.0,3371.0,1.4798552456603427
5617.0,7353.0,1.8770942254549294
5686.0,7486.0,1.0755667044560797
5696.0,8049.0,1.3793512868361015
5487.0,10680.0,1.0147095877837173
5487.0,17547.0,1.1428990223600968
5487.0,37960.0,2.1479155816187094
5388.0,7093.0,1.815755919070665
5422.0,7882.0,1.1369266572803778
5462.0,7160.0,1.7504596767157283
5120.0,8615.0,2.585544123892526
5121.0,6704.0,1.0730354624793668
5125.0,50642.0,1.273438569685361
5125.0,49979.0,2.3135978292211172
5139.0,5268.0,1.0813657102010823
5142.0,12276.0,1.0718706377130036
5079.0,16175.0,1.9103004573830302
5079.0,26478.0,2.911284149028217
5079.0,34972.0,1.6965377357185132
5167.0,49932.0,2.4431694070115713
5167.0,35318.0,1.9728100091919296
5167.0,35904.0,2.981430320432183
5167.0,9884.0,1.6910713535308843
5167.0,27103.0,2.9777032745434795
5167.0,32252.0,1.9811953235668809
6236.0,17775.0,1.1034233055181821
6254.0,49708.0,2.853061840443385
6254.0,18668.0,1.9006737823600495
6256.0,8650.0,2.645261350932171
6263.0,16665.0,1.6067194238018583
6268.0,8057.0,2.27606441374101
6272.0,2112.0,1.4524713222171037
6272.0,399.0,2.4617777649352117
6308.0,41647.0,1.483829715731881
6308.0,22709.0,2.3407790124243744
6308.0,48351.0,1.9541543512712725
6308.0,37922.0,2.0912796145010653
6308.0,38637.0,2.439545686623971
6308.0,41004.0,2.776349954476757
6321.0,6839.0,1.0459419284069476
6285.0,8146.0,1.8163444958924864
5844.0,36638.0,1.0742685893999462
5850.0,7680.0,2.1082260239694257
5877.0,10204.0,2.109279634759996
5885.0,7931.0,1.221299392003434
5898.0,7668.0,1.1778222463073842
5961.0,14772.0,1.5436673621863188
5961.0,18381.0,1.0178022974003467
5973.0,8056.0,1.3837015530103596
5973.0,9759.0,1.9011434883634666
5827.0,23136.0,1.4026264327602829
5811.0,7666.0,2.309784873569928
5730.0,41636.0,1.3308284242867379
5775.0,7267.0,2.17676201409977
5775.0,9502.0,2.5708702887823964
5775.0,9554.0,1.634437297915853
5775.0,13801.0,2.2898018727686544
6181.0,8516.0,1.1749949088654572
6185.0,5332.0,1.1338530125777422
6190.0,8055.0,2.8966641595316505
6228.0,17481.0,1.3478630734402461
6042.0,7589.0,2.8112985075200996
5027.0,20700.0,1.3439867712427611
5027.0,23145.0,1.9096772792402072
9094.0,51914.0,2.539704396531861
9113.0,12472.0,1.3612344252452704
10208.0,13581.0,2.3806015160291656
10232.0,548.0,1.562113712840053
10240.0,13578.0,2.091656374216223
8980.0,8757.0,1.093023622309133
8980.0,13814.0,1.981022838516834
9039.0,37119.0,2.5160774065028253
9085.0,12469.0,1.5779167632933049
10622.0,14524.0,1.4936765570822617
10630.0,9938.0,2.952839530405437
10611.0,18727.0,2.274788752282302
10516.0,11249.0,2.0819012650723803
10570.0,13907.0,1.14320439046023
8755.0,12438.0,2.8215716420560484
8755.0,22815.0,2.093292157937011
8755.0,14263.0,2.1061844628324433
8755.0,28122.0,1.582430946518127
8755.0,15483.0,2.4245915726407548
8755.0,14280.0,1.6529359956654395
8755.0,7353.0,1.9373911897529204
8755.0,16228.0,1.6234411657735697
8755.0,14680.0,2.1312906007711865
8755.0,32613.0,1.6801070549046015
8755.0,20211.0,1.4477886737302093
8755.0,23304.0,2.467717410135589
8755.0,26841.0,2.551124139798955
8755.0,13874.0,2.7619649676315476
8755.0,14343.0,2.903220714810905
8755.0,14454.0,2.725530252071585
8755.0,11207.0,2.0853096547169114
8755.0,13785.0,2.496689881725275
8755.0,13807.0,1.2474154055681177
8755.0,14026.0,1.9711665266286431
8755.0,17189.0,2.484592293193436
8755.0,17392.0,2.8130201372084027
8755.0,18660.0,1.5455889351345524
8755.0,11075.0,1.8220927747687716
8858.0,11187.0,1.694632239138166
8865.0,40096.0,2.803624375058055
8865.0,46056.0,2.795658452878126
8865.0,39295.0,2.696167683892117
8865.0,18338.0,2.70221100082606
8865.0,39830.0,1.7391165109405886
8883.0,49721.0,1.1532675827233156
8930.0,19994.0,2.379533004648762
11387.0,19092.0,1.8395919986728622
11387.0,28376.0,2.064288505765786
11400.0,11187.0,1.767218675860825
11430.0,15086.0,1.328827976922653
11430.0,16265.0,2.061013039769513
11374.0,14881.0,1.125401344698933
11209.0,30469.0,2.884796953503035
11209.0,641.0,1.2348879494429945
11209.0,22544.0,2.074427970932615
11209.0,38909.0,1.1371399604810966
11209.0,15167.0,2.6618619217238635
11209.0,16010.0,1.7911033884205394
11209.0,18246.0,2.893256489463416
11209.0,14639.0,1.4701040784725867
11209.0,6577.0,2.2004717611411175
11313.0,14837.0,1.8381311985464475
11384.0,3737.0,1.3670400522618926
11643.0,1059.0,1.7244715269498991
11643.0,40967.0,1.7371984145825627
11643.0,31908.0,1.0976659266065754
11657.0,7341.0,1.5565443477055598
11515.0,1586.0,2.252737559572968
11551.0,14983.0,2.618179451505764
11577.0,15055.0,1.561493626226309
11591.0,41240.0,1.4379879070310082
11616.0,50551.0,2.804198379423341
10784.0,9228.0,1.7223458830711464
10966.0,23750.0,1.2680680776375794
10996.0,9316.0,2.3527180337098477
10996.0,17229.0,1.786112494641114
11077.0,14562.0,1.3321536976777826
11084.0,907.0,1.677362552851067
11089.0,14301.0,1.8627952375714547
11136.0,10540.0,2.2712405791218644
11147.0,14645.0,2.1015388512751847
11169.0,6686.0,1.1457680534196346
8163.0,10909.0,1.2295883381924548
8163.0,2282.0,2.328728002172567
8163.0,10737.0,1.7337053260369641
8163.0,3465.0,1.1063232360945858
8188.0,17446.0,2.6016227102194627
8188.0,34220.0,2.5150622645016427
8188.0,15235.0,1.2567469134766414
8188.0,14983.0,2.4755774753247426
8188.0,19212.0,2.1795655103519773
8188.0,23877.0,2.4341005486780487
8081.0,22173.0,2.3729934678373574
8076.0,7531.0,1.5369038893113043
7922.0,8630.0,2.1203709628379546
7927.0,8630.0,1.1599309208528623
7992.0,10274.0,1.2583641053977461
7998.0,14958.0,1.0910947808948852
7998.0,15838.0,1.749251222141209
7998.0,18012.0,1.0135939762812733
8014.0,2.0,2.4008988142643877
8040.0,10302.0,2.018587726508094
8256.0,48201.0,1.7672771233932323
8380.0,15034.0,2.6944588745123697
8380.0,7011.0,2.5930322669408774
8380.0,10692.0,2.5636862175565818
8211.0,10408.0,1.5740552172834128
8192.0,36965.0,2.089312979377956
8192.0,36480.0,2.0300625889520294
7450.0,10159.0,1.6296537526495491
7450.0,6166.0,1.5690670845204377
7496.0,9849.0,1.2169892538307403
7505.0,4290.0,2.617660494209522
7550.0,9832.0,2.1645772782962656
7569.0,9981.0,1.3518984764598934
7569.0,10425.0,1.71362242523299
7569.0,12491.0,1.0541523857960708
7569.0,16416.0,1.3214094857978662
7395.0,9788.0,1.1107255480438072
7395.0,10003.0,1.023389351937832
7302.0,9585.0,2.0287036503132976
7329.0,9139.0,1.4916172032787955
7336.0,805.0,1.1700662872670222
7336.0,8373.0,1.0318553976804876
7336.0,9609.0,2.9644183817335588
7387.0,18950.0,2.5403774341322127
7387.0,9422.0,1.6629471125658801
7387.0,19211.0,2.2638138569642985
7772.0,9956.0,2.1357616602130833
7646.0,15351.0,2.612278284772324
7654.0,402.0,2.59927264803817
7654.0,23479.0,1.9647718670653334
8436.0,50094.0,2.7026022197138655
8436.0,11255.0,2.7299984994475777
8436.0,17655.0,2.2213303733882053
8497.0,11024.0,1.395000065199259
8385.0,7083.0,2.228563289266137
8691.0,19830.0,1.0744536871466148
8691.0,13652.0,2.4689996772507574
8691.0,14247.0,2.4873313275269497
8691.0,13972.0,2.5892605069095502
8725.0,8420.0,2.3134143536954284
8532.0,17057.0,2.6213776671277675
8532.0,2215.0,2.6546577365566955
8532.0,15361.0,2.826395579384277
8690.0,11034.0,1.6366150871743586
8690.0,14540.0,1.7381733831080808
5005.0,8771.0,2.980340842827921
2703.0,1456.0,1.4665663111772194
2703.0,17811.0,2.258891200206937
2703.0,36178.0,1.3933629816346451
2703.0,16742.0,1.284516736010897
2703.0,16920.0,1.0990425381568871
2703.0,6572.0,1.0688934738735383
2703.0,16414.0,2.3752394203126324
2703.0,17451.0,1.6315420653455992
2703.0,10301.0,2.594650317694491
2703.0,22809.0,1.8294482029574877
2703.0,26627.0,2.5211305890693154
2703.0,41562.0,1.7285936749608861
2703.0,38520.0,1.2482947167878116
2703.0,27329.0,2.8766452326842678
2703.0,4320.0,1.6617001737194128
2703.0,3616.0,1.3626988929467492
2703.0,17723.0,2.3405448052658606
2703.0,4421.0,2.6182517587168457
2703.0,4796.0,1.7688867886346678
2703.0,23877.0,2.5332412177247843
2703.0,14984.0,1.1390929294711993
2703.0,18708.0,1.2980659144450006
2703.0,18824.0,1.8331767511824733
2703.0,18833.0,1.259248806822717
2703.0,22015.0,2.198792536357238
2703.0,18280.0,1.471339506391305
2703.0,17572.0,1.7400474211292662
2703.0,17610.0,2.1755421164902478
2703.0,18004.0,2.9693681523867093
2703.0,18199.0,2.427414663327714
2703.0,23731.0,1.4720575680098937
2703.0,24005.0,1.9790800169411813
2703.0,24050.0,1.182783139206669
2703.0,22862.0,1.3992356507335566
2703.0,23083.0,1.3322032288925432
2703.0,23108.0,2.5466103435209044
2703.0,23216.0,2.2676399459683054
2703.0,23326.0,2.8154112422609723
2703.0,23358.0,1.5657964645905
2703.0,17501.0,1.1169972942791893
2703.0,17461.0,2.1258795976116596
2703.0,3201.0,2.079020466546461
2703.0,12513.0,1.7522664534653585
2703.0,14626.0,1.3163617862762658
2703.0,15252.0,2.0074366456211123
2703.0,4434.0,2.3983684958900264
2703.0,8306.0,1.6449227399621003
2703.0,35364.0,1.0014385717900611
2703.0,26724.0,1.9313973522348005
2703.0,26968.0,2.0484162609110514
2703.0,17881.0,1.7558599547750624
2603.0,7188.0,2.9063176640066004
2603.0,9609.0,1.1275989343836583
2603.0,17054.0,1.1076225919341987
2603.0,9273.0,1.914825700157845
2603.0,10985.0,1.9000051485653766
2637.0,5719.0,2.3104982863014065
2697.0,3821.0,1.1934526744661094
2995.0,3433.0,1.2750124378835987
3068.0,5691.0,2.297002133102442
3068.0,3550.0,1.2475298787972093
2974.0,4221.0,1.0108238362872324
2857.0,3348.0,1.7953758209784199
2867.0,3371.0,2.110367802662047
2893.0,3383.0,2.04706229324597
2944.0,3433.0,2.631273375752221
2954.0,3433.0,1.098221682055387
2958.0,3000.0,2.3964974036729787
3126.0,8146.0,1.8664538312410532
3126.0,10579.0,2.336650149401115
3126.0,7765.0,1.7824455859626749
3126.0,8154.0,2.9131114533405924
3126.0,5337.0,2.3285989823031934
3126.0,10183.0,1.589646984944173
3126.0,3058.0,2.76694841941037
3114.0,4845.0,2.196718743603845
3114.0,4597.0,2.8357464008269377
3114.0,3070.0,2.2345058353862735
2722.0,3150.0,2.0453923525241424
2722.0,1570.0,2.8630807824927493
2722.0,3235.0,1.1822618470713793
2722.0,4087.0,1.3847445343043348
2828.0,35536.0,1.3526034284712198
2828.0,48450.0,1.4439711577489547
2828.0,27634.0,1.3933983580475167
2828.0,34403.0,1.620768372118594
2033.0,19298.0,1.6745651298343105
2033.0,27394.0,2.3957891430801546
2033.0,8771.0,1.5550274381427829
2033.0,8467.0,1.0987461079657936
2033.0,9937.0,2.278090355759632
2033.0,14299.0,2.050351444710235
2033.0,23358.0,1.5496758689870966
2033.0,10224.0,1.9631455110594467
2033.0,23306.0,2.992898739007191
2033.0,14504.0,2.225453805112153
2027.0,5264.0,2.0771022075554058
2027.0,4816.0,2.058838893872082
2027.0,19665.0,1.847966458221679
2067.0,1056.0,2.9725569271215906
2080.0,42662.0,2.113039432551228
2087.0,3049.0,2.354705102154788
2111.0,2507.0,1.8456573732765071
2114.0,8560.0,1.5112194348507968
2011.0,2314.0,2.047619074422518
1993.0,16414.0,2.7191696332089688
1791.0,1507.0,1.6512843011777911
1792.0,598.0,1.7846643343735404
1792.0,3117.0,2.145384020831554
1762.0,2361.0,1.729140513664807
1781.0,4828.0,1.2823896727143649
1781.0,6134.0,2.2681324554397477
1898.0,2074.0,2.6816870798489734
1941.0,1823.0,2.047313357428451
1941.0,2456.0,1.5011764108622354
1808.0,2024.0,2.671440655235487
1835.0,2561.0,1.1356633772077551
1835.0,15809.0,1.5688336003541903
2158.0,10696.0,2.545158716990725
2158.0,3111.0,2.9994292724299014
2158.0,5421.0,1.157855539740657
2158.0,9470.0,2.01682147270622
2158.0,10132.0,2.0752457523348964
2433.0,4709.0,1.0687487687598165
2440.0,2929.0,1.6809600633321606
2459.0,4381.0,2.9572783134118907
2459.0,4551.0,1.777108499379578
2459.0,5199.0,1.026700014020651
2459.0,2482.0,2.505055959308013
2459.0,4484.0,2.3074113650548
2417.0,16071.0,2.9208241957429975
2382.0,5210.0,1.677610341477044
2382.0,4989.0,2.964064701337192
2383.0,8242.0,2.3274269502339546
2408.0,4245.0,1.3654301215983664
2411.0,39573.0,1.4944909930070294
2411.0,40107.0,2.868084056643151
2465.0,1915.0,2.8143600047883517
2464.0,5431.0,1.9891618268144045
2209.0,5998.0,1.0784885459464542
2224.0,6080.0,1.8166263749402387
2280.0,8067.0,2.7575218245139164
2280.0,3058.0,1.3327897346225475
2280.0,2796.0,1.5259083002108615
2280.0,2886.0,2.1906843396075955
2280.0,3016.0,2.0686643345089473
2280.0,20654.0,1.3626093092636389
2280.0,25330.0,2.672352716142428
2280.0,10618.0,2.6569368758269043
2280.0,3603.0,2.1659748465126256
2280.0,9984.0,2.6912810031258503
2192.0,9044.0,2.505784439985152
2177.0,3498.0,2.8552993002881335
2287.0,2799.0,2.169530487176626
2356.0,2779.0,2.3388558420678494
3943.0,14123.0,2.1750880162815474
3943.0,10041.0,2.091411071911617
3943.0,6574.0,2.2568574214229855
3943.0,42163.0,1.1729643422055387
3943.0,7556.0,1.9679713265406629
3943.0,32400.0,1.318546908054191
3943.0,2241.0,1.3307551399736894
3943.0,3665.0,1.5362855600438081
3943.0,7782.0,2.39181219386718
3943.0,8197.0,2.4688262477693046
3943.0,8440.0,2.567563081195673
3943.0,6996.0,2.25105574874671
3943.0,6620.0,1.063321685794362
3943.0,20159.0,2.2814873478871114
3943.0,20703.0,1.6425601713570308
3943.0,10112.0,2.1845142799332464
3943.0,12327.0,2.4976620912252905
3943.0,8107.0,1.176382678935982
3943.0,6673.0,2.470205749479627
3943.0,4838.0,2.8658274015791427
3943.0,5951.0,2.0849211831108985
3943.0,6434.0,1.4337429383345028
4020.0,20180.0,2.1504446571658526
4020.0,6828.0,1.2641694553287548
4020.0,20753.0,1.551612448244174
4020.0,34542.0,2.9666479476452317
4020.0,3487.0,2.4783154142934443
4020.0,9214.0,1.7692826590656243
4020.0,9700.0,1.027134409421548
4047.0,3429.0,1.3105326078937019
4060.0,8912.0,1.852615626498317
4082.0,4847.0,1.6599762708276888
3926.0,3389.0,2.4698892980628235
3926.0,5523.0,1.104447604425132
3835.0,41361.0,2.710394778633733
3835.0,50771.0,2.902668179618239
3835.0,15278.0,2.655026435144179
3835.0,15386.0,1.3016843426368816
3835.0,38520.0,1.7175604062304113
3835.0,805.0,2.9912109655081185
3835.0,27785.0,1.1855406523334102
3835.0,31751.0,1.6227646682214625
3835.0,44387.0,2.861898052688946
3838.0,4886.0,2.7208853020432215
3840.0,4845.0,2.0607232879061006
4092.0,510.0,1.3516870881899772
4092.0,5722.0,1.3233230626753552
4092.0,7247.0,1.28358582113155
4092.0,12450.0,2.220727001320003
4092.0,13604.0,1.4767101075357372
4092.0,5756.0,2.5371955919751947
4092.0,4120.0,2.8778630982864746
4092.0,10919.0,1.1832730187898575
4092.0,23721.0,1.3898460106162802
4670.0,10664.0,2.2200477245533414
4795.0,18423.0,2.146626711451356
4795.0,31325.0,2.398293893325321
4795.0,5916.0,1.8846276148077612
4795.0,16093.0,1.29308630502179
4795.0,17497.0,2.1869564126720995
4795.0,18137.0,1.2685705193887382
4566.0,14886.0,1.0296019585669367
4566.0,15402.0,2.617350595415359
4566.0,5871.0,2.6206063814329417
4573.0,5865.0,2.919189282620435
4616.0,6029.0,2.6453943545952647
4859.0,6264.0,2.245420238521988
4873.0,6272.0,2.270430421037511
4887.0,16672.0,2.745908037514127
4889.0,6297.0,2.576078986545723
4903.0,4765.0,2.4980837824176003
4910.0,8535.0,1.3570960365958076
4910.0,8442.0,2.5322883127005547
4930.0,6363.0,1.7209803272280577
4855.0,8380.0,1.5903942023498367
4527.0,5465.0,1.812094532119171
4146.0,17209.0,2.49771441973101
4146.0,22329.0,2.880921929039746
4199.0,5426.0,2.760053360537813
4226.0,5461.0,1.2971975917196539
4263.0,5499.0,1.0231872852686603
4278.0,5861.0,2.873329563308861
4278.0,5504.0,2.8920826784458344
4129.0,5413.0,2.8271484609935538
4301.0,23889.0,2.99904528188351
3451.0,37851.0,2.0834859333113185
3451.0,5920.0,2.487253651740682
3451.0,16401.0,1.5115189952119275
3451.0,8437.0,2.7485306887641787
3458.0,35888.0,2.6446245539418793
3458.0,34482.0,1.4877664140362932
3337.0,4263.0,2.8633026263750962
3343.0,13584.0,2.303386495036828
3398.0,52110.0,1.7774419224571034
3575.0,41685.0,2.9521810173521095
3575.0,42787.0,1.3659552018963743
3606.0,3122.0,2.442432038460659
3606.0,9267.0,2.4699972661717178
3480.0,8316.0,2.8626217031483447
3499.0,4105.0,1.5472353588490515
3508.0,5300.0,2.3513338883520434
3178.0,44883.0,1.6418588981519766
3178.0,49844.0,1.4507890686436862
3178.0,40562.0,2.6773374042350824
3178.0,50647.0,2.0215525658624216
3178.0,41191.0,2.211748968077582
3178.0,43096.0,1.3453323545541263
3178.0,44331.0,2.3904497125909403
3178.0,44925.0,1.5787112731980868
3181.0,3637.0,2.075826473538407
3194.0,4265.0,2.571647893532628
3194.0,3235.0,2.0230128712261717
3194.0,3831.0,1.6153996270112236
3206.0,3777.0,1.9041411550229137
3211.0,6905.0,1.9761868285654431
3312.0,2560.0,1.2685919653191478
3312.0,1091.0,2.3006894366975943
3312.0,4037.0,2.8756801103007383
3252.0,1955.0,1.0008699345553815
3288.0,3074.0,1.8684179900884494
3790.0,15791.0,2.5484067961715122
3790.0,4501.0,2.9978203826506804
3790.0,22002.0,2.899223449783278
3790.0,9971.0,1.488294733142824
3790.0,30094.0,1.848468641144639
3790.0,8635.0,2.4938911539841464
3790.0,7680.0,2.4643651905259767
3790.0,17572.0,1.6767068748763523
3790.0,9278.0,2.5003593771504544
3790.0,5226.0,2.8929394620372597
3790.0,10183.0,2.129986103717635
3790.0,5622.0,1.855606889359757
3790.0,14856.0,2.9350871731829136
3790.0,10587.0,2.918684692940614
3790.0,22579.0,1.9089877362873946
3790.0,26876.0,2.6644982414446163
3790.0,4753.0,1.5717265387620947
3790.0,5274.0,1.0500372414498433
3790.0,7797.0,1.0504522962019753
3790.0,6353.0,2.6600729903489624
3668.0,20304.0,1.2269182258626208
3789.0,4740.0,1.7134471412466086
3677.0,45431.0,2.5241363968798067
3704.0,7670.0,2.3678030172141273
3727.0,4681.0,2.480463821592995
3768.0,3360.0,1.4677398622539697
3776.0,965.0,1.4826970713024867
10939.0,1244.0,2.988524382711498
26157.0,27352.0,2.5974180001913596
