4.0,96.0,2.0247256971109096
4.0,2560.0,2.2339792438058756
25579.0,5003.0,1.1849627969976673
25579.0,7652.0,2.125082948709805
25579.0,8841.0,2.4657365080993454
25579.0,8904.0,2.3210458974994443
25579.0,9158.0,2.5931234981948696
25579.0,4398.0,1.8984771372385496
25579.0,773.0,1.6281365650660495
25579.0,1367.0,2.450231559294793
25579.0,2093.0,1.5477487948733568
25579.0,2274.0,1.6680251652274904
25579.0,2968.0,2.9109087936424185
25579.0,3803.0,2.861998448479869
25579.0,9964.0,2.4283996436519057
25579.0,12342.0,1.6627517482487515
25579.0,12373.0,1.7578147538085365
25579.0,13822.0,1.0967266957581234
25579.0,14841.0,2.2043969571817477
25579.0,32076.0,2.2245045735182867
25579.0,32323.0,2.5316576696747477
25579.0,31567.0,1.780896498524319
25579.0,31608.0,1.4854507454937433
25579.0,31708.0,1.6091329894629982
25579.0,31967.0,1.5306603474016556
25579.0,32015.0,1.1487841229682298
25579.0,31485.0,1.7162651487083276
25579.0,32694.0,1.4842704473657438
25579.0,34693.0,1.4539032668446965
25579.0,34704.0,1.3102304754678562
25579.0,34743.0,1.6550734620105123
25579.0,34749.0,2.1001002184266744
25579.0,35190.0,2.3669095787322214
25579.0,35334.0,1.409807420571275
25579.0,35365.0,1.4264471395840455
25579.0,35424.0,2.900499299449489
25579.0,34644.0,1.275104187962339
25579.0,34322.0,2.7699715936382043
25579.0,27530.0,1.9016139026194956
25579.0,27779.0,2.945471265648097
25579.0,27794.0,2.7820142403869967
25579.0,27982.0,2.8705621066276215
25579.0,27082.0,2.9349101429794207
25579.0,22208.0,2.931793848272926
25579.0,23395.0,2.99071967516042
25579.0,23757.0,2.5892639079139004
25579.0,23868.0,2.072883596759233
25579.0,26712.0,2.8273239198881335
25579.0,31402.0,1.801202285747031
25579.0,30816.0,2.5124230188211616
25579.0,30873.0,1.7529539098364901
25579.0,30929.0,2.175416831238126
25579.0,31026.0,1.0628836454993833
25579.0,31206.0,1.3228678117251749
25579.0,30078.0,1.721427147635967
25579.0,30031.0,1.9794333396888535
25579.0,28927.0,1.6607811127253012
25579.0,28350.0,2.2811538704572563
25579.0,28382.0,2.4260535007754003
25579.0,28710.0,1.7433230776117865
25579.0,28858.0,1.5453533428646853
25579.0,35569.0,2.6389166213658926
25579.0,40820.0,2.4762057510447715
25579.0,35637.0,2.7227887788080487
25579.0,37524.0,2.9602467585583367
25579.0,37709.0,1.4577819386450723
25579.0,36224.0,2.91414842900715
25579.0,36251.0,2.7325514744373436
25579.0,37276.0,2.678794526990166
25579.0,38749.0,1.7545492673422798
25579.0,39512.0,1.0037574886828238
25579.0,35624.0,2.958751947793419
25579.0,37757.0,1.929261287838745
25579.0,37811.0,1.1531293593945884
25579.0,37916.0,2.5184403390927788
25579.0,38460.0,1.141540283840589
25579.0,38606.0,2.8704664689963417
25579.0,38283.0,1.2959816142952807
25579.0,37198.0,2.097898352659734
25579.0,37286.0,2.221419579799398
25579.0,37440.0,1.9735606038215214
25579.0,37603.0,2.1525648065879306
25579.0,37666.0,2.143762407118821
25579.0,39648.0,1.0839274596850526
25579.0,39770.0,1.472368629573909
25579.0,39420.0,1.0595783424375047
25579.0,38775.0,1.9370251937444656
25579.0,38921.0,2.3907523291653106
25579.0,39025.0,2.1638558145572535
25579.0,39063.0,1.837536895444845
25579.0,39075.0,2.1855820161817228
25579.0,39429.0,1.651398989890812
25579.0,37179.0,2.2719118868699684
25579.0,36074.0,2.6504889700240453
25579.0,36170.0,2.0480842967340154
25579.0,35968.0,1.6680329135845517
25579.0,35711.0,1.8317898027398072
25579.0,35791.0,2.410452476494371
25579.0,35800.0,1.8307002652800588
25579.0,35848.0,1.2771474637159645
25579.0,35930.0,2.1091764435270006
25579.0,36282.0,2.4754091302342762
25579.0,36837.0,1.016266939396155
25579.0,36957.0,2.9152159115055385
25579.0,37068.0,2.9370123543390347
25579.0,37108.0,1.1494622782596042
25579.0,37129.0,2.060709791001443
25579.0,36327.0,1.9515035177853919
25579.0,36355.0,1.5348195332518442
25579.0,36453.0,1.0660308458966679
25579.0,36513.0,1.4794953254470269
25579.0,36548.0,1.9597317828674155
25579.0,36635.0,2.3694356886211763
25579.0,49875.0,1.919716036487494
25579.0,50540.0,1.1472741769809192
25579.0,48063.0,2.141302911509012
25579.0,45622.0,2.9226946540333527
25579.0,45834.0,1.2097435859859922
25579.0,45977.0,2.446761127184401
25579.0,47202.0,1.9663069138636604
25579.0,47374.0,2.850733312493825
25579.0,47805.0,1.6676502088804963
25579.0,45317.0,1.9282910116629934
25579.0,42192.0,1.764550827691707
25579.0,42259.0,1.9512454930894636
25579.0,42352.0,1.8641486105285785
25579.0,42363.0,1.4793785828247537
25579.0,42416.0,2.4773635502375915
25579.0,41832.0,1.5991445335164507
25579.0,41763.0,2.1248699214237057
25579.0,40602.0,2.6540013478034683
25579.0,40725.0,1.071947296366537
25579.0,40875.0,2.867736553784427
25579.0,40881.0,1.331949773652971
25579.0,40925.0,1.7742158891822453
25579.0,41014.0,2.223560689646027
25579.0,41494.0,2.4216468839610914
25579.0,41736.0,1.448188587990995
25579.0,42440.0,1.692107758353683
25579.0,43672.0,1.7868348459151038
25579.0,44154.0,2.449383306870209
25579.0,44365.0,1.6727823824508312
25579.0,44901.0,1.6879658959646178
25579.0,45002.0,1.306039544275352
25579.0,42997.0,1.397559639630399
25579.0,43036.0,1.0223870132365602
25579.0,43274.0,2.8809639060760945
25579.0,45363.0,1.355131877175319
25375.0,41968.0,2.0754443978334605
25394.0,26590.0,2.8285430578680066
25398.0,48525.0,2.7415197976205983
25415.0,4956.0,2.8519353147985074
25415.0,6923.0,2.81764004506772
25415.0,36176.0,1.1522548691124348
25415.0,44255.0,2.8198977768303224
25415.0,44319.0,1.6568135947573537
25415.0,45694.0,1.8243379131382123
25415.0,45929.0,1.4387834022846717
25415.0,43496.0,2.6435056187753663
25415.0,37593.0,2.744718007688634
25415.0,38250.0,2.542735711988453
25415.0,39334.0,1.8704766977450775
25415.0,39437.0,1.8857312703611708
25415.0,41842.0,2.030503648541301
25120.0,27223.0,1.0098448480932847
25153.0,26486.0,1.8227292428127282
25206.0,40275.0,2.3720544888341037
25220.0,32418.0,2.53092521416963
25281.0,26918.0,2.4460546088522768
25359.0,28279.0,1.5879253459127618
25425.0,16419.0,1.2645583730335603
22400.0,23681.0,2.9627383344784963
22400.0,23449.0,2.0704620324543117
22504.0,18951.0,1.1044886871030402
22504.0,32951.0,2.8538567253076033
22504.0,32957.0,1.104848644046196
22504.0,45589.0,2.103116212713612
22385.0,43150.0,2.81292502856035
22385.0,32719.0,2.787844949072586
22367.0,16234.0,1.293466135140997
22367.0,14090.0,1.2259665985069312
22367.0,50294.0,2.9580108351965033
22367.0,52191.0,1.2795704979225313
22367.0,48395.0,1.272737466804074
22367.0,36029.0,2.3934454349850087
22367.0,36594.0,2.6660465838664775
22367.0,37266.0,2.861912151236221
22367.0,38290.0,2.2893455071236115
22367.0,38491.0,1.8152552759211613
22367.0,39802.0,2.948358279903392
22367.0,35783.0,1.5946457040179294
22367.0,35608.0,1.7980805363451224
22367.0,34236.0,2.1780726091287637
22367.0,34262.0,2.416997609038047
22367.0,34825.0,2.2798659957405603
22367.0,34846.0,2.4364024589465987
22367.0,35153.0,2.729520404408415
22367.0,35431.0,2.9458553435531107
22367.0,35739.0,2.2046250375290155
22367.0,46029.0,2.0295305666490915
22367.0,47186.0,1.7169012264172578
22367.0,47821.0,2.7701695774110613
22367.0,47966.0,2.2050360411382766
22367.0,44662.0,1.303611377906392
22367.0,40494.0,2.854825307721245
22367.0,40665.0,2.5896748706744157
22367.0,40716.0,2.4339855824144334
22367.0,41000.0,2.7130319621977126
22367.0,41250.0,2.9900066034691957
22367.0,32357.0,2.125404938957079
22367.0,32298.0,1.1149848964063267
22367.0,4923.0,1.3289610220515011
22367.0,27758.0,2.938141858800423
22367.0,27918.0,2.2774261950004755
22367.0,31319.0,1.7775825104966712
22367.0,31414.0,1.089715713179669
22367.0,31949.0,1.586927748847521
22367.0,26535.0,1.5405462898731628
22367.0,26366.0,1.9951520790888533
22367.0,7626.0,2.879568524783332
22367.0,16122.0,2.790912030243267
22367.0,20420.0,2.6573061019810433
22682.0,40820.0,2.4837579612520475
22682.0,44051.0,2.8811229550039448
22733.0,23743.0,1.3280146438507143
22733.0,24099.0,2.622330270627897
22784.0,12476.0,1.5711936954315893
22806.0,26460.0,2.437403581578824
22522.0,36926.0,2.2441966920314793
22522.0,40535.0,2.0993763439692685
22522.0,40900.0,2.5081775924908216
22545.0,26370.0,2.2633205574366193
22624.0,23619.0,1.281893905137821
22879.0,44245.0,1.0721887698796602
23274.0,25262.0,1.869081210033971
23293.0,8520.0,2.2621855620265148
23481.0,47350.0,2.769473763616806
23506.0,44100.0,2.122529156736382
23506.0,45993.0,2.377456940690678
23506.0,51944.0,1.431470357789778
23149.0,52155.0,1.3431149698131128
23149.0,45017.0,1.1135198701223126
23149.0,32459.0,2.8920212090889343
23149.0,44175.0,2.3830159699926696
23188.0,1333.0,1.1791482223435596
23188.0,44935.0,1.2537041109643734
23188.0,47933.0,2.0016406014647687
23203.0,36204.0,1.8564154779834114
23254.0,20860.0,1.0340396365002749
24765.0,26416.0,2.526990799550104
24937.0,25181.0,1.7032593204284765
24966.0,23943.0,2.2703088609986333
24987.0,26671.0,1.3208364180330172
24991.0,26664.0,2.2959181198989116
23523.0,2080.0,1.9745960858055194
23554.0,39276.0,1.834845265403157
23580.0,9701.0,2.695037088130866
24599.0,35152.0,2.5204359071422413
24645.0,43371.0,1.703830119939151
24698.0,3430.0,2.0395813267016663
23087.0,27572.0,2.1794876278424127
23087.0,28505.0,2.481671683492902
23087.0,30234.0,2.4013856159051072
23087.0,34481.0,1.4346023122759326
23087.0,14232.0,2.727047066064168
23087.0,15416.0,1.1599117317438326
23087.0,44318.0,2.394315904443517
23087.0,35472.0,1.5386670578917674
23087.0,40561.0,1.3014046902759249
23087.0,41804.0,2.488293503147312
23087.0,41989.0,2.791677582083371
22916.0,7013.0,2.436693108387464
22922.0,23849.0,1.0505739620131056
22976.0,26494.0,1.5884717500099645
22976.0,27158.0,2.409676920570928
23035.0,31388.0,2.169915379018803
23059.0,25167.0,2.954226726966196
23067.0,23967.0,2.7917860854436496
26143.0,74.0,1.058260850118263
26297.0,10490.0,1.3755657669626
26120.0,16763.0,1.445173677829481
26088.0,31385.0,2.7592234253326007
26046.0,23175.0,1.1162151101498197
25619.0,27726.0,2.7989378268893006
25659.0,29994.0,2.936936193435117
25723.0,27861.0,2.3357346924921645
25847.0,20313.0,2.159723893829331
25868.0,27392.0,2.279216244421968
26476.0,27940.0,1.9334964815592093
26648.0,30929.0,2.909229889297317
26648.0,31231.0,2.5597343639762284
26648.0,25326.0,1.6014651284832202
26648.0,8376.0,2.4539529247257246
26648.0,8886.0,2.9918425404122004
26648.0,9907.0,1.4263616590872845
26648.0,11220.0,2.2106869259695348
26648.0,8048.0,2.8739479929428597
26648.0,13945.0,2.500819011900008
26648.0,30972.0,2.053959418996513
26648.0,31365.0,2.199877380686952
26648.0,30361.0,1.9673776406313503
26648.0,30389.0,1.7886543502490375
26648.0,30469.0,2.1083721788036174
26648.0,30501.0,1.2125187146025633
26648.0,30507.0,2.926030558196704
26648.0,30522.0,1.8568620877624564
26648.0,30796.0,2.198276167241591
26648.0,34463.0,2.940968990491842
26648.0,34494.0,2.441447114477876
26648.0,34513.0,1.3850306313030183
26648.0,35168.0,1.185406068590757
26648.0,35178.0,2.755719884550923
26648.0,35991.0,1.5524281158250672
26648.0,36017.0,1.2165847008617992
26648.0,32706.0,1.6138556754634297
26648.0,31896.0,2.666512236436934
26648.0,32209.0,1.8932640811328512
26648.0,32423.0,1.7649358889600442
26648.0,32469.0,1.976530877943226
26648.0,19495.0,1.2948141331382697
26648.0,19804.0,1.2218965599794285
26648.0,21937.0,1.438472397344142
26648.0,23560.0,2.187224519898337
26648.0,23799.0,2.8281803094906453
26648.0,18586.0,1.663863745470602
26648.0,14178.0,2.6301024962493202
26648.0,14556.0,2.5896728156826843
26648.0,18432.0,2.0305301532988915
26648.0,28787.0,2.977022330586047
26648.0,28865.0,2.0768336544315424
26648.0,28909.0,1.1103438394159197
26648.0,29984.0,2.2983938580628527
26648.0,30093.0,1.3236800116705891
26648.0,30133.0,2.467133048688404
26648.0,28749.0,1.7495990017090648
26648.0,27202.0,2.4816953246555133
26648.0,27814.0,1.5309115496819432
26648.0,28179.0,2.0585823726612666
26648.0,28415.0,2.50625981578638
26648.0,28601.0,1.7286527149059605
26648.0,37265.0,1.6264734286885842
26648.0,42905.0,2.765603969821548
26536.0,38416.0,2.0435016462135884
26587.0,37284.0,1.9678960987116019
25597.0,35889.0,2.556872477884492
25597.0,38760.0,2.6868027519955646
25597.0,39009.0,1.9293879098192102
25597.0,39049.0,2.8069152659745047
25597.0,39456.0,1.4257835997488946
25597.0,39512.0,2.363732158831285
25597.0,37459.0,1.1232479193434721
25597.0,37557.0,1.6044671843251355
25597.0,37651.0,1.33515362533562
25597.0,37802.0,1.1976589727559686
25597.0,38015.0,1.529493159774614
25597.0,46171.0,2.2655884354028935
25597.0,47722.0,2.9679683641215933
25597.0,47752.0,1.398167998972196
25597.0,47839.0,1.9033565697474146
25597.0,48450.0,1.9113728093719586
25597.0,45576.0,2.420799799307545
25597.0,45462.0,1.5972116627518487
25597.0,40312.0,2.1684297201668885
25597.0,41270.0,2.9916905231534114
25597.0,41908.0,2.4758928119573667
25597.0,42946.0,2.8344767119219076
25597.0,37385.0,1.2937654573230246
25597.0,37309.0,1.6375415240157611
25597.0,36535.0,2.4966891529679494
25597.0,14190.0,2.004704838155929
25597.0,31328.0,1.27870115759956
25597.0,31972.0,1.0907490499302295
25597.0,32149.0,1.437329650682395
25597.0,34361.0,2.0548705870367296
25597.0,36288.0,1.506451013891788
25597.0,36330.0,1.9022181344171796
25597.0,36746.0,1.0758131449624924
25597.0,36797.0,2.2288843011187023
25597.0,37221.0,1.7529049648735748
25597.0,32805.0,2.255996814487025
25597.0,34863.0,2.5121345350688395
25597.0,35336.0,1.4797548007638577
25597.0,35680.0,2.4749628881519152
25597.0,37329.0,2.254894485618803
16777.0,47243.0,2.216862280597459
16778.0,1367.0,1.8039112263779256
16852.0,22456.0,1.653123182537356
16878.0,13910.0,1.294428243418141
16889.0,7119.0,2.4722578347798736
16894.0,28897.0,1.6996492210871144
16952.0,18943.0,2.4259361744426466
16959.0,47449.0,1.7553816840607825
16965.0,6788.0,2.9171798572048386
16965.0,18950.0,1.2114329182329393
16419.0,20473.0,1.0293217993584949
16577.0,10461.0,1.1612784786016777
16672.0,14886.0,1.0886560491734731
16700.0,19915.0,1.0940486291360867
16700.0,22489.0,2.141643840920431
16711.0,18628.0,2.6755868344694935
17218.0,19223.0,2.347146807990046
17355.0,22068.0,1.5153731439366422
17358.0,7087.0,2.635821491438135
17358.0,19477.0,2.354487893332048
16968.0,13554.0,1.379165281937061
16968.0,17608.0,2.4137839167484056
17044.0,18635.0,2.952651235139912
17062.0,19042.0,2.9245559428007954
17062.0,19044.0,2.5900590175783833
17070.0,9089.0,2.1360048444387325
15636.0,15538.0,1.8349019989187907
15649.0,8739.0,2.020714288595296
15936.0,16920.0,1.1313987485408439
15949.0,18173.0,1.3034468262254795
15288.0,45893.0,2.99963631082026
15288.0,44879.0,1.7983462536954333
15288.0,34888.0,2.051561023124337
15288.0,41755.0,2.989867434817953
15288.0,42400.0,1.4766032215473017
15288.0,4762.0,2.6244559224607076
15288.0,17530.0,2.1147315784481227
15288.0,18573.0,2.240440567554008
15288.0,19625.0,2.803436574621277
15288.0,19784.0,2.1562900466571557
15288.0,23504.0,1.2026972506823808
15288.0,44876.0,1.722091420831141
15483.0,8420.0,2.0437845124797938
15574.0,17695.0,2.531846625664211
15961.0,35213.0,1.8954347211576394
15977.0,28672.0,1.8672190432463567
15977.0,52027.0,1.6823867692388312
16282.0,20006.0,2.625212488858841
16201.0,38383.0,2.8206445367905966
16194.0,14683.0,1.2576928568412085
16003.0,5268.0,1.8515056837240282
16003.0,19813.0,1.3606870951302579
17394.0,19298.0,1.669021024301151
17494.0,19362.0,2.193276971368644
18322.0,5986.0,1.0560089025916737
18331.0,9663.0,1.9331661499324904
18335.0,18420.0,1.391187129669288
18335.0,22170.0,1.398399671197278
18335.0,34272.0,2.589791634739682
18008.0,25280.0,1.4482733353856072
18008.0,46071.0,2.0238655759933515
18008.0,19943.0,2.6434533239852307
18012.0,26947.0,1.1741169555779671
18381.0,45514.0,1.9742447617472205
18404.0,15282.0,2.836997905084723
18414.0,20001.0,2.691573114485996
18450.0,20092.0,1.9988433576327183
18519.0,6114.0,1.2885860564896532
17572.0,28230.0,1.0501629475236616
17572.0,415.0,2.4291112209546437
17572.0,16490.0,2.310399681214085
17575.0,40278.0,2.7060381579788615
17590.0,19353.0,2.235787661832436
17748.0,19974.0,1.2977862822214437
17811.0,44214.0,1.9657576029934236
17526.0,39327.0,1.2904023113590977
17546.0,20003.0,1.7082839799299663
17834.0,40207.0,1.2187556681255252
17834.0,43009.0,1.959543008070152
17948.0,20835.0,2.4812918854461214
17960.0,19776.0,1.6923847566752739
17986.0,47525.0,2.083622177631126
17914.0,41380.0,2.831817944913107
13949.0,16313.0,2.707893047001156
13967.0,16864.0,1.870594348212474
13967.0,27390.0,2.584652831210576
13521.0,16198.0,2.076955326704423
13630.0,4972.0,1.9153329004762845
13995.0,34205.0,1.0288081208823423
14160.0,16313.0,1.6662542644832534
14205.0,15004.0,1.1994196633394898
14436.0,16825.0,1.095268195259812
14071.0,1959.0,2.950797531826614
14002.0,8095.0,1.2020123386952273
14002.0,22241.0,2.900157395528402
14002.0,22770.0,1.8908247379672791
14008.0,16277.0,2.4563961715237825
14018.0,16479.0,1.6363718415023552
14064.0,10864.0,1.0276907501721033
14114.0,6798.0,2.137032068618469
11957.0,25249.0,1.534864946753782
11957.0,15238.0,1.2772959921346272
11993.0,8080.0,2.39090030871756
12033.0,15460.0,2.8014140581473965
12034.0,16096.0,2.8940533632665097
13133.0,1990.0,2.6860120707313406
11905.0,13652.0,2.305871829786758
11777.0,1770.0,2.2054119234598986
11795.0,14707.0,2.927615137631962
11798.0,1367.0,2.1822144815037916
11849.0,13798.0,2.8370729794774943
11870.0,15445.0,2.6358313477518855
13187.0,23513.0,2.096677892203643
13418.0,18168.0,2.867862436799686
13464.0,23964.0,2.093517374896206
13464.0,26764.0,2.496521428146705
13190.0,4409.0,2.0290051279717334
13333.0,15278.0,1.7699755584603265
13388.0,10674.0,2.6534625961815532
15099.0,17422.0,2.004008321367646
15118.0,8531.0,1.2578322825616002
15184.0,7477.0,1.7125950373221897
15184.0,50080.0,1.2165807253139922
15249.0,14745.0,2.0968224794685058
15272.0,17584.0,1.4541960504571152
15040.0,16414.0,2.350345339690365
14819.0,23757.0,1.9204298176141503
14911.0,2839.0,2.706774248322271
14912.0,8263.0,1.2507197568699675
14912.0,6180.0,2.4307955128124976
14765.0,18001.0,2.4084452756274644
14582.0,28446.0,1.8314469707085772
14582.0,7209.0,1.3114558424323655
14582.0,23964.0,2.800085671656493
14582.0,28907.0,2.699561673097473
14582.0,31055.0,2.9506941233976964
14582.0,32720.0,2.1715287015834184
14582.0,34598.0,2.926049610760086
14582.0,27965.0,2.184964562864349
14582.0,27801.0,1.2459414631378594
14582.0,25123.0,1.5519611732776775
14467.0,7287.0,2.785330078284489
14508.0,13720.0,1.6653643956718047
14740.0,17921.0,2.8096106832272905
14740.0,19845.0,2.3492079052233663
14749.0,17156.0,2.845749044865487
14736.0,13976.0,1.242573545653052
14622.0,36099.0,1.5729976307877758
14651.0,19679.0,2.305561403676048
14696.0,42318.0,1.5724605225530819
18544.0,21969.0,1.0920589603920732
18604.0,22073.0,2.0344531419531515
18604.0,39193.0,1.4857346575112058
18604.0,26964.0,2.3961798079952317
18604.0,3435.0,2.6685338506645926
18604.0,22452.0,2.0357298656878147
18604.0,22258.0,2.116566996794
18604.0,9193.0,2.4040478462502524
18604.0,21905.0,2.7345413919980732
18604.0,22086.0,2.8128750503338082
18604.0,22224.0,1.090939086915409
21289.0,40697.0,1.1484553598105018
21289.0,47977.0,1.7523751735281834
21289.0,50302.0,1.3390637925878621
21289.0,50324.0,2.4936246598377956
21289.0,50460.0,1.9164178953428677
21289.0,50724.0,1.6425709269453523
21289.0,49877.0,2.5802837197454087
21289.0,24055.0,1.875946065125102
21289.0,49805.0,1.5618564916253035
21224.0,19668.0,1.6875953864909492
21262.0,22463.0,2.7007973932756038
21297.0,48450.0,1.6877421873507812
21297.0,3348.0,2.5754065379498883
21297.0,19771.0,1.4472479003391228
21297.0,28424.0,2.483823838784013
21297.0,48333.0,2.2692980111689156
21433.0,30753.0,2.4511415858491787
21433.0,30264.0,1.9526821211590977
21433.0,30231.0,1.2738975805381572
21433.0,26913.0,1.1125247631728648
21441.0,22412.0,2.606865150232249
21463.0,22632.0,1.158844487461665
21494.0,22684.0,1.6008774407900166
21533.0,30983.0,2.7198210710811406
21331.0,22663.0,2.1243886404365893
20749.0,26782.0,2.660518095468956
20749.0,28314.0,1.3115945328258634
20749.0,30659.0,2.32068627357305
20749.0,31041.0,2.3984800305094027
20749.0,31156.0,2.015050155534426
20749.0,27612.0,1.5136433417406308
20749.0,27822.0,2.9502966200259886
20749.0,27882.0,1.4179323137619966
20749.0,27934.0,2.6652325210915206
20749.0,28135.0,2.9268363763476537
20749.0,29951.0,2.95089707555164
20749.0,27536.0,2.8494676000376953
20749.0,6738.0,1.4186950001087635
20749.0,8135.0,2.341357744895457
20749.0,27040.0,1.8260010247179894
20749.0,27123.0,1.3549577924764413
20749.0,27291.0,1.715561769389762
20749.0,27033.0,2.7976668683826316
20749.0,22345.0,2.5590312810847244
20749.0,27019.0,1.6447079417897128
20749.0,22525.0,1.504012747220733
20749.0,22555.0,1.8317194743677845
20749.0,22630.0,2.002176313403907
20749.0,22735.0,2.6543149910843917
20749.0,22958.0,1.443780603952217
20776.0,20389.0,1.6700882066012865
20816.0,5057.0,1.7478761188946412
20874.0,22489.0,1.9298795638499036
21537.0,22732.0,2.370506729814317
21074.0,22020.0,1.61308122108227
21118.0,22606.0,2.01449354385478
21135.0,22347.0,2.8161143344536965
21196.0,2153.0,2.479268156199903
21196.0,26450.0,2.0099719609076914
21208.0,17409.0,2.5093655553505245
21027.0,22607.0,2.364157596038911
20901.0,22091.0,2.5234803960510765
20991.0,22890.0,1.208970457006715
20991.0,23072.0,2.976572365999669
21016.0,22411.0,1.0106677363055436
21016.0,22464.0,1.475769072921575
21542.0,26918.0,1.6555800290786766
21543.0,25222.0,2.1934006913791433
22247.0,8367.0,2.027037755038944
22247.0,49811.0,1.5602959113303667
22247.0,44313.0,2.916501386217441
22247.0,44354.0,1.548618435539259
22288.0,5480.0,1.4973366656471871
22324.0,50544.0,2.3414145933796577
22324.0,52234.0,1.8222587468217848
22364.0,22476.0,2.0173201153679416
22224.0,15573.0,2.155849016789526
21826.0,37520.0,2.6414222477253184
21862.0,22785.0,1.1502416333894698
21903.0,28667.0,1.3412412662000706
21907.0,38434.0,2.7998497668049334
21916.0,23004.0,2.460563910336054
21930.0,47251.0,2.3108682472431004
21768.0,23078.0,1.5300814027371439
21570.0,22730.0,1.1905172271178257
21614.0,40098.0,2.7853362779552535
21714.0,26372.0,2.353094963765193
21963.0,36950.0,1.418515950205609
21963.0,49844.0,2.364652953200278
21963.0,32555.0,1.1965300510995285
21963.0,39300.0,1.271509470189851
21963.0,35729.0,2.9452177319243678
21963.0,36456.0,2.1021420082276157
21963.0,36883.0,1.526338491117142
21963.0,38107.0,2.075763303059067
21976.0,31481.0,1.0643498296079184
22010.0,23095.0,2.928854067997639
22031.0,23111.0,2.464251750530954
22157.0,3257.0,1.3741120042436472
22157.0,4217.0,1.7566310011737167
22188.0,32474.0,1.4819499221679608
19250.0,1304.0,2.9743468025932924
19250.0,16765.0,2.326350588148398
19250.0,7942.0,2.47621765236401
19250.0,8742.0,1.3243249274584685
19250.0,13535.0,1.6619738980792296
19250.0,14654.0,2.7374440442421673
19250.0,16743.0,2.5512843578903457
19250.0,17400.0,2.36718581677202
19250.0,2970.0,2.815729702828853
19250.0,22384.0,2.791670390804404
19250.0,20523.0,1.5503275325970034
19250.0,20767.0,2.944522884833658
19250.0,22017.0,1.7509998338246602
19250.0,22029.0,1.468108645482954
19114.0,23408.0,1.4328569703651004
19169.0,20459.0,1.2805054790998176
19183.0,31989.0,2.294242530320695
19183.0,23354.0,2.031820247644976
19338.0,20649.0,1.42227968430452
19346.0,33135.0,1.6005946859255369
19346.0,5109.0,1.7725767792015814
19346.0,20831.0,1.1610869167371947
19346.0,27769.0,2.9704228062408227
19346.0,32174.0,2.459431417567255
19346.0,52063.0,1.7111284264356534
19085.0,20459.0,1.2495851899062835
19086.0,36704.0,1.9272811271226895
18646.0,52023.0,2.9933253650990017
18646.0,44652.0,1.5909782287199874
18880.0,20304.0,1.2133921097097407
18882.0,1319.0,2.0862167392632367
19054.0,20645.0,2.7524348530917297
18784.0,20276.0,2.4834472060567157
18755.0,22395.0,1.7362328250693613
18704.0,20124.0,2.643978527123399
18704.0,14028.0,2.5274936862743558
18708.0,20216.0,1.1518444542474922
20701.0,37557.0,2.302396513671934
20701.0,35451.0,1.7965495549729091
20701.0,37381.0,1.158206202372627
20701.0,40117.0,1.2996936569716582
20701.0,43736.0,1.5952623894330216
20701.0,14147.0,1.6859714920846256
19631.0,45130.0,2.6951981442801083
20688.0,39998.0,1.0448448736655778
20688.0,40585.0,1.8803933694676354
20695.0,27723.0,2.2199353705963034
20695.0,35028.0,1.4846762246662208
20695.0,38031.0,2.4117691129503394
19407.0,20767.0,1.8456705558028952
19407.0,22394.0,2.9050693037753685
19407.0,26656.0,1.754714390348384
19441.0,19762.0,1.6597237781881644
19393.0,14556.0,1.036957127229344
19504.0,20716.0,2.76649326330983
19552.0,19744.0,1.1043511433533748
19552.0,9268.0,2.6023673812914536
19552.0,22145.0,2.5062964004867925
19552.0,20885.0,2.6703532129799052
19552.0,22034.0,1.9314479630207335
19552.0,22303.0,2.724792738022784
19552.0,22557.0,2.5806636510571845
19552.0,20588.0,1.922685713164083
19552.0,19169.0,1.2825233325142886
19552.0,20632.0,1.866838795279166
19548.0,16784.0,1.7628076730162496
11771.0,16022.0,1.8871066986576102
41728.0,47917.0,1.8675441270201552
41728.0,41773.0,1.5169313743774884
41728.0,19044.0,2.6917333522709495
41728.0,45380.0,1.5454565936153224
41728.0,51916.0,1.0549205966866162
41728.0,40677.0,1.3485938746617814
41728.0,45463.0,1.8188915625459996
41728.0,45808.0,1.4196767557362215
41728.0,46097.0,2.546717136735194
41728.0,46098.0,2.5321598323949317
41728.0,47184.0,2.9971599720750586
41728.0,47282.0,1.0798310924339716
41728.0,47453.0,1.131356572794366
41728.0,44039.0,2.5671097238429277
41728.0,44267.0,1.5332117616245229
41728.0,47716.0,1.5823280913941413
41728.0,48530.0,2.420861993470629
41728.0,48586.0,1.9058447175225637
41728.0,50025.0,2.419886818054896
41728.0,50044.0,1.6140398340011928
41728.0,50047.0,2.8019444032553866
41728.0,35082.0,2.477601410856639
41728.0,35132.0,2.443694648758387
41728.0,40346.0,2.8621530112075986
41728.0,13551.0,1.9650111770233825
41728.0,17718.0,2.3716015169759976
41728.0,40444.0,2.653593547873407
41728.0,42255.0,2.1862303457225334
41728.0,42705.0,1.3224364327722762
41728.0,43018.0,1.401421084287781
41728.0,40629.0,1.2807074186436551
41728.0,41372.0,1.5380994859658692
41728.0,45479.0,2.3871977965116056
41812.0,39398.0,1.047955730740472
41815.0,5611.0,1.6146557963247412
41815.0,14581.0,1.2568274690174481
41815.0,47505.0,1.7552525993551564
41455.0,45298.0,1.3662466688778567
41486.0,19836.0,2.5706897148883705
41577.0,47854.0,2.3601801060245737
41577.0,44230.0,1.7197894738583852
41587.0,39235.0,2.8418253612384494
43527.0,45264.0,1.7228401579685382
43563.0,41562.0,2.7606058129102102
43563.0,47560.0,1.7427593929126364
43603.0,47305.0,2.895123567529884
43603.0,42268.0,1.4318026520818385
43603.0,40881.0,2.952923743447995
43603.0,43779.0,2.018853555491847
43603.0,40898.0,2.7578870010094345
43603.0,40983.0,2.3622969556120847
43603.0,41066.0,2.652536998070425
43603.0,41214.0,2.1893627225116674
43603.0,41401.0,2.7834211359465804
43603.0,41422.0,1.1631559028662055
43603.0,44977.0,1.1071332397580476
43512.0,40431.0,1.8981177719480076
43509.0,3486.0,2.9028885102567523
43242.0,35190.0,2.374413440974401
43242.0,38629.0,2.361473254509061
43268.0,42600.0,1.3289764315321593
43293.0,40270.0,1.9027669850865188
43852.0,42132.0,2.7291775862322467
43898.0,20347.0,2.6240113120698645
41916.0,49969.0,1.1240876412927108
41916.0,50591.0,2.473970210682996
41916.0,15609.0,2.9340897832936736
41916.0,40107.0,2.065730612516525
41965.0,39437.0,2.1544295186949927
41985.0,39495.0,2.5710207435620314
42326.0,39630.0,1.7406871707588587
42348.0,765.0,1.875716699030618
42448.0,39752.0,2.4988837674735462
41882.0,52234.0,1.5200575725677141
43058.0,40096.0,1.6610004773109304
43133.0,38529.0,1.204634516647402
43182.0,35883.0,1.6853739979044031
42661.0,27662.0,1.527351095122756
42706.0,42515.0,1.0342357564891465
42780.0,39016.0,1.7464137973239755
39204.0,37566.0,2.7573614173028367
39225.0,37613.0,1.7653874854218214
39309.0,40397.0,1.3174035412925384
39185.0,30147.0,2.140088822460724
39375.0,39138.0,1.051256916819363
39402.0,36038.0,1.0514772316102723
39100.0,43057.0,1.451274977342716
38979.0,41870.0,2.117878152883523
38979.0,26988.0,2.705074737421047
39009.0,46016.0,2.2842309848641817
39408.0,38088.0,2.944060002413971
39592.0,52229.0,1.3822328684655354
39663.0,39149.0,1.865917438914809
38970.0,37388.0,1.2661383726149575
39459.0,42515.0,1.9187178297746212
39459.0,42169.0,2.5637194929556273
39479.0,37796.0,1.3236482482614542
38429.0,34370.0,2.31587477937458
38429.0,40672.0,1.7858265319057387
38429.0,39288.0,1.2932470018353333
38429.0,39822.0,2.8703730900926385
38429.0,40947.0,1.1618527157379264
38429.0,38871.0,2.4324532805281875
38429.0,40970.0,1.4162860489630602
38429.0,25207.0,1.0701180508712296
38429.0,38008.0,2.008923838620925
38429.0,38196.0,2.858482967324715
38429.0,38425.0,1.683370609591219
38429.0,38501.0,1.320356834562539
38429.0,38670.0,2.3830296027996267
38429.0,41512.0,2.04537788468635
38429.0,42354.0,1.8703116923970846
38429.0,43587.0,2.0968051600923534
38429.0,43688.0,2.3839880873694757
38403.0,50364.0,1.508358135694714
39683.0,43198.0,1.2131943302183674
38771.0,35977.0,2.095167367419032
38786.0,37269.0,2.3144961317875152
38511.0,19022.0,2.461506043351312
40542.0,38520.0,2.287368903532426
40775.0,38645.0,1.618283861893512
40806.0,38951.0,2.303815213356195
40287.0,3246.0,2.8163157297807118
40121.0,38191.0,1.0162892308169382
40122.0,47821.0,2.0043957042451166
40122.0,47176.0,1.507501806169287
40122.0,45631.0,2.337722296069935
40235.0,32926.0,2.365189676338119
40846.0,39053.0,1.152006808001825
40846.0,4146.0,2.7399321711920255
40846.0,41524.0,2.197663129699926
41053.0,41434.0,1.4562352356996555
41194.0,14255.0,1.2690901124421823
40963.0,38423.0,2.9842627642884625
40963.0,13896.0,1.8947372922358348
40916.0,42653.0,1.3359174836867729
40916.0,48031.0,2.8591504757824455
40916.0,44941.0,1.1248581506394078
39975.0,38088.0,2.049545682093364
39774.0,42495.0,1.4321119938685283
39774.0,47395.0,2.653921853668967
39774.0,47405.0,1.4601088079397804
39774.0,37989.0,1.9388107918820947
39774.0,38080.0,2.8573519144969373
39774.0,41285.0,2.712242155171918
39774.0,48399.0,1.0789513678154234
39774.0,47487.0,1.7973885989041687
39774.0,47640.0,2.1465133238935232
39774.0,48245.0,1.2269148400716783
39844.0,39028.0,1.0222956520097128
39853.0,38716.0,1.895803444403712
39853.0,47605.0,1.7612493602308443
52399.0,48378.0,2.7161322247237925
52399.0,45838.0,1.3009519559205642
52410.0,45249.0,1.1919494499223486
52413.0,50364.0,1.7501493623988231
52482.0,45329.0,2.2233007349148917
52503.0,45353.0,2.30454416886691
52183.0,47927.0,1.959120382699304
52183.0,45603.0,2.3227417349112374
53272.0,52134.0,2.9088734895199813
53415.0,28010.0,1.9112836269728892
52703.0,45668.0,1.208543306834107
53054.0,50728.0,1.7770976887899275
53054.0,51852.0,2.990062972824382
53054.0,51864.0,2.696370166974985
52086.0,47505.0,2.9531086643932425
50189.0,1851.0,2.214935816318027
50277.0,44684.0,2.3690698677914055
50315.0,44245.0,1.0371769920941847
50315.0,44551.0,1.4000034384295532
50566.0,39189.0,2.784766434840143
48453.0,40084.0,1.4877314835712403
48566.0,43742.0,1.6262666115228905
48703.0,43805.0,2.0134716125289143
48813.0,22970.0,2.812755833278412
49874.0,45993.0,2.9562580318442366
50602.0,45426.0,2.928676213450088
50794.0,43910.0,1.0549396296081581
50830.0,231.0,1.1126319183684215
50875.0,9144.0,2.325991013463137
50615.0,44525.0,1.4578005599466064
50680.0,14134.0,2.6862620724931094
50765.0,44687.0,1.0100916333914602
58219.0,45878.0,2.010883172548202
58664.0,51998.0,1.3945921883151728
58675.0,15253.0,2.012857068539234
58675.0,50551.0,1.1738131390748379
58675.0,35185.0,1.8096654392197027
58675.0,50500.0,1.0376881655500165
57213.0,48517.0,2.5470172948355287
57213.0,28770.0,2.2143150411996317
57250.0,48530.0,2.7404321204542166
57538.0,50385.0,2.847464549312571
57647.0,49782.0,1.487697919320279
59737.0,52232.0,2.1935456310621824
59921.0,51973.0,1.9716403574502774
60062.0,4996.0,1.4349091727325065
60082.0,35204.0,1.941597982284057
60322.0,52177.0,2.682226934863338
59625.0,3571.0,1.5182864680127768
59559.0,45808.0,1.746594772328289
58856.0,12494.0,1.7513683307753658
59026.0,42638.0,2.808617174022733
59131.0,42641.0,2.069286985360926
59550.0,52058.0,1.9099244805485884
57202.0,51934.0,1.9502938082884365
57202.0,52036.0,1.861497457635914
57202.0,51910.0,1.821857569954714
57202.0,49823.0,1.728213287097409
57202.0,50070.0,2.028813371265456
55457.0,48409.0,1.4418281705430684
55495.0,47475.0,2.52094925347762
55499.0,46056.0,2.6530583024151997
55499.0,46129.0,2.1767582285150517
55598.0,48409.0,1.9016618176893008
55806.0,47453.0,1.0365664388347546
55839.0,47627.0,2.2118427180495557
55215.0,47294.0,2.4562020888098504
53506.0,38915.0,2.865538789174635
53771.0,10625.0,2.759057051506682
53859.0,46083.0,1.3311080367559924
56765.0,48204.0,1.463334788317335
56809.0,44719.0,1.9987344353145158
56885.0,10875.0,2.8522309641424726
56936.0,40347.0,2.7719199864980473
57017.0,48397.0,2.453785558919675
57055.0,50445.0,1.8683652783915718
56104.0,47809.0,2.9764278508460933
56156.0,50713.0,2.9812443449737374
56297.0,47933.0,1.1343373750754675
45957.0,41945.0,1.7375034589135363
46077.0,15951.0,2.478422443800943
46077.0,7334.0,2.063739625277529
46077.0,42414.0,2.364990432367022
46077.0,43399.0,1.4390887282752503
45501.0,47873.0,2.242319173130446
45661.0,43482.0,1.2912633743484234
45719.0,44142.0,2.868847467796079
46142.0,42050.0,2.0955687515333854
46152.0,42063.0,2.4053550634517418
46182.0,42268.0,2.5927810220133485
46182.0,45833.0,1.713310115133726
46223.0,43917.0,1.3818377760761906
46288.0,50373.0,1.9647950372939766
46124.0,43878.0,1.8052545610253312
46093.0,45717.0,1.8045901325110423
46093.0,48509.0,1.2731855034694868
44268.0,40950.0,2.936869284166484
44268.0,42733.0,1.1164818974239858
44268.0,36901.0,1.9285562268738516
44274.0,40943.0,1.7766083983823626
44609.0,41040.0,2.175967736947362
44705.0,41093.0,2.0937452801384104
44206.0,42627.0,1.9744515923486492
43981.0,40716.0,1.012975574311287
43981.0,41833.0,2.2220730869079226
44152.0,51852.0,2.9675203921130864
44152.0,42077.0,1.8940332896977468
44152.0,48348.0,2.199183195015374
44155.0,40790.0,2.616678512686397
45112.0,41361.0,2.427386299773877
45121.0,46023.0,1.6772012980079947
45173.0,41361.0,1.5735702845791324
45178.0,41245.0,1.0122026155260955
45281.0,44376.0,1.0876688282116405
45049.0,7494.0,1.1661983846408912
44762.0,41824.0,2.114512368610389
44787.0,18080.0,1.0971791118781697
44999.0,41271.0,2.9932391419065945
45037.0,41292.0,2.8839802695274153
46320.0,40681.0,2.021245612935987
48036.0,50732.0,1.869265138432409
48234.0,43482.0,1.0612807891699483
48266.0,43993.0,2.2183688319335344
48266.0,52003.0,2.3576195053558546
48266.0,8407.0,2.1103767127580753
48266.0,28210.0,2.1927288450781495
48266.0,34773.0,1.2821185009673575
48266.0,41559.0,1.0036133850125304
48266.0,44071.0,1.053026720103345
47435.0,51876.0,1.9374749565889509
47445.0,50629.0,1.5600402135796327
47189.0,6010.0,2.1160937797036086
46498.0,42436.0,1.1742050249471598
46498.0,42588.0,1.0603240515130536
46756.0,38290.0,2.05784419727632
46385.0,41234.0,1.669430855241856
46389.0,28696.0,1.812907269236935
46433.0,9081.0,1.130077213280114
46433.0,48559.0,2.0833772728204374
46435.0,19914.0,2.328231852438196
47045.0,42749.0,2.879683640891779
47069.0,45738.0,1.3420074217036726
47018.0,37352.0,1.0194470240126348
46917.0,50364.0,2.898590464701803
46796.0,44903.0,2.3113449225800107
46796.0,42630.0,2.1843846749608598
46796.0,43955.0,1.4884400536947342
46856.0,5537.0,2.9108918150728793
46867.0,10707.0,1.1212285546431902
46916.0,42660.0,1.272598194852169
30536.0,31333.0,1.1624577070570652
30596.0,43914.0,1.506353115134302
30596.0,39276.0,1.9051932210109213
30596.0,36710.0,2.6998129660596417
30596.0,40687.0,2.1387079493815286
30596.0,44499.0,1.7311211237578286
30596.0,38696.0,2.485776086391838
30596.0,15344.0,1.5909901813221345
30596.0,34403.0,1.2784073401807095
30596.0,34516.0,2.5858870550641484
30596.0,35234.0,2.0117123961457963
30596.0,43550.0,2.1974899699039807
30596.0,40936.0,2.198464216252276
30596.0,40481.0,1.735621963452727
30596.0,36658.0,2.277282607633311
30596.0,37428.0,2.832366930982392
30307.0,23395.0,1.7087275604114565
30307.0,42662.0,1.6531746900064617
30307.0,40438.0,2.2857183581634937
30350.0,50105.0,2.221858456550328
29579.0,48557.0,2.403603279591747
29579.0,7340.0,1.152115613020267
29579.0,45770.0,1.1531632441538804
29579.0,41065.0,1.4364572890898284
29579.0,47227.0,2.8453552917901987
29579.0,41089.0,2.75835044086537
29579.0,40156.0,1.3344513140649163
29579.0,45715.0,1.4653499095582345
29579.0,46056.0,1.3174230749902345
29579.0,43592.0,2.176668790056759
29579.0,50023.0,2.8492308043231915
29579.0,27590.0,2.7108931879018785
29579.0,43736.0,2.479604126430868
29579.0,14181.0,1.2275315601818226
29579.0,47238.0,1.696726340463145
29579.0,39752.0,1.2051921784851163
29579.0,31822.0,2.422965749744
29579.0,47220.0,2.0610447233080724
29579.0,50092.0,1.969699018852852
29579.0,40079.0,1.1887327217527366
29579.0,40113.0,2.6008644192489374
29579.0,47758.0,2.19920438958314
29579.0,51973.0,1.3129290173117973
29579.0,43910.0,2.8414132933052527
29579.0,46023.0,2.9034685957376336
29579.0,45759.0,1.0141408735046862
29579.0,47355.0,1.3188109967817707
29579.0,43973.0,1.419210547499021
29579.0,52168.0,2.746695372266512
29579.0,50231.0,2.6192293539001934
29579.0,50326.0,2.2124181337436797
29579.0,50380.0,1.825104380453693
29579.0,51830.0,2.462487360953488
29579.0,41595.0,1.8315757971443203
29579.0,41959.0,2.7506567007249414
29579.0,8790.0,2.7307784941561906
29579.0,39711.0,1.5058710805505187
29579.0,46112.0,2.8585260279154188
29579.0,47201.0,1.644898080688817
29579.0,45343.0,2.7660033759487788
29579.0,48611.0,1.0352555247153998
29579.0,49655.0,2.6674886982825026
29579.0,47632.0,2.0137411359080626
29579.0,47681.0,2.0054986471488507
29579.0,50112.0,2.2759429961282542
29579.0,41080.0,2.6175016755156717
29579.0,40460.0,1.3823236119961895
29579.0,39922.0,1.0084631160438862
29579.0,40146.0,2.7428412516781884
29579.0,40152.0,2.862612568435295
29579.0,40168.0,2.56686614705385
29579.0,40367.0,1.0038513588625904
29579.0,40443.0,1.8768818995238956
29579.0,43747.0,2.281285416777006
29579.0,44681.0,1.4178992460015483
29579.0,41659.0,2.464865247542356
29579.0,41741.0,1.9406643430714376
29579.0,41860.0,2.2426848023812376
29921.0,16568.0,1.8428879497761188
30066.0,32092.0,1.2790211512750438
30092.0,30953.0,1.1223611349056484
30705.0,31349.0,1.3898306329938361
31941.0,32283.0,2.7887357359458953
31982.0,26907.0,1.9955430464878987
31988.0,38533.0,1.7129364946333
31988.0,48521.0,2.8012568903213078
31988.0,37230.0,1.936913514064899
31988.0,43525.0,2.2197221725922844
31721.0,35390.0,2.9502440047720446
31316.0,32250.0,2.3869477800807237
31416.0,31831.0,2.7487266411462308
31570.0,19373.0,1.1242757347538492
32040.0,32358.0,1.6645867476091574
32064.0,39600.0,2.180966314224742
32064.0,38126.0,1.1954975539896364
32064.0,38386.0,2.2606264567903134
32064.0,44703.0,2.2138377805216463
32064.0,45162.0,2.3123305332836384
32064.0,47815.0,2.0182069057825016
32064.0,47951.0,2.3784162656564742
32064.0,51866.0,2.3622346226870086
32064.0,45321.0,2.867332561743896
32007.0,28422.0,1.683403375314197
31229.0,51936.0,1.7994573781446361
30819.0,42662.0,1.7354770907242074
30819.0,32326.0,1.600637746553313
30819.0,35764.0,2.336955955661717
30819.0,42192.0,2.0427156896563488
30819.0,20003.0,2.2757740004361544
30819.0,31534.0,1.509140281217855
30819.0,41640.0,2.0044892606449105
30819.0,10707.0,2.859810342653639
30819.0,32247.0,1.72399844308298
30819.0,34714.0,1.6516933001513623
30819.0,39397.0,1.0471083672125767
30819.0,2330.0,1.615906115976478
30819.0,49752.0,1.5721292695455698
30819.0,44933.0,1.2794717444677306
30819.0,45290.0,1.453283688508867
30819.0,48219.0,1.0387636001770846
30736.0,4309.0,2.157669044237571
30759.0,36837.0,1.3358667221731282
30759.0,35955.0,1.932534246542547
31004.0,33110.0,2.7591049788698463
31004.0,34982.0,1.6127475067831138
31029.0,39258.0,2.6914512385719833
31124.0,31602.0,1.9738113193034328
31155.0,31665.0,1.7783417109337438
31186.0,27536.0,2.2341324631585726
30909.0,31521.0,1.0986970896916055
29059.0,35576.0,2.0412514936422212
28929.0,44609.0,1.0251032353126646
28929.0,26784.0,1.5063878970475808
28929.0,30013.0,2.782763955656068
29073.0,50518.0,2.902232642182853
28618.0,18161.0,1.4998940286388525
28658.0,28850.0,1.488932946277702
28658.0,40844.0,1.8288222756425379
28602.0,30400.0,2.7174332071559855
29536.0,30788.0,2.1575997111176806
29536.0,30925.0,1.5687719637196453
29536.0,30759.0,1.0830114803441016
29276.0,30339.0,1.9698594095379995
29398.0,37132.0,2.640450540210314
26721.0,3093.0,1.6841817794708789
26789.0,38421.0,2.1532768071142616
26875.0,36557.0,1.569571972670155
26662.0,28153.0,1.2494442371449936
27284.0,40900.0,2.04065636902667
27366.0,28596.0,1.2779673826800013
28495.0,39800.0,2.543108619024685
28497.0,37198.0,2.130117945864967
28555.0,33127.0,1.0689273411251843
26931.0,24044.0,2.324220118040324
26944.0,42268.0,2.6013643048387647
27004.0,28406.0,1.5489521651337532
36893.0,35977.0,1.915891064865889
37186.0,36196.0,1.9847937197647736
37236.0,50772.0,1.5769576317325915
37236.0,39295.0,1.34957821522573
37236.0,44039.0,1.112792137099002
37236.0,44117.0,1.3611577616038801
37236.0,43588.0,2.2318765541645007
37236.0,42248.0,2.2033526813147795
37236.0,42053.0,1.2310256117833742
37236.0,42343.0,2.552282952295194
37236.0,40837.0,1.2584623966886972
37236.0,35054.0,2.106752190336538
37236.0,36683.0,2.3144386853237195
37236.0,42640.0,2.612718810764526
37236.0,42783.0,1.4315566663420487
37236.0,50201.0,2.72843316460077
37236.0,51821.0,2.668025477977826
37236.0,43171.0,2.300186094151728
37236.0,47867.0,1.8169020110371825
36637.0,37632.0,1.6716907245256325
36637.0,40808.0,2.186427019315635
36637.0,45448.0,1.4020510436410947
36637.0,51980.0,2.7006518681849623
36637.0,42940.0,2.4934428270779954
36637.0,9418.0,2.8216612999393647
36637.0,10092.0,2.111690602843127
36823.0,38227.0,1.477111600990852
36840.0,35912.0,2.4087557044967065
36211.0,35466.0,1.0180264383056667
36257.0,40712.0,2.9198967696320537
36308.0,37503.0,1.1165973385955887
36308.0,39429.0,2.0103169448229985
36308.0,40098.0,1.9831336467492624
36308.0,40256.0,1.7931100955542567
36308.0,40383.0,2.0325662611577426
36308.0,36907.0,2.045153995931417
36308.0,37069.0,1.5175437219125563
36308.0,38818.0,1.0294121298033936
36308.0,39459.0,1.176936102511924
36308.0,39967.0,1.316285676727416
36129.0,22722.0,1.7914954500869322
36129.0,35482.0,1.114848370424465
35925.0,36178.0,1.0147782608553662
35987.0,35288.0,1.1148859596282048
36411.0,38346.0,2.9357305115729657
36415.0,40567.0,1.1467917588501748
36485.0,35464.0,1.6643342377154526
37937.0,38024.0,1.2389284962323754
37939.0,43742.0,2.604434865487521
37939.0,47272.0,2.947700577762265
37939.0,40168.0,1.9355705381383264
37939.0,8761.0,2.6171719807922758
37939.0,20180.0,2.771832240566922
37939.0,38300.0,2.8617616868651163
37939.0,39039.0,1.2602531672534558
37766.0,38921.0,1.832737682312624
37766.0,39216.0,2.9399810100184967
37766.0,47347.0,1.4085536184922978
38256.0,10022.0,2.5787883474250437
38335.0,36965.0,1.4284184945889127
38337.0,48409.0,1.663841299950866
38338.0,23618.0,2.462002979167987
38251.0,40624.0,2.133841443528623
38044.0,37198.0,2.776253310222156
38044.0,38750.0,1.8406949693895436
38063.0,36812.0,2.4295485102322134
38150.0,36836.0,1.818012155955134
37591.0,37780.0,1.506787144290074
37277.0,35096.0,1.5645165391146838
37295.0,50518.0,2.025568560295514
37325.0,40191.0,1.2326091826174415
37325.0,45000.0,1.0188316237195638
37325.0,44056.0,1.511908713379243
37325.0,42389.0,2.6647672006267893
37325.0,39707.0,1.9368338784806045
37325.0,40737.0,1.4284283912136655
37405.0,141.0,1.8047321906063292
37447.0,2094.0,2.2453555862951218
37541.0,36461.0,1.5014469141202695
37582.0,46145.0,1.4661099892441092
37582.0,49772.0,2.0855744169009953
35826.0,35171.0,1.1485061362032534
32459.0,39042.0,1.9282590834863993
32459.0,30860.0,1.2944432574889317
32459.0,35502.0,2.1457182136322968
32459.0,35506.0,2.6496960349396343
32459.0,36697.0,1.7565516325755393
32299.0,40925.0,2.9932305074758294
32299.0,50166.0,2.861286453062622
32299.0,42086.0,2.619199617718088
32299.0,43111.0,1.74979781168643
32299.0,43130.0,2.5476346549578013
32299.0,41987.0,2.4217546839415505
32299.0,5205.0,1.383127892907406
32299.0,7449.0,2.440822933328079
32299.0,17324.0,2.574884961210033
32299.0,18871.0,2.876038987675779
32306.0,43039.0,1.9230546095093577
32630.0,41945.0,2.010806029143019
32670.0,10327.0,2.738111280891057
32731.0,32836.0,2.8748828950534175
32789.0,48440.0,1.2114097138531512
32491.0,37566.0,2.987290901296917
32497.0,43427.0,2.8212435475085327
32214.0,32929.0,2.1542811882498833
32262.0,34433.0,1.411460227539933
32262.0,36312.0,2.0686411455174287
32201.0,15609.0,1.7768069196371556
32172.0,32509.0,1.783195694228935
32126.0,32474.0,2.914840643291877
32132.0,32384.0,1.0171390080615834
35397.0,39352.0,2.7088298793428747
35633.0,36652.0,1.4898329322231945
35123.0,23682.0,1.7462342143955747
35144.0,18434.0,2.0101927704332123
35319.0,16223.0,2.7159768344815474
35386.0,38227.0,1.4842689879892483
35731.0,42084.0,1.7339486097153722
35731.0,37663.0,2.0988842668575605
35731.0,35317.0,1.7954047195930691
35731.0,36317.0,1.1112232807855034
35017.0,44150.0,1.026768478533849
34385.0,35596.0,2.495352660000711
34385.0,35060.0,2.595734669979601
34424.0,50182.0,2.3952978197490666
34476.0,2904.0,1.0316093292066315
34550.0,38191.0,1.2952769919290645
33169.0,40348.0,2.707921334948434
34588.0,52258.0,1.08201449873693
34705.0,38764.0,1.6531370044256353
34600.0,20660.0,2.938985130792558
34611.0,44098.0,1.3956912659189251
11702.0,15165.0,1.131498820258326
11686.0,38976.0,1.8356583014310228
11686.0,39032.0,2.224482724754192
11686.0,42169.0,1.1926139938009106
11686.0,38228.0,2.7876735440105804
454.0,1319.0,2.839227838356166
454.0,1059.0,1.0079611333592855
454.0,1118.0,1.6307591160985802
454.0,1920.0,1.3243417330654785
454.0,2439.0,1.4260585783800255
454.0,4580.0,1.8621091057242927
454.0,5256.0,1.5162834940552483
454.0,5701.0,1.3605542990418895
454.0,6466.0,1.1899620839983285
454.0,6474.0,2.9098184695689673
454.0,6479.0,1.6301840667960592
454.0,6595.0,2.241172605457114
454.0,2982.0,2.63068673706609
454.0,3253.0,1.8106398216589257
454.0,10801.0,1.5078408724173975
454.0,13898.0,1.3945524229089024
454.0,10366.0,2.2566623128797496
454.0,7885.0,2.4496100494589506
454.0,7912.0,2.0388671685456727
454.0,8001.0,2.807791153372228
454.0,8380.0,1.9937993160038048
454.0,8881.0,1.2628382438254864
454.0,9220.0,2.029172808556478
454.0,9973.0,2.800995723897306
454.0,1653.0,2.484633070536649
454.0,1805.0,1.3315036106567821
454.0,2314.0,1.5800388274421764
454.0,2342.0,1.13554454801914
454.0,2485.0,1.4812426384142396
454.0,2495.0,1.38568337858318
454.0,1652.0,2.1643905462539097
454.0,1566.0,2.157332125129554
466.0,1744.0,1.4670153321330164
482.0,6389.0,1.6816946619479214
396.0,447.0,2.618348393110699
412.0,733.0,2.154500505222402
417.0,2938.0,2.886468177679524
427.0,5385.0,1.3514006112099812
427.0,11035.0,1.9165253233944346
432.0,598.0,1.400178257022336
432.0,57.0,2.9189784675066157
386.0,2968.0,2.26919537369277
386.0,13606.0,1.5624309272254513
386.0,1669.0,2.4542617613149336
386.0,377.0,2.601416164467106
386.0,10702.0,2.742149492503226
386.0,9621.0,2.700732416034682
386.0,6187.0,2.2142907939152385
386.0,9266.0,1.286311167089009
386.0,9004.0,2.4010619962344824
386.0,2799.0,1.646014155607826
386.0,717.0,1.9339848315038768
386.0,743.0,2.9163297251612157
386.0,796.0,1.554931391439179
386.0,979.0,2.423066654293552
386.0,4271.0,2.969023017291872
386.0,6555.0,1.402474337318151
386.0,6562.0,1.9686233948896301
386.0,7589.0,2.1266281375479146
386.0,7722.0,2.3631652984381883
386.0,7998.0,2.512562325526766
386.0,6139.0,1.533279218778738
386.0,5881.0,2.4338914109919374
386.0,617.0,1.5538294828955252
486.0,569.0,1.1081787729964045
486.0,3451.0,2.621272790924867
486.0,1374.0,2.4409794781883107
486.0,1438.0,1.4547523033890406
486.0,2417.0,1.312440824144385
619.0,5133.0,1.0522922386197249
619.0,5321.0,2.1449842933150984
619.0,9030.0,1.9643808718292906
619.0,10996.0,1.247549318811509
619.0,14129.0,1.5443857590476626
619.0,15052.0,2.356053645794357
619.0,2829.0,1.5521542940559492
604.0,10974.0,1.350246686024404
612.0,4135.0,2.283577561835302
612.0,2314.0,1.5994012851054655
637.0,19521.0,2.990851679425284
641.0,2934.0,1.954938491386129
646.0,13777.0,1.8179263174945175
657.0,2231.0,1.6550069962322753
657.0,2523.0,2.5316993123573193
631.0,598.0,1.828377854653571
631.0,1613.0,1.8666619195442564
631.0,2334.0,2.783162465751047
631.0,7121.0,1.8599433137112278
627.0,4681.0,2.646452421462919
599.0,1246.0,1.8323047125876848
496.0,2578.0,1.3969113959270987
525.0,34409.0,1.0221118017125095
525.0,45591.0,1.0227537881788455
525.0,19914.0,2.8134351168376
525.0,46107.0,2.9678210681783943
553.0,40718.0,2.1822050337416083
553.0,19408.0,1.630250612375778
553.0,3544.0,2.738047616256726
530.0,575.0,1.2894140439996333
530.0,1038.0,2.5425680101800543
530.0,1508.0,2.2015261728832023
549.0,3748.0,1.8721888394130237
212.0,1499.0,1.8729794936536146
212.0,944.0,2.0562152847205093
238.0,2667.0,1.7496831939780981
238.0,5993.0,1.405845426180689
238.0,6035.0,2.213374356674243
238.0,9045.0,1.660893861406621
246.0,2150.0,1.221157834558957
249.0,1311.0,1.0778120792312076
249.0,4574.0,2.9378134647550853
249.0,6828.0,2.681185755875208
263.0,1384.0,2.9733270638705456
263.0,546.0,2.8735370741228565
263.0,51878.0,1.4385416322437936
263.0,3316.0,1.773466192559599
263.0,7739.0,1.9639321970207704
196.0,10041.0,2.714706658130436
196.0,17047.0,1.4906678001109301
196.0,24100.0,2.3295510309320147
196.0,31338.0,1.3459843417794417
196.0,34902.0,2.7565966595848193
196.0,51841.0,2.5693346295266304
196.0,136.0,2.608380799064222
196.0,23667.0,2.2809560318812663
196.0,6218.0,1.4189848754727319
196.0,6647.0,1.105786020445021
196.0,9792.0,1.031105665415129
196.0,12463.0,2.214705139875895
196.0,4265.0,2.598682776287818
196.0,504.0,2.7597864055729033
196.0,2322.0,2.0534499287539942
196.0,2458.0,1.6047178637325745
273.0,4165.0,1.6465118795894482
279.0,6386.0,1.9362360029258607
293.0,136.0,1.8202521715676012
294.0,1244.0,2.1438970765089436
300.0,4156.0,1.6388144760790837
188.0,453.0,2.2367167823515004
188.0,1039.0,1.410590743005511
188.0,88.0,1.8952644321300305
190.0,460.0,1.233355280837859
165.0,27056.0,1.3120947427283094
165.0,32622.0,2.8979213725861412
165.0,44903.0,2.433584266299767
165.0,40602.0,2.971735169904791
165.0,36609.0,1.670194670587799
165.0,8905.0,1.6781685646581876
165.0,20318.0,2.0840578874457254
165.0,37554.0,2.2752043825192616
165.0,8017.0,1.3929540066688295
165.0,48523.0,1.5597284132537659
165.0,50037.0,1.6548784375876364
165.0,50511.0,2.578027948511356
165.0,4740.0,1.4303531122218285
165.0,10555.0,2.9628560577609564
165.0,16194.0,2.679576136889303
165.0,17684.0,1.052321890196844
165.0,19693.0,1.163810220946273
165.0,20621.0,1.2419263804003506
165.0,27877.0,1.1167243886340221
165.0,37967.0,2.2005441738596625
165.0,43189.0,1.269619254755887
165.0,28560.0,1.6225722036499275
165.0,30868.0,1.6987190028625323
165.0,31078.0,1.226590103134798
165.0,31103.0,2.5634002139361174
165.0,32023.0,1.5367205669553348
165.0,32808.0,1.6779819418372148
165.0,4139.0,1.5437078553384667
165.0,8472.0,1.4694217464321728
165.0,8936.0,2.2420621438932673
165.0,6375.0,1.588082207613702
185.0,361.0,1.0372143738911264
187.0,399.0,1.0340462007736517
342.0,450.0,1.528505318121483
342.0,1783.0,2.8189079335672185
342.0,16104.0,1.7722590177672302
349.0,570.0,2.9904386148756688
349.0,7060.0,2.0426817993107775
349.0,7285.0,1.2991623678990094
349.0,7454.0,1.7216464805355551
373.0,981.0,1.282071526365899
374.0,4124.0,1.3025863295211815
374.0,5575.0,1.3860997581233383
374.0,8902.0,2.785997457687551
374.0,10619.0,2.6654470899627114
374.0,5519.0,1.8279485889241653
374.0,3411.0,2.1815549391111775
374.0,3798.0,2.888289907763458
374.0,4081.0,1.5378507472828638
374.0,4133.0,2.9779509169894562
334.0,1852.0,1.9249633924766232
328.0,1624.0,1.2470904078578184
328.0,1384.0,1.9738389252888053
328.0,1255.0,2.066421576900198
328.0,3364.0,2.858207860448805
661.0,2644.0,1.0675502029178447
661.0,2203.0,2.104555613871377
1081.0,1569.0,1.1156483679059737
1094.0,4561.0,1.0137683292704074
1110.0,1444.0,2.8365060279909065
1110.0,1338.0,2.4368628727112096
1110.0,1417.0,1.2134730418949953
1111.0,38770.0,2.7467935409412565
1073.0,8329.0,2.1677922392775444
1063.0,5415.0,2.4846598922922
1063.0,4890.0,2.8543433854785274
1063.0,2047.0,2.5133519424097637
1132.0,16414.0,2.716135243271734
1183.0,3049.0,1.1726577600317312
1183.0,6271.0,1.8735141859140363
1183.0,3082.0,2.391261207745701
1183.0,2021.0,1.0627675675248025
1183.0,2167.0,1.8732657948177107
1205.0,1829.0,2.624604899783045
1134.0,7648.0,1.1465357574165993
1150.0,34687.0,2.6731648172699787
1044.0,36304.0,2.6501374835685354
1044.0,38907.0,2.9042374688344563
1044.0,25217.0,1.2676326588624494
1044.0,36158.0,2.037073464233001
1044.0,42364.0,2.3073136318874945
1044.0,38802.0,2.7934923480017906
1044.0,36457.0,2.321316195584684
1044.0,5514.0,1.9232637486511035
1044.0,1499.0,1.18079135078126
1044.0,3364.0,2.06443803238447
1044.0,1392.0,2.2281035459933407
1044.0,30874.0,2.316207350026038
1044.0,36482.0,2.259738393032305
1044.0,14533.0,2.091002964263488
1044.0,14569.0,2.6118921300008964
1044.0,14832.0,1.049145535574274
1044.0,22864.0,1.1874621426806806
1044.0,23374.0,2.306976774232302
1044.0,2802.0,2.2475129167649364
1044.0,3327.0,1.4077779031280198
1044.0,5499.0,2.9676345870416694
1044.0,6438.0,2.1699411831492528
1044.0,6633.0,1.8115918075658117
1044.0,7055.0,1.0510692465465106
1044.0,3691.0,2.7891636175536734
1061.0,2199.0,1.318447461473654
1061.0,2241.0,1.6362434251633313
1061.0,4639.0,1.4804361088211198
1049.0,1449.0,2.2834926759565697
1049.0,43894.0,1.1507739505877908
1208.0,2311.0,1.971762026422887
1580.0,4724.0,1.9858411816624348
1580.0,23537.0,2.741001300949689
1618.0,1976.0,2.407110369664288
1624.0,1059.0,2.383614507268673
1626.0,4508.0,2.5070887179196744
1626.0,2867.0,1.3385691932216852
1403.0,7188.0,1.5030338061629702
1408.0,15005.0,1.3406812437608517
1409.0,301.0,2.1708803759233417
1409.0,1670.0,1.268257732116514
1398.0,3506.0,1.340655239018102
1398.0,2117.0,2.795831452676834
1398.0,2175.0,2.3989559987727
1398.0,2910.0,1.807453090817101
1690.0,5849.0,2.1148319063306644
1690.0,4203.0,1.616559905729914
1690.0,4692.0,1.4299096540591447
1703.0,2211.0,1.8337055796978634
1708.0,2167.0,2.2353556613882497
1735.0,2064.0,2.0925526835974937
1735.0,4098.0,2.8570371052690904
1735.0,6381.0,2.062891135860851
1679.0,1896.0,2.9020443873875643
1337.0,2938.0,1.4286902555816776
1337.0,22534.0,2.356835741866674
1337.0,2330.0,1.3772106760490834
1337.0,1825.0,2.0981775257389086
1337.0,4607.0,1.1261372928475646
1305.0,8370.0,2.1675450794681237
1305.0,7407.0,1.009934230949954
1283.0,6921.0,2.808733894962158
1299.0,23317.0,1.460807734581642
1299.0,40922.0,2.0743796815518714
1300.0,5141.0,1.066687444210361
1343.0,2039.0,2.123404395684466
1343.0,2350.0,1.8876363299209482
1343.0,2104.0,2.667873783149423
1343.0,2236.0,2.8884677320510574
1343.0,1745.0,2.550368918911352
914.0,2001.0,1.1307269917634089
914.0,18812.0,1.4640212200021314
878.0,3433.0,2.0994697354691954
880.0,890.0,2.3453414484259314
949.0,45631.0,2.9635891859989862
949.0,9727.0,1.1096601925153158
949.0,35751.0,2.8331881597489734
949.0,2150.0,1.9514034905498308
949.0,5459.0,1.2403149299978444
949.0,1895.0,1.3438190880286038
949.0,2304.0,1.5931589108015898
949.0,3188.0,2.7486615192135955
949.0,8920.0,2.6076885521814277
949.0,9420.0,2.645503143345664
949.0,10710.0,1.480088349484112
949.0,10932.0,2.2287798065898228
949.0,12472.0,1.5098630146847813
949.0,18767.0,1.5706695431036637
949.0,6489.0,2.1050119606063107
949.0,7239.0,2.437955044578518
949.0,7327.0,1.591376002156852
949.0,20251.0,1.6659024227741246
949.0,47914.0,1.4085142859532835
949.0,43132.0,2.072916143003277
949.0,22825.0,2.4109213768486386
949.0,34756.0,1.543566092011168
949.0,39180.0,2.818932315585533
949.0,39845.0,2.968046420281742
919.0,4549.0,2.497430228179737
919.0,5300.0,1.2129797569219
922.0,1266.0,2.70785544378745
929.0,1164.0,2.877742638085274
932.0,9604.0,1.2116576671024406
867.0,4873.0,1.0844226020219443
867.0,2103.0,2.9391256216455743
867.0,5026.0,2.4366398636248423
867.0,5155.0,2.620611844218258
867.0,5159.0,1.197544621982463
710.0,1169.0,1.457931656163485
742.0,2458.0,2.9713474420411305
782.0,5537.0,2.648802372697749
782.0,7896.0,1.173022463692375
782.0,9409.0,2.3294830869675596
800.0,1508.0,1.4408565361114827
800.0,1074.0,2.1394254589366644
805.0,40639.0,2.146067396568792
805.0,44376.0,1.4121384377716502
683.0,141.0,1.198795648463249
669.0,3274.0,1.1402441650725936
681.0,1243.0,2.5126561182066594
826.0,3515.0,2.937754718825199
826.0,19662.0,2.4992259714001075
826.0,1800.0,1.723063096289084
860.0,1118.0,1.7041219931550593
810.0,1825.0,1.6724139775109406
824.0,14766.0,2.7086837881422277
1039.0,15728.0,1.9523364387719595
1039.0,2621.0,2.403009597459456
1039.0,3327.0,1.043575371223903
1039.0,3360.0,1.0406939072641486
1039.0,7527.0,2.237590217731578
1011.0,4707.0,1.6228608589533384
971.0,2167.0,1.6450896230258822
982.0,19786.0,2.2949917194330034
1007.0,3665.0,1.2359788326703272
23.0,6805.0,2.896866792130832
23.0,34322.0,2.8694055186070733
23.0,28589.0,2.5622094025871007
23.0,41787.0,1.7154379022886495
23.0,14178.0,1.455084826783978
23.0,35927.0,1.0666868191371899
23.0,36310.0,1.145795455579763
23.0,42363.0,1.3455353265044998
23.0,4159.0,1.7171870677701084
23.0,19593.0,2.5934499300235254
23.0,10977.0,1.0564535914285877
23.0,18700.0,1.2522628706146965
23.0,4873.0,1.6874698569140243
23.0,43441.0,1.3887228140181902
23.0,3486.0,1.3504024502960013
23.0,39918.0,2.35465212250093
23.0,42534.0,1.9111220915299403
23.0,44984.0,2.3036159652867862
23.0,42724.0,2.3112723144388383
23.0,31526.0,1.9952383281413388
23.0,50401.0,1.5355138507769115
23.0,47488.0,1.3105875438264545
23.0,47551.0,1.0164723008581866
23.0,40288.0,1.1830369200069388
23.0,9661.0,2.717533266049793
23.0,475.0,1.9315747420260405
23.0,2150.0,2.1823753819890492
23.0,7904.0,1.8868377455847738
23.0,19447.0,1.127765562646644
23.0,7035.0,1.749554501380865
23.0,5575.0,1.348685388387208
23.0,4192.0,2.2482629568228147
23.0,4607.0,2.624572515543072
23.0,2802.0,1.7059872676884826
23.0,19786.0,2.4408653202426613
23.0,26799.0,1.3281747158168666
23.0,27442.0,2.3058980898251127
23.0,27574.0,2.0369877164714945
23.0,27717.0,1.540521863233095
23.0,27675.0,2.0566601254987575
23.0,22234.0,2.0938893852089944
23.0,23142.0,2.163957876422023
23.0,23848.0,1.2971571475409716
23.0,23913.0,1.4259606328451047
23.0,35779.0,2.7671898763866007
23.0,31862.0,1.6298075192820745
23.0,28844.0,1.8307133610267416
23.0,30337.0,2.6473549140670896
23.0,31084.0,1.9280261708433293
23.0,31848.0,1.2597781824852015
23.0,15314.0,2.2028527028803575
23.0,15734.0,2.9871430785853734
23.0,15903.0,2.7759751298928386
23.0,15911.0,2.126277825460042
23.0,15928.0,1.5759301106338606
23.0,16007.0,1.3035228950840088
23.0,14097.0,1.7575647401236774
23.0,14107.0,2.61002301094473
23.0,14280.0,1.0321313271742791
23.0,14325.0,2.925287452934233
23.0,14367.0,2.170626809640076
23.0,14381.0,2.875176943761682
23.0,35981.0,1.6912661026969664
23.0,19236.0,2.444915199526925
23.0,19924.0,1.624585942879552
23.0,20255.0,1.414061830231919
23.0,16270.0,2.24421980812973
23.0,17932.0,1.2427642112840092
23.0,18489.0,1.892633981543405
23.0,18543.0,1.967414808720133
23.0,18916.0,1.3100843690529993
23.0,47786.0,2.1157221182763637
23.0,49702.0,2.1390057635612454
23.0,49771.0,1.0890474602427858
23.0,50040.0,1.1285037023556763
23.0,4448.0,2.2528045579117584
23.0,47675.0,2.7643367429232892
23.0,39717.0,2.899158981990479
23.0,39980.0,1.0147850268112295
23.0,42489.0,1.981836057490021
23.0,44884.0,1.184349396339811
23.0,44800.0,2.158444880198523
23.0,44592.0,1.7338430498412956
23.0,42920.0,2.2054861696238897
23.0,43087.0,2.7418804973983635
23.0,2694.0,1.6955318628836944
23.0,3465.0,1.490059165559179
23.0,3542.0,2.251576409452672
23.0,2402.0,1.6495267254998895
23.0,4787.0,1.433162580503383
23.0,4978.0,2.5836545199157444
23.0,5238.0,1.9817126176513535
23.0,4582.0,2.3699528576552735
23.0,4566.0,1.7839418838773498
23.0,4502.0,2.9501898754755285
23.0,5343.0,1.433938788726932
23.0,9504.0,1.1631708534937057
23.0,9981.0,2.024349178508526
23.0,8471.0,2.778322541891263
23.0,8493.0,2.0192484347062205
23.0,8501.0,2.664865001003098
23.0,8614.0,2.406110759085803
23.0,8686.0,1.1919643441839336
23.0,10038.0,1.3484312696943808
23.0,10915.0,1.3071031444168033
23.0,11054.0,1.2269169526573447
23.0,12507.0,1.586502428076838
23.0,13900.0,1.1348719603749526
23.0,13915.0,2.152540353151771
23.0,10080.0,2.8578596657859183
23.0,10154.0,2.6247581860162725
23.0,10211.0,2.300560030608558
23.0,10435.0,2.285486112349462
23.0,8217.0,1.8128562219148692
23.0,6493.0,1.1268770439864149
23.0,6553.0,1.4067092975671833
23.0,6561.0,2.287972857255731
23.0,6643.0,1.3457167101031036
23.0,6648.0,1.12935564839718
23.0,6723.0,1.8370268167319297
23.0,6745.0,1.5262278756440997
23.0,6769.0,2.773401584206834
23.0,6847.0,2.241930674178822
23.0,5711.0,1.7808110810616353
23.0,5912.0,2.9827178675749684
23.0,6024.0,1.7494081248200262
23.0,6208.0,2.0970672315474252
23.0,6275.0,2.994700851195754
23.0,7857.0,1.1911996407130592
23.0,7044.0,2.0491136874512725
23.0,7092.0,2.1653014746406285
23.0,2693.0,1.5660351971528883
24.0,18.0,2.4669771350331695
24.0,1678.0,2.0792957739302214
24.0,956.0,1.5007079042819882
24.0,5373.0,2.4574277998700333
24.0,643.0,2.071829474461083
34.0,4398.0,2.286938128053505
34.0,475.0,1.0842759068293455
34.0,1255.0,1.4812974087603816
34.0,32.0,2.212841713786675
34.0,950.0,2.9178235460094015
34.0,12.0,2.3489982418619357
34.0,210.0,1.534737986748811
34.0,297.0,1.8466343206551932
34.0,514.0,1.1633047183137102
34.0,1540.0,1.1989870062242005
35.0,9830.0,2.4192528312882526
35.0,17313.0,2.1452540027641946
35.0,18392.0,2.6340347788930085
15.0,361.0,1.3759506106935095
11.0,6377.0,1.3765165406438056
5.0,50205.0,2.1772532064519012
5.0,6664.0,2.3123292093562684
5.0,44947.0,2.3798793589612472
5.0,40107.0,2.590470556324113
5.0,231.0,1.8672524085643054
5.0,2667.0,2.66022375966881
5.0,256.0,1.3168035155950664
5.0,1700.0,2.3376979826160262
5.0,1355.0,1.6195436688802636
5.0,1276.0,1.398179831861556
5.0,6095.0,1.025003399359264
5.0,278.0,2.2121637575177506
5.0,2922.0,2.126060544025238
5.0,434.0,2.6197834871765657
5.0,218.0,2.6220661599194814
5.0,14110.0,1.9070478008279101
5.0,14988.0,1.8263044518088405
5.0,15819.0,2.3706716799825305
5.0,19151.0,1.2187007247214685
10.0,3748.0,1.4055382164777923
10.0,262.0,1.2465837186970874
104.0,2761.0,1.595311861855066
104.0,30796.0,2.9612357829096863
104.0,3506.0,2.1140933583328527
104.0,18420.0,1.0181864584915883
104.0,2069.0,1.4431508983954393
104.0,2262.0,1.7932442174112333
104.0,23060.0,1.465821349707576
104.0,40348.0,1.7588751272692746
104.0,30862.0,2.326039726924928
104.0,30907.0,1.3677504951272106
104.0,32028.0,1.828266695385835
104.0,33114.0,1.1993547867033252
104.0,36421.0,2.831731653163502
104.0,16213.0,1.3949942980578047
104.0,20698.0,2.1690343912961993
104.0,26574.0,2.946134298468291
104.0,27364.0,1.6236421359859217
104.0,38657.0,2.376739863407012
104.0,39432.0,1.8643218251117533
104.0,10574.0,2.0944640848795437
104.0,41779.0,2.794947980473353
123.0,487.0,2.156634339930986
123.0,535.0,2.279570393531287
123.0,243.0,1.5398002253797176
141.0,227.0,2.7954964349299836
143.0,1801.0,2.007136070486588
143.0,2975.0,1.3080887711907776
143.0,32025.0,1.2835102201839788
143.0,35263.0,1.0128830319871025
114.0,260.0,1.077047924346455
106.0,41274.0,2.9226401786087974
110.0,100.0,1.2883016950060722
113.0,1091.0,2.3644487567661026
96.0,10606.0,1.9397074090243427
96.0,34322.0,1.9766274381356619
96.0,154.0,2.5111200349827074
96.0,9193.0,2.8448386602359794
96.0,7450.0,2.710399879355913
96.0,36064.0,1.9856491867284756
96.0,956.0,2.626027640345821
96.0,2587.0,1.8741519063106353
96.0,2417.0,2.742577814323707
96.0,2540.0,2.4268427134541373
96.0,34756.0,2.646842376363292
96.0,262.0,2.5046074902693922
96.0,25173.0,1.2659841243104422
96.0,28536.0,2.212567189837499
96.0,39742.0,2.1690790642296327
96.0,2466.0,2.069037052903087
96.0,138.0,1.4957935249257297
96.0,8490.0,1.4266247118351867
96.0,8807.0,2.273002339090506
96.0,9149.0,1.6924096908284714
96.0,8286.0,2.7204006648826127
96.0,7315.0,2.15535403982834
96.0,7413.0,2.264366505588628
96.0,7489.0,1.2379817759672584
96.0,7272.0,1.6665009181133543
96.0,19177.0,1.3025754265418763
96.0,19312.0,1.3766818321313536
96.0,19395.0,2.7225578280543092
96.0,13772.0,2.043623911769544
96.0,18415.0,1.6465031969359778
96.0,1782.0,1.3186140460477316
96.0,1960.0,2.0107368368742984
96.0,1994.0,1.5862962965657035
96.0,552.0,2.078384967992644
96.0,6016.0,2.122388126018863
96.0,6325.0,1.6859112252384156
96.0,2612.0,1.140525457423992
96.0,2629.0,1.956766281646284
96.0,2649.0,2.1338335145944978
96.0,5283.0,1.3961741474217604
100.0,250.0,2.382311807316042
100.0,269.0,1.817919861707778
100.0,303.0,1.1819740425303182
100.0,3345.0,1.6861832861314108
100.0,225.0,1.609413081704316
98.0,57.0,1.3021205001688463
155.0,8067.0,1.9758305587687717
80.0,4886.0,1.3514187405188773
80.0,101.0,2.7135986417807727
80.0,5366.0,1.087085348806606
80.0,2243.0,2.598370862804134
80.0,3612.0,2.6891636076488292
82.0,41.0,2.9191492250985336
82.0,453.0,2.8640419036639937
82.0,3635.0,2.6023058079898815
82.0,2839.0,1.6709268110608018
82.0,1101.0,2.1643710274608745
82.0,1604.0,1.948525129807606
82.0,1746.0,2.659697928295418
82.0,2178.0,1.0239176689377998
82.0,6355.0,1.1064108643260797
82.0,5323.0,2.9871467932132796
83.0,74.0,2.977112812367884
83.0,377.0,1.4845727368901545
83.0,100.0,1.6456727114261112
83.0,275.0,2.403220032980962
83.0,23896.0,2.76031011500255
85.0,68.0,2.07502659319573
90.0,570.0,1.5946534180248768
79.0,15336.0,1.7182635899732566
79.0,15886.0,1.897236235935296
79.0,162.0,2.1538072223344296
79.0,4630.0,1.65702907365438
79.0,5021.0,1.6930490927092587
79.0,8929.0,2.7253467530334854
39.0,1238.0,2.2049295456873415
39.0,1366.0,2.236341436891195
39.0,6001.0,2.35099830206567
43.0,2862.0,2.259051793930749
45.0,369.0,2.8549492805025105
45.0,297.0,1.7596468534585983
45.0,4840.0,2.378374444600036
45.0,7783.0,1.5753436934847265
45.0,7953.0,2.4454309812291237
78.0,315.0,1.1800082440439126
64.0,22529.0,1.1398551476846763
64.0,1976.0,1.1904312491582183
64.0,156.0,2.6386746885671606
64.0,6888.0,1.1127244035560797
48.0,59.0,1.6047136569163392
49.0,976.0,1.2074715433587344
49.0,30094.0,2.9974355877096137
6656.0,18173.0,2.6637073842887835
6656.0,19974.0,2.8479757788985993
6656.0,10625.0,2.775254448791577
6656.0,9377.0,1.2547628722575213
6656.0,8157.0,2.4244347977394987
6656.0,22002.0,2.4725613372026727
6656.0,8699.0,2.969962321835677
6656.0,9466.0,2.077973124013406
6656.0,8377.0,2.33641788414155
6656.0,11071.0,2.2925587699349648
6656.0,19281.0,2.59689116530518
6656.0,23404.0,1.531165464736092
6656.0,19027.0,2.169144125559117
6656.0,18732.0,2.9244224266784293
6656.0,16369.0,1.60628703708463
6656.0,16400.0,1.1535758946091779
6629.0,27223.0,2.2089663153959584
6629.0,9920.0,2.552022710118192
6629.0,15745.0,1.8272152444408543
6629.0,16829.0,2.59645830236913
6629.0,22395.0,2.422427821516007
6629.0,17519.0,2.063120138863285
6629.0,21907.0,1.5456469584707981
6629.0,20115.0,1.099071342291694
6629.0,18338.0,1.836027917415255
6629.0,2141.0,2.9989744311382323
6629.0,26730.0,1.0877131235374304
6629.0,30975.0,1.7347399684544913
6629.0,44348.0,2.1654472280654957
6629.0,17483.0,2.315440791093879
6629.0,17966.0,1.0163403829892697
6652.0,10469.0,2.320851920192783
6444.0,20880.0,2.8307692791948975
6507.0,43193.0,2.823046051546243
6533.0,9029.0,2.8092502513133155
6933.0,14232.0,1.1620390497472044
6933.0,9099.0,2.4102490164131476
6933.0,2168.0,2.3551779936579287
6933.0,10566.0,1.9585684605434286
6956.0,20073.0,2.3836853354988685
7000.0,9184.0,2.313695268508745
7040.0,4771.0,2.207661936021915
7052.0,6191.0,1.3170563250388265
6862.0,9019.0,2.5132926357015117
6862.0,10768.0,1.997550066733863
6876.0,2600.0,2.1996386985248475
6876.0,9019.0,2.2132416831834423
6876.0,9704.0,1.1801270726703041
7188.0,10906.0,1.397262277052773
7188.0,19577.0,1.824799624837563
7188.0,15768.0,2.367493695752653
7188.0,10462.0,2.3289586276010232
7189.0,4456.0,1.4185700890697004
7202.0,14028.0,2.3936739151257287
7202.0,14848.0,2.963349783359078
7211.0,9543.0,2.181597975675704
7280.0,8731.0,1.3078209308345823
7280.0,23213.0,1.811805547941542
7152.0,44245.0,2.363169812755684
7164.0,10049.0,2.3303243427922284
6710.0,37081.0,2.5124746312404826
6710.0,20502.0,1.695295865004855
6710.0,36162.0,2.904457793691679
6710.0,47679.0,2.8101896166003897
6673.0,9220.0,2.2464499621937177
6815.0,9971.0,1.8943298920104834
6844.0,47906.0,1.9729571192634128
6844.0,15416.0,2.77257399609418
6794.0,8933.0,2.3909909189355734
6397.0,18566.0,2.1769451427548203
5337.0,18329.0,1.1208905811858834
5337.0,43742.0,1.470259380775962
5337.0,38351.0,2.5902447652300897
5337.0,2215.0,2.8194410623638797
5337.0,13612.0,1.3834828946767221
5337.0,19126.0,1.6646772902798566
5337.0,34813.0,2.441759159419717
5326.0,10410.0,1.1564692527260778
5186.0,28403.0,1.1441681464499147
5186.0,8682.0,1.2788782789121667
5272.0,3420.0,2.5356218988918484
5278.0,25316.0,1.762984272003291
5510.0,23814.0,2.90865086092802
5580.0,3371.0,1.1451618616147727
5617.0,7353.0,1.761981441096946
5686.0,7486.0,1.8718760144171853
5696.0,8049.0,1.1702546415949602
5487.0,10680.0,1.034193788907101
5487.0,17547.0,2.7852031936104487
5487.0,37960.0,2.8752451616056915
5388.0,7093.0,1.183758016938003
5422.0,7882.0,2.8028321848773974
5462.0,7160.0,2.8739312328944777
5120.0,8615.0,1.3139234593563096
5121.0,6704.0,1.9121831738650492
5125.0,50642.0,2.4607701566716527
5125.0,49979.0,1.3798412770772204
5139.0,5268.0,2.628981894948468
5142.0,12276.0,1.670768205715635
5079.0,16175.0,2.2314970728993293
5079.0,26478.0,2.0738858094257013
5079.0,34972.0,2.130609518665162
5167.0,49932.0,2.0646193337667844
5167.0,35318.0,1.2709687417662612
5167.0,35904.0,2.2773490872644144
5167.0,9884.0,2.133887721380357
5167.0,27103.0,2.701305952642419
5167.0,32252.0,1.607768419753267
6236.0,17775.0,1.266043547911732
6254.0,49708.0,2.017623347633344
6254.0,18668.0,1.8569254104422122
6256.0,8650.0,2.081431120307971
6263.0,16665.0,1.7794963356744553
6268.0,8057.0,1.0815469580775043
6272.0,2112.0,2.783931945363105
6272.0,399.0,1.5809939633766674
6308.0,41647.0,2.63298965961701
6308.0,22709.0,2.5088211841629233
6308.0,48351.0,1.6712881287460524
6308.0,37922.0,1.7237267709866417
6308.0,38637.0,1.4088344309379224
6308.0,41004.0,2.4849462495884937
6321.0,6839.0,1.402263738527396
6285.0,8146.0,2.264386165416156
5844.0,36638.0,1.9942718696447503
5850.0,7680.0,1.5807891089518653
5877.0,10204.0,1.202472690334446
5885.0,7931.0,1.9882289358167886
5898.0,7668.0,2.3369139433310773
5961.0,14772.0,1.8766044299365496
5961.0,18381.0,2.030503426333814
5973.0,8056.0,1.6164098201678136
5973.0,9759.0,1.2046491757140445
5827.0,23136.0,2.9855552913517514
5811.0,7666.0,1.135764925046313
5730.0,41636.0,1.3402797811093534
5775.0,7267.0,2.965455181560311
5775.0,9502.0,1.1293828000792825
5775.0,9554.0,2.592935046556437
5775.0,13801.0,2.001491280159946
6181.0,8516.0,2.443575810712027
6185.0,5332.0,1.7255140440649204
6190.0,8055.0,1.8196644391926076
6228.0,17481.0,1.6477087632142593
6042.0,7589.0,1.7620360666924542
5027.0,20700.0,1.5640385350465724
5027.0,23145.0,1.0939542487672043
9094.0,51914.0,2.219111060887273
9113.0,12472.0,1.7474831671138809
10208.0,13581.0,1.5846241961106688
10232.0,548.0,1.9098915654123676
10240.0,13578.0,2.4587656374424287
8980.0,8757.0,1.9518588431537944
8980.0,13814.0,1.5075838233184964
9039.0,37119.0,2.645192796719402
9085.0,12469.0,2.790342876155912
10622.0,14524.0,1.6364220017791933
10630.0,9938.0,1.1299446883709288
10611.0,18727.0,2.4612698533214292
10516.0,11249.0,1.8695310759449728
10570.0,13907.0,1.1671583364618012
8755.0,12438.0,1.9665133186534551
8755.0,22815.0,2.616300154482975
8755.0,14263.0,2.7909017755189387
8755.0,28122.0,1.186627455700008
8755.0,15483.0,1.0975693199997698
8755.0,14280.0,2.4440473973510235
8755.0,7353.0,1.519867450545314
8755.0,16228.0,1.6558145642110897
8755.0,14680.0,2.578961955585431
8755.0,32613.0,1.1359447710007489
8755.0,20211.0,1.0197629004422781
8755.0,23304.0,2.4005696095404483
8755.0,26841.0,2.577023594710628
8755.0,13874.0,2.161218964519544
8755.0,14343.0,1.7569721055520224
8755.0,14454.0,1.150731530809117
8755.0,11207.0,2.50985614093421
8755.0,13785.0,2.6695978341968543
8755.0,13807.0,2.7924148270817453
8755.0,14026.0,2.226051647607255
8755.0,17189.0,1.9081855505221306
8755.0,17392.0,1.5434115479824522
8755.0,18660.0,1.5055954232283866
8755.0,11075.0,1.0015455936284345
8858.0,11187.0,1.4531206556695704
8865.0,40096.0,2.9006612897425788
8865.0,46056.0,2.147808609979638
8865.0,39295.0,2.0759186044108517
8865.0,18338.0,2.70479428193563
8865.0,39830.0,2.7978960988651487
8883.0,49721.0,1.8839869457196508
8930.0,19994.0,2.6702250969605332
11387.0,19092.0,2.405003400304744
11387.0,28376.0,1.6415038045817556
11400.0,11187.0,1.7580657048001458
11430.0,15086.0,1.1999386621481625
11430.0,16265.0,1.9186071589568157
11374.0,14881.0,1.3882876002877758
11209.0,30469.0,1.104630917340793
11209.0,641.0,2.1921242591067553
11209.0,22544.0,2.372581316537964
11209.0,38909.0,1.0009655911524202
11209.0,15167.0,1.3300075384408858
11209.0,16010.0,2.760420286191165
11209.0,18246.0,1.3582691986147726
11209.0,14639.0,1.821495893360086
11209.0,6577.0,2.6988349729617624
11313.0,14837.0,2.7040536199389185
11384.0,3737.0,1.6815088583581932
11643.0,1059.0,2.534896144935865
11643.0,40967.0,1.787568310215565
11643.0,31908.0,1.9631265559648068
11657.0,7341.0,2.5769570984081325
11515.0,1586.0,1.2184907154563525
11551.0,14983.0,1.604233321491896
11577.0,15055.0,1.6409296021314488
11591.0,41240.0,1.0470726880605283
11616.0,50551.0,1.6062865116243972
10784.0,9228.0,1.024154701415925
10966.0,23750.0,2.0950505594435542
10996.0,9316.0,1.5428596736981532
10996.0,17229.0,2.1454416469149216
11077.0,14562.0,1.1542678372760462
11084.0,907.0,1.702565567903479
11089.0,14301.0,2.072614283311781
11136.0,10540.0,1.6815585123123706
11147.0,14645.0,1.5140137938259035
11169.0,6686.0,2.8206129553304526
8163.0,10909.0,2.006558326065465
8163.0,2282.0,2.6817975142571577
8163.0,10737.0,2.5087091385610387
8163.0,3465.0,1.1921672373970915
8188.0,17446.0,1.3393831025316056
8188.0,34220.0,1.7895741076237102
8188.0,15235.0,2.5716725615717806
8188.0,14983.0,1.5878454966421673
8188.0,19212.0,2.9793687333073455
8188.0,23877.0,2.201866258994757
8081.0,22173.0,2.564279948257899
8076.0,7531.0,1.8280944481988066
7922.0,8630.0,2.751883142119077
7927.0,8630.0,2.8699266884305743
7992.0,10274.0,2.548511443875302
7998.0,14958.0,1.4961219028859487
7998.0,15838.0,2.2367076414120097
7998.0,18012.0,1.8464582256959363
8014.0,2.0,2.8844439337455623
8040.0,10302.0,2.6304520774270186
8256.0,48201.0,1.302774892040165
8380.0,15034.0,1.237077250558958
8380.0,7011.0,2.7555334110414282
8380.0,10692.0,1.476999472220635
8211.0,10408.0,2.260546113099551
8192.0,36965.0,1.1611558006292675
8192.0,36480.0,2.6874215311799583
7450.0,10159.0,2.984072657235439
7450.0,6166.0,1.9213958660327155
7496.0,9849.0,1.8868977328741936
7505.0,4290.0,1.4013926256719602
7550.0,9832.0,1.1397333125259546
7569.0,9981.0,1.5350122340975012
7569.0,10425.0,2.877771207266253
7569.0,12491.0,1.4314964129901788
7569.0,16416.0,2.479453102823899
7395.0,9788.0,1.569961340415353
7395.0,10003.0,2.872184073810808
7302.0,9585.0,2.3347440369308705
7329.0,9139.0,1.1330259122199922
7336.0,805.0,2.609206077153292
7336.0,8373.0,2.3155554048625717
7336.0,9609.0,1.036673999717503
7387.0,18950.0,1.6332078006845112
7387.0,9422.0,1.251508641669685
7387.0,19211.0,2.4737015488617535
7772.0,9956.0,1.879976653846927
7646.0,15351.0,2.3745747791152634
7654.0,402.0,2.8412885391435845
7654.0,23479.0,2.3787204477420545
8436.0,50094.0,2.2817552427453007
8436.0,11255.0,2.08960117652911
8436.0,17655.0,1.0936466018810707
8497.0,11024.0,1.3933247503763715
8385.0,7083.0,1.5553933702990492
8691.0,19830.0,1.999980227403336
8691.0,13652.0,2.237907611241976
8691.0,14247.0,1.626837819369647
8691.0,13972.0,2.4158880178487516
8725.0,8420.0,1.4047213796783726
8532.0,17057.0,2.1721738947363556
8532.0,2215.0,2.6958348764902387
8532.0,15361.0,2.9628994171177183
8690.0,11034.0,2.3825760559596008
8690.0,14540.0,1.3030236826038906
5005.0,8771.0,1.3946750839362585
2703.0,1456.0,1.5236582683276312
2703.0,17811.0,2.014858724899175
2703.0,36178.0,1.2386273198208735
2703.0,16742.0,2.725936794844383
2703.0,16920.0,1.6382621798374344
2703.0,6572.0,2.0757457195987694
2703.0,16414.0,2.3101969755941605
2703.0,17451.0,2.4380340698963234
2703.0,10301.0,1.6827839678079977
2703.0,22809.0,2.490650036732265
2703.0,26627.0,1.0158237628142792
2703.0,41562.0,2.727058026376378
2703.0,38520.0,1.1510046214463212
2703.0,27329.0,2.0292859765134876
2703.0,4320.0,1.9123993537660426
2703.0,3616.0,2.0821516615822793
2703.0,17723.0,1.4534741159818434
2703.0,4421.0,1.6785525820002938
2703.0,4796.0,1.2254575102751208
2703.0,23877.0,1.3884930238116315
2703.0,14984.0,1.2429953615922495
2703.0,18708.0,2.93138152249747
2703.0,18824.0,1.5034130194718827
2703.0,18833.0,1.3492273521099452
2703.0,22015.0,2.738515017806672
2703.0,18280.0,2.8312094060905415
2703.0,17572.0,2.011815797247531
2703.0,17610.0,1.0474538917595795
2703.0,18004.0,2.294797219457905
2703.0,18199.0,2.0277516862147102
2703.0,23731.0,2.2448783870176605
2703.0,24005.0,2.041638797611769
2703.0,24050.0,1.5531467299863204
2703.0,22862.0,1.3282688199292216
2703.0,23083.0,1.9256753243623832
2703.0,23108.0,2.772591712804648
2703.0,23216.0,2.9088371078514053
2703.0,23326.0,2.2695333070637878
2703.0,23358.0,2.1730546168171108
2703.0,17501.0,2.257408646843423
2703.0,17461.0,2.7437923573886653
2703.0,3201.0,2.08922040458466
2703.0,12513.0,1.1324413262652753
2703.0,14626.0,2.055549462583917
2703.0,15252.0,1.898459756277137
2703.0,4434.0,1.1414607357883664
2703.0,8306.0,1.299353561638037
2703.0,35364.0,1.3144845269506482
2703.0,26724.0,1.1947018464251509
2703.0,26968.0,1.279810235712761
2703.0,17881.0,1.008592926421486
2603.0,7188.0,1.3371097096658702
2603.0,9609.0,2.4719278376090417
2603.0,17054.0,1.021906557842272
2603.0,9273.0,1.1187112511464525
2603.0,10985.0,1.5603953253313725
2637.0,5719.0,2.5615735689953834
2697.0,3821.0,1.413597799090171
2995.0,3433.0,1.7904961962174872
3068.0,5691.0,2.0944999160649926
3068.0,3550.0,2.900430722811273
2974.0,4221.0,1.4263452760612634
2857.0,3348.0,1.439858902637552
2867.0,3371.0,1.0438457526881335
2893.0,3383.0,1.0712162827948937
2944.0,3433.0,1.4502165692916635
2954.0,3433.0,2.4396481914731685
2958.0,3000.0,1.716417297410227
3126.0,8146.0,2.4591644830319384
3126.0,10579.0,1.9858019880279572
3126.0,7765.0,1.9515552744791467
3126.0,8154.0,1.5248120142814463
3126.0,5337.0,2.42631283933951
3126.0,10183.0,1.9919018105419222
3126.0,3058.0,1.3884140846389288
3114.0,4845.0,2.892335447654431
3114.0,4597.0,1.9305458850554984
3114.0,3070.0,1.5118491440482151
2722.0,3150.0,2.4388439147785026
2722.0,1570.0,2.7997007383919192
2722.0,3235.0,2.354349819928693
2722.0,4087.0,2.179846841641339
2828.0,35536.0,1.3303196376116677
2828.0,48450.0,1.7426565499880033
2828.0,27634.0,2.4586225375035298
2828.0,34403.0,2.9997137936544784
2033.0,19298.0,2.063397255908667
2033.0,27394.0,2.8181342423214986
2033.0,8771.0,1.8397739791629597
2033.0,8467.0,1.3919515475134312
2033.0,9937.0,1.7189624000425392
2033.0,14299.0,1.416269993035829
2033.0,23358.0,1.0437417996589773
2033.0,10224.0,2.9210571697579804
2033.0,23306.0,2.622009811004187
2033.0,14504.0,1.5679237037963576
2027.0,5264.0,2.578439244104068
2027.0,4816.0,1.343524423976977
2027.0,19665.0,1.1396030585066264
2067.0,1056.0,2.3820813183088347
2080.0,42662.0,1.466541131844244
2087.0,3049.0,1.6579903445686683
2111.0,2507.0,1.1973037194633491
2114.0,8560.0,1.2047941376656812
2011.0,2314.0,2.6934059682569558
1993.0,16414.0,2.692501506156792
1791.0,1507.0,2.2175004257155337
1792.0,598.0,1.141072988541568
1792.0,3117.0,1.9303219478852827
1762.0,2361.0,2.429887076247872
1781.0,4828.0,2.1147084356308237
1781.0,6134.0,1.4034218963926666
1898.0,2074.0,1.2511552496889549
1941.0,1823.0,2.7507444953163764
1941.0,2456.0,2.227051480241895
1808.0,2024.0,1.5854601727301803
1835.0,2561.0,1.2108701999349956
1835.0,15809.0,2.564557327092796
2158.0,10696.0,2.6197773159595377
2158.0,3111.0,1.4063490561679906
2158.0,5421.0,2.617280951238425
2158.0,9470.0,1.4029802573346162
2158.0,10132.0,1.0658002588611728
2433.0,4709.0,1.7315034994382366
2440.0,2929.0,1.6027852644497922
2459.0,4381.0,1.465343749409626
2459.0,4551.0,1.189903777994174
2459.0,5199.0,2.7473355114501974
2459.0,2482.0,2.190721561576071
2459.0,4484.0,2.8349443503364764
2417.0,16071.0,2.7573769076716257
2382.0,5210.0,1.0525417506673063
2382.0,4989.0,1.451380523505384
2383.0,8242.0,2.125703234066319
2408.0,4245.0,1.8944992947367854
2411.0,39573.0,1.1257125586179657
2411.0,40107.0,1.555594698983873
2465.0,1915.0,1.1722916636707075
2464.0,5431.0,1.1474300235455608
2209.0,5998.0,2.1388066415748552
2224.0,6080.0,2.5592174337630786
2280.0,8067.0,1.5428364288294856
2280.0,3058.0,2.7176957636264865
2280.0,2796.0,2.408299760114184
2280.0,2886.0,1.5896966797369458
2280.0,3016.0,2.6318354697388244
2280.0,20654.0,2.9566149480784207
2280.0,25330.0,2.910582524225945
2280.0,10618.0,2.2563360749413093
2280.0,3603.0,1.8819277238077876
2280.0,9984.0,2.257634886222731
2192.0,9044.0,2.235447752179711
2177.0,3498.0,2.5687295804242263
2287.0,2799.0,1.286678730827608
2356.0,2779.0,1.8546997299785049
3943.0,14123.0,2.111272877539194
3943.0,10041.0,2.423244372435006
3943.0,6574.0,2.742557851147027
3943.0,42163.0,1.7164068743067253
3943.0,7556.0,1.207769607120613
3943.0,32400.0,2.805318290599117
3943.0,2241.0,2.046798887943583
3943.0,3665.0,1.719852058813805
3943.0,7782.0,1.306937211375047
3943.0,8197.0,2.255728702815486
3943.0,8440.0,1.378852088037687
3943.0,6996.0,1.5947010141823572
3943.0,6620.0,2.130123249293976
3943.0,20159.0,1.861880119206438
3943.0,20703.0,2.9566498992959103
3943.0,10112.0,1.7471694075994042
3943.0,12327.0,1.1188594571652775
3943.0,8107.0,2.0605482705685656
3943.0,6673.0,2.224926165476596
3943.0,4838.0,1.0052308966295054
3943.0,5951.0,2.2894070738200956
3943.0,6434.0,2.8764096746942207
4020.0,20180.0,1.4113425915133777
4020.0,6828.0,2.5705147781710775
4020.0,20753.0,1.9157116071422027
4020.0,34542.0,1.8710756816815017
4020.0,3487.0,1.5771925291167874
4020.0,9214.0,2.018996233343506
4020.0,9700.0,2.24273178874678
4047.0,3429.0,1.0402408819021296
4060.0,8912.0,1.3929676425848927
4082.0,4847.0,1.06172030172971
3926.0,3389.0,1.6918744047234413
3926.0,5523.0,1.171946415360864
3835.0,41361.0,1.7850894867808933
3835.0,50771.0,1.9584443802380223
3835.0,15278.0,1.092530733981699
3835.0,15386.0,1.7668493175710445
3835.0,38520.0,1.3286215592545847
3835.0,805.0,1.9712220570776449
3835.0,27785.0,2.358477760325936
3835.0,31751.0,2.521779515183804
3835.0,44387.0,1.801795665454718
3838.0,4886.0,1.0515935927532245
3840.0,4845.0,2.7251710569685814
4092.0,510.0,2.5907570404899634
4092.0,5722.0,2.6717000125644015
4092.0,7247.0,1.0741876883793253
4092.0,12450.0,2.173723395519632
4092.0,13604.0,2.363032156261341
4092.0,5756.0,1.4464925656560845
4092.0,4120.0,1.3611807014128499
4092.0,10919.0,1.9896282219406134
4092.0,23721.0,1.3356023977701943
4670.0,10664.0,1.8080201310716868
4795.0,18423.0,2.9861996336243815
4795.0,31325.0,2.5390520768701528
4795.0,5916.0,2.8080503054080124
4795.0,16093.0,1.2297369058386947
4795.0,17497.0,1.4028957841150143
4795.0,18137.0,2.2927870224883806
4566.0,14886.0,1.5904373259896945
4566.0,15402.0,2.388334133580189
4566.0,5871.0,1.3125569314335102
4573.0,5865.0,1.8877185235261622
4616.0,6029.0,2.6903785332278476
4859.0,6264.0,2.093506483499249
4873.0,6272.0,1.3667663296852512
4887.0,16672.0,2.587930575897913
4889.0,6297.0,1.033315031028883
4903.0,4765.0,1.6887973463246189
4910.0,8535.0,1.2952571805889241
4910.0,8442.0,1.8923354111275834
4930.0,6363.0,2.670390584163414
4855.0,8380.0,1.9174808135138952
4527.0,5465.0,2.3557528582290397
4146.0,17209.0,2.2329803050833936
4146.0,22329.0,2.641229596765309
4199.0,5426.0,1.1009526437205002
4226.0,5461.0,1.6217219030517838
4263.0,5499.0,1.7179501074333319
4278.0,5861.0,1.6843044041678183
4278.0,5504.0,2.1431201362618015
4129.0,5413.0,1.5556197594109993
4301.0,23889.0,2.6950497425757627
3451.0,37851.0,1.3254711962100363
3451.0,5920.0,1.3527941639043393
3451.0,16401.0,2.559327764016894
3451.0,8437.0,2.547215964576097
3458.0,35888.0,2.5256427403081005
3458.0,34482.0,2.367104368986308
3337.0,4263.0,1.7501421966109192
3343.0,13584.0,1.5778741044093403
3398.0,52110.0,1.0314586191659085
3575.0,41685.0,1.5624724126816565
3575.0,42787.0,2.0798055139590854
3606.0,3122.0,1.1042206857557195
3606.0,9267.0,2.8482031162680226
3480.0,8316.0,1.2556950714108068
3499.0,4105.0,2.0957130616012267
3508.0,5300.0,2.9486781852456216
3178.0,44883.0,1.8421117916127527
3178.0,49844.0,1.7262036518113955
3178.0,40562.0,2.1375699853900842
3178.0,50647.0,1.4035347088658114
3178.0,41191.0,2.37959875999469
3178.0,43096.0,2.6315827292167087
3178.0,44331.0,1.5694114684459877
3178.0,44925.0,2.4410456103611473
3181.0,3637.0,1.1238268502658717
3194.0,4265.0,2.7419457895523784
3194.0,3235.0,1.7660430837860863
3194.0,3831.0,2.4510415437198594
3206.0,3777.0,1.6344334976954713
3211.0,6905.0,2.084782024069293
3312.0,2560.0,1.0045957728882402
3312.0,1091.0,2.1103510570654436
3312.0,4037.0,1.2541164028094025
3252.0,1955.0,2.5704034160805835
3288.0,3074.0,2.1560324646549054
3790.0,15791.0,2.1231130798772733
3790.0,4501.0,1.9161727715749328
3790.0,22002.0,1.95913722988602
3790.0,9971.0,2.128083574501242
3790.0,30094.0,2.5183191517281913
3790.0,8635.0,2.969977164721858
3790.0,7680.0,1.63492442522033
3790.0,17572.0,1.380228357743566
3790.0,9278.0,1.9506919060437533
3790.0,5226.0,2.8967736018031576
3790.0,10183.0,1.0660005679458835
3790.0,5622.0,2.5129811365274595
3790.0,14856.0,2.023270954627034
3790.0,10587.0,1.8760476478989165
3790.0,22579.0,1.0618506713830533
3790.0,26876.0,2.9278809770354624
3790.0,4753.0,2.034843464331333
3790.0,5274.0,2.5631357246109747
3790.0,7797.0,1.9766460330634088
3790.0,6353.0,1.8612244869657903
3668.0,20304.0,1.7526223199404791
3789.0,4740.0,2.151618524124448
3677.0,45431.0,1.862885445883463
3704.0,7670.0,2.7137214692762677
3727.0,4681.0,1.8203404528815053
3768.0,3360.0,2.8194366822999894
3776.0,965.0,1.2449807932689736
10939.0,1244.0,1.5298952467784488
26157.0,27352.0,1.234195028196143
